3,1,2,4,5,2,1,3,0,0,0,0,0,0,0,0,14,14,14,14,14,14,14,14,14,14,14,14,14,14,14,14,14,14,14,14,14,14,14,14,14,14,14,14,14,14,14,14,8,8,8,8,8,8,8,8,11,9,10,12,13,10,9,11,1,1,1,1,-1,
0,1,57,0.0501002,0,1,58,0.0501002,0,6,57,0.0501002,0,6,58,0.0501002,1,0,0,0.0501002,1,0,1,0.0501002,1,1,0,0.0501002,1,1,1,0.0501002,1,2,0,0.0501002,1,2,1,0.0501002,1,3,0,0.0501002,1,3,1,0.0501002,1,4,0,0.0501002,1,4,1,0.0480961,1,5,0,0.0501002,1,5,1,0.0501002,1,6,0,0.0501002,1,6,1,0.0501002,1,7,0,0.0501002,1,7,1,0.0501002,
d2d4
WHITE
3,1,2,5,4,2,1,3,0,0,0,0,0,0,0,0,14,14,14,14,14,14,14,14,14,14,14,14,14,14,14,14,14,14,14,14,8,14,14,14,14,14,14,14,14,14,14,14,8,8,8,8,14,8,8,8,11,9,10,13,12,10,9,11,1,1,1,1,44,
0,1,57,0.0501002,0,1,58,0.0501002,0,6,57,0.0501002,0,6,58,0.0501002,1,0,0,0.0501002,1,0,1,0.0501002,1,1,0,0.0501002,1,1,1,0.0501002,1,2,0,0.0501002,1,2,1,0.0501002,1,3,0,0.0501002,1,3,1,0.0501002,1,4,0,0.0501002,1,4,1,0.0480961,1,5,0,0.0501002,1,5,1,0.0501002,1,6,0,0.0501002,1,6,1,0.0501002,1,7,0,0.0501002,1,7,1,0.0501002,
e7e5
BLACK
3,1,2,4,5,2,1,3,0,0,0,14,0,0,0,0,14,14,14,14,14,14,14,14,14,14,14,0,14,14,14,14,14,14,14,14,8,14,14,14,14,14,14,14,14,14,14,14,8,8,8,8,14,8,8,8,11,9,10,12,13,10,9,11,1,1,1,1,44,
0,1,56,0.0340682,0,1,57,0.0340681,0,1,58,0.0340682,0,2,7,0.0340681,0,2,8,0.0360721,0,2,9,0.0360722,0,2,10,0.0340682,0,2,11,0.0340681,0,3,0,0.0340681,0,3,1,0.0340681,0,4,49,0.0340681,0,6,57,0.0340681,0,6,58,0.0340681,1,0,0,0.0360721,1,0,1,0.0340682,1,1,0,0.0360721,1,1,1,0.0340681,1,2,0,0.0340682,1,2,1,0.0360722,1,4,0,0.0340682,1,4,1,0.0340681,1,5,0,0.0340682,1,5,1,0.0340681,1,6,0,0.0340682,1,6,1,0.0340681,1,7,0,0.0340681,1,7,1,0.0340681,3,3,0,0.0340682,3,3,7,0.0360722,
b1a3
WHITE
3,1,2,5,4,2,1,3,0,0,0,14,0,0,0,0,14,14,14,14,14,14,14,14,14,14,14,0,14,14,14,14,14,14,14,14,8,14,14,14,14,14,14,14,14,14,14,9,8,8,8,8,14,8,8,8,11,9,10,13,12,10,14,11,1,1,1,1,-1,
0,1,56,0.0320641,0,1,57,0.0320641,0,1,58,0.0320641,0,2,7,0.0320641,0,2,8,0.0340681,0,2,9,0.0340681,0,2,10,0.0320641,0,2,11,0.0320641,0,3,0,0.0320641,0,4,49,0.0320641,0,4,50,0.0320641,0,4,51,0.0320641,0,4,52,0.0320641,0,6,57,0.0320641,0,6,58,0.0320641,1,0,0,0.0320641,1,0,1,0.0320641,1,1,0,0.0320641,1,1,1,0.0320641,1,2,0,0.0320641,1,2,1,0.0320641,1,4,0,0.0320641,1,4,1,0.0320641,1,5,0,0.0320641,1,5,1,0.0320641,1,6,0,0.0320641,1,6,1,0.0320641,1,7,0,0.0320641,1,7,1,0.0320641,3,3,0,0.0320641,3,3,7,0.0340681,
c7c5
BLACK
3,14,2,4,5,2,1,3,0,0,0,14,0,0,0,0,1,14,14,14,14,14,14,14,14,14,14,0,14,14,14,14,14,14,8,14,8,14,14,14,14,14,14,14,14,14,14,14,8,8,14,8,14,8,8,8,11,9,10,12,13,10,9,11,1,1,1,1,42,
0,0,14,0.0340681,0,2,7,0.0340681,0,2,8,0.0360721,0,2,9,0.0360722,0,2,10,0.0340682,0,2,11,0.0340682,0,3,0,0.0340681,0,3,1,0.0340681,0,4,49,0.0340681,0,6,57,0.0340681,0,6,58,0.0340681,1,1,0,0.0340682,1,1,1,0.0340682,1,2,0,0.0340682,1,2,1,0.0360721,1,4,0,0.0340682,1,4,1,0.0340681,1,5,0,0.0340681,1,5,1,0.0340681,1,6,0,0.0340682,1,6,1,0.0340681,1,7,0,0.0340681,1,7,1,0.0340681,2,0,56,0.0340681,2,0,57,0.0360722,2,0,62,0.0360722,3,3,0,0.0340682,3,3,7,0.0360721,3,3,49,0.0340682,
a1b1
WHITE
3,1,2,5,4,2,1,3,0,0,0,14,0,14,0,0,14,14,14,14,14,14,14,14,14,14,14,0,14,0,14,14,14,14,14,14,8,14,14,14,14,14,14,14,14,14,14,9,8,8,8,8,14,8,8,8,11,9,10,13,12,10,11,14,1,1,1,0,-1,
0,1,56,0.0320641,0,1,57,0.0320641,0,1,58,0.0320641,0,2,7,0.0320641,0,2,8,0.0320641,0,3,0,0.0320641,0,4,7,0.0320641,0,4,8,0.0320641,0,4,9,0.0340681,0,4,49,0.0320641,0,4,50,0.0320641,0,4,51,0.0320641,0,4,52,0.0320641,0,6,57,0.0320641,0,6,58,0.0320641,1,0,0,0.0320641,1,0,1,0.0320641,1,1,0,0.0320641,1,1,1,0.0320641,1,2,0,0.0320641,1,2,1,0.0320641,1,4,0,0.0320641,1,4,1,0.0320641,1,6,0,0.0320641,1,6,1,0.0320641,1,7,0,0.0320641,1,7,1,0.0320641,3,3,0,0.0320641,3,3,7,0.0340681,3,5,0,0.0340681,3,5,49,0.0320641,
f7f6
BLACK
14,3,2,4,5,2,1,3,0,0,0,14,0,0,0,0,1,14,14,14,14,14,14,14,14,14,14,0,14,14,14,14,14,14,8,14,8,14,14,14,14,14,14,14,14,8,14,14,8,8,14,8,14,14,8,8,11,9,10,12,13,10,9,11,1,0,1,1,-1,
0,1,42,0.0360722,0,2,7,0.0340681,0,2,8,0.0360721,0,2,9,0.0360721,0,2,10,0.0360721,0,2,11,0.0360721,0,3,0,0.0360721,0,3,1,0.0340681,0,4,49,0.0360721,0,6,57,0.0360721,0,6,58,0.0360722,1,1,0,0.0360721,1,1,1,0.0360722,1,2,0,0.0360721,1,2,1,0.0360721,1,4,0,0.0360722,1,4,1,0.0340681,1,5,0,0.0360721,1,5,1,0.0340682,1,6,0,0.0360721,1,6,1,0.0360722,1,7,0,0.0360721,1,7,1,0.0360721,2,0,56,0.0360722,2,0,57,0.0360721,3,3,0,0.0340681,3,3,7,0.0360721,3,3,49,0.0360722,
e2e4
WHITE
3,1,2,5,4,2,1,3,0,0,14,14,0,14,0,0,14,14,0,14,14,14,14,14,14,14,14,0,14,0,14,14,14,14,14,8,8,14,14,14,14,14,14,14,14,14,14,9,8,8,8,14,14,8,8,8,11,9,10,13,12,10,11,14,1,1,1,0,43,
0,1,56,0.0380762,0,1,58,0.0380762,0,2,7,0.0380761,0,2,8,0.0400802,0,3,0,0.0380762,0,3,49,0.0380762,0,4,7,0.0380761,0,4,8,0.0380761,0,4,9,0.0400802,0,4,49,0.0380762,0,6,57,0.0380761,0,6,58,0.0380762,1,0,0,0.0400802,1,0,1,0.0380762,1,1,0,0.0380762,1,1,1,0.0380761,1,4,0,0.0380761,1,4,1,0.0380762,1,6,0,0.0380762,1,6,1,0.0380762,1,7,0,0.0380762,1,7,1,0.0380761,2,2,0,0.0380762,3,3,7,0.0400802,3,5,0,0.0400802,3,5,49,0.0380762,
h7h6
BLACK
14,3,2,4,5,2,1,3,0,0,0,14,14,0,0,0,1,14,14,14,14,14,14,14,14,14,14,0,0,14,14,14,14,14,8,14,8,14,14,14,14,14,14,14,14,8,14,8,8,8,14,8,14,14,8,14,11,9,10,12,13,10,9,11,1,0,1,1,-1,
0,1,42,0.0260521,0,2,7,0.0260521,0,2,8,0.0280561,0,2,9,0.0280561,0,2,10,0.0260521,0,2,11,0.0280561,0,3,0,0.0260521,0,3,1,0.0260521,0,3,7,0.0280561,0,3,8,0.0280561,0,3,9,0.0280561,0,3,10,0.0280561,0,4,0,0.0280561,0,4,49,0.0260521,0,5,49,0.0260521,0,5,50,0.0260521,0,5,51,0.0280561,0,5,52,0.0280561,0,5,53,0.0280561,0,6,57,0.0260521,0,6,58,0.0260521,0,6,59,0.0280561,1,1,0,0.0280561,1,1,1,0.0260521,1,2,0,0.0260521,1,2,1,0.0280561,1,5,0,0.0260521,1,5,1,0.0260521,1,6,0,0.0280561,1,6,1,0.0280561,1,7,0,0.0260521,1,7,1,0.0260521,2,0,56,0.0260521,2,0,57,0.0280561,3,3,0,0.0260521,3,3,7,0.0280561,3,3,49,0.0260521,
e1d2
WHITE
3,1,2,5,4,2,1,3,14,0,14,14,0,14,0,0,0,14,0,14,14,14,14,14,14,14,14,0,14,0,14,14,14,14,14,8,8,14,14,14,14,14,14,14,14,14,14,9,8,8,8,14,13,8,8,8,11,9,10,14,12,10,11,14,1,1,0,0,-1,
0,0,0,0.0400801,0,1,56,0.0400801,0,2,7,0.0380762,0,2,8,0.0400801,0,3,0,0.0400802,0,3,49,0.0400801,0,4,7,0.0400802,0,4,8,0.0400801,0,4,9,0.0400802,0,4,49,0.0400802,0,6,57,0.0400802,0,6,58,0.0400802,1,1,0,0.0400802,1,1,1,0.0400802,1,4,0,0.0400802,1,4,1,0.0400801,1,6,0,0.0400802,1,6,1,0.0400801,1,7,0,0.0400802,1,7,1,0.0400801,2,0,0,0.0400802,2,2,0,0.0400802,3,3,7,0.0400802,3,5,0,0.0400802,3,5,49,0.0400802,
d8c7
BLACK
14,3,2,4,14,2,1,3,0,0,0,5,14,0,0,0,1,14,14,14,14,14,14,14,14,14,14,0,0,14,14,14,14,14,8,14,8,14,14,14,14,14,14,14,14,8,14,8,8,8,12,8,14,14,8,14,11,9,10,14,13,10,9,11,0,0,1,1,-1,
0,1,42,0.0280561,0,3,7,0.0300601,0,3,8,0.0300601,0,3,9,0.0300601,0,3,10,0.0300601,0,3,14,0.0300601,0,5,49,0.0280561,0,5,50,0.0300601,0,5,51,0.0300601,0,5,52,0.0300601,0,5,53,0.0300601,0,6,57,0.0280561,0,6,58,0.0300601,0,6,59,0.0300601,1,1,0,0.0300601,1,1,1,0.0300601,1,2,0,0.0300601,1,2,1,0.0300601,1,3,0,0.0300601,1,3,7,0.0280561,1,3,14,0.0300601,1,3,21,0.0280561,1,3,49,0.0300601,1,5,0,0.0280561,1,5,1,0.0280561,1,6,0,0.0300601,1,6,1,0.0300601,1,7,0,0.0280561,1,7,1,0.0280561,2,0,56,0.0300601,2,0,57,0.0300601,3,3,0,0.0280561,3,3,7,0.0300601,3,3,49,0.0280561,
g1f3
WHITE
3,1,2,5,14,2,1,3,14,0,14,14,0,4,0,0,0,14,0,14,14,14,14,14,14,14,14,0,14,0,14,14,14,14,14,8,8,14,14,14,14,14,9,14,14,14,14,9,8,8,8,14,13,8,8,8,11,14,10,14,12,10,11,14,1,1,0,0,-1,
0,0,0,0.0380761,0,1,56,0.0380762,0,2,7,0.0360721,0,2,8,0.0380761,0,3,0,0.0360721,0,3,14,0.0380761,0,3,49,0.0360722,0,6,57,0.0360721,0,6,58,0.0360721,1,1,0,0.0380761,1,1,1,0.0360722,1,4,0,0.0380761,1,4,1,0.0360721,1,5,0,0.0360721,1,5,7,0.0360721,1,5,8,0.0380761,1,5,35,0.0380762,1,5,49,0.0360721,1,6,0,0.0380762,1,6,1,0.0380761,1,7,0,0.0360721,1,7,1,0.0360722,2,0,0,0.0380762,2,2,0,0.0360721,3,3,7,0.0380761,3,5,0,0.0380761,3,5,49,0.0360722,
a7a6
BLACK
14,3,2,4,14,2,14,3,0,0,0,5,14,0,0,0,1,14,14,14,14,1,14,14,14,14,14,0,0,14,14,14,14,14,8,14,8,14,14,14,8,14,14,14,14,8,14,8,14,8,12,8,14,14,8,14,11,9,10,14,13,10,9,11,0,0,1,1,-1,
0,1,42,0.0300601,0,3,7,0.0320641,0,3,14,0.0320641,0,5,49,0.0300601,0,5,50,0.0300601,0,5,51,0.0320641,0,5,52,0.0320641,0,5,53,0.0320641,0,7,42,0.0300601,1,1,0,0.0320641,1,1,1,0.0320641,1,2,0,0.0300601,1,2,1,0.0320642,1,3,0,0.0320641,1,3,7,0.0300601,1,3,14,0.0320641,1,3,21,0.0300601,1,3,49,0.0320641,1,6,0,0.0320641,1,6,1,0.0320642,1,7,0,0.0300601,1,7,1,0.0300601,2,0,56,0.0320641,2,0,57,0.0320641,2,5,56,0.0320641,2,5,57,0.0300601,2,5,58,0.0320641,2,5,61,0.0320642,2,5,62,0.0300601,3,3,0,0.0300601,3,3,7,0.0320641,3,3,49,0.0300601,
c2c4
WHITE
3,1,2,5,14,2,1,3,14,0,14,14,0,4,0,14,0,14,0,14,14,14,14,0,14,14,14,0,14,0,14,14,14,14,14,8,8,8,14,14,14,14,9,14,14,14,14,9,8,8,8,14,13,14,8,8,11,14,10,14,12,10,11,14,1,1,0,0,45,
0,0,0,0.0400801,0,1,56,0.0400802,0,2,7,0.0380762,0,2,8,0.0400802,0,3,0,0.0400802,0,3,14,0.0400801,0,3,49,0.0400801,0,6,58,0.0400801,0,7,0,0.0400802,1,1,0,0.0400802,1,1,1,0.0400802,1,4,0,0.0400801,1,4,1,0.0400802,1,5,0,0.0400802,1,5,7,0.0400801,1,5,8,0.0400801,1,5,35,0.0400801,1,5,49,0.0400802,1,6,0,0.0400802,1,6,1,0.0400802,2,0,0,0.0400802,2,2,0,0.0400802,2,7,0,0.0400802,3,3,7,0.0400802,3,5,49,0.0400802,
c7d8
BLACK
14,3,2,4,14,2,14,3,0,0,14,5,14,0,0,0,1,14,14,14,14,1,14,14,14,14,0,0,0,14,14,14,14,14,8,14,8,14,14,14,8,14,14,14,14,8,14,8,14,8,14,8,14,14,8,14,11,9,10,12,13,10,9,11,0,0,1,1,-1,
0,1,42,0.0320641,0,3,7,0.0320641,0,3,14,0.0320641,0,3,49,0.0320641,0,3,50,0.0320641,0,3,51,0.0320641,0,5,49,0.0320641,0,5,50,0.0320641,0,7,42,0.0320641,1,1,0,0.0320641,1,1,1,0.0320641,1,3,0,0.0320641,1,3,7,0.0320641,1,3,14,0.0320641,1,3,21,0.0320641,1,3,42,0.0320641,1,3,49,0.0320641,1,6,0,0.0320641,1,6,1,0.0320641,1,7,0,0.0320641,1,7,1,0.0320641,2,0,57,0.0340681,2,0,63,0.0320641,2,5,56,0.0320641,2,5,57,0.0320641,2,5,58,0.0320641,2,5,61,0.0340681,2,5,62,0.0320641,3,3,0,0.0320641,3,3,7,0.0340681,3,3,49,0.0320641,
a3c2
WHITE
3,1,2,5,4,2,1,3,14,0,14,14,0,14,0,14,0,14,0,14,14,14,14,0,14,14,14,0,14,0,14,14,14,14,14,8,8,8,14,14,14,14,9,14,14,14,14,14,8,8,8,14,13,9,8,8,11,14,10,14,12,10,11,14,1,1,0,0,-1,
0,0,0,0.0440882,0,1,56,0.0440882,0,2,7,0.0420842,0,2,8,0.0440882,0,3,0,0.0440882,0,3,49,0.0420842,0,4,7,0.0440882,0,4,8,0.0440882,0,4,9,0.0440882,0,4,49,0.0420842,0,6,58,0.0420842,0,7,0,0.0440882,1,1,0,0.0440882,1,1,1,0.0440882,1,4,0,0.0440882,1,4,1,0.0420842,1,6,0,0.0440882,1,6,1,0.0440882,2,0,0,0.0440882,2,2,0,0.0420842,2,7,0,0.0440882,3,3,7,0.0440882,3,5,49,0.0420842,
f8d6
BLACK
14,3,2,4,14,2,14,3,0,0,1,5,14,0,0,0,14,14,14,14,14,1,14,14,14,14,0,0,0,14,14,14,14,14,8,14,8,14,14,14,8,14,14,10,14,8,14,8,14,8,14,8,14,14,8,14,11,9,10,12,13,14,9,11,0,0,1,1,-1,
0,1,42,0.0300601,0,3,7,0.0320641,0,3,14,0.0320641,0,5,49,0.0300601,0,5,50,0.0300601,0,7,42,0.0300601,1,0,0,0.0320642,1,0,1,0.0300601,1,1,0,0.0320641,1,1,1,0.0320641,1,2,56,0.0320641,1,2,58,0.0320641,1,2,59,0.0320641,1,2,60,0.0320641,1,2,63,0.0320641,1,3,0,0.0320641,1,3,7,0.0300601,1,3,14,0.0320641,1,3,21,0.0300601,1,3,49,0.0320641,1,6,0,0.0320641,1,6,1,0.0320642,1,7,0,0.0300601,1,7,1,0.0300601,2,5,56,0.0320641,2,5,57,0.0300601,2,5,58,0.0320641,2,5,61,0.0320642,2,5,62,0.0300601,3,3,0,0.0300601,3,3,7,0.0320641,3,3,49,0.0300601,
g2g4
WHITE
3,1,14,5,4,2,1,3,14,0,14,14,0,14,0,14,0,14,0,14,2,14,14,0,14,14,14,0,14,0,14,14,14,8,14,8,8,8,14,14,14,14,9,14,14,14,14,14,8,14,8,14,13,9,8,8,11,14,10,14,12,10,11,14,1,1,0,0,41,
0,0,0,0.0440882,0,1,56,0.0440882,0,3,0,0.0440882,0,3,42,0.0440882,0,3,49,0.0420842,0,4,7,0.0440882,0,4,8,0.0440882,0,4,9,0.0440882,0,4,49,0.0420842,0,6,58,0.0440882,0,7,0,0.0440882,1,1,0,0.0440882,1,1,1,0.0440882,1,6,0,0.0440882,1,6,1,0.0440882,2,0,0,0.0440882,2,2,0,0.0420842,2,4,21,0.0420842,2,4,35,0.0420842,2,4,36,0.0420842,2,7,0,0.0440882,3,3,7,0.0440882,3,5,49,0.0420842,
g7g6
BLACK
14,3,2,4,14,2,14,3,0,0,1,5,14,0,14,0,14,14,14,14,14,1,14,14,14,14,0,0,0,14,0,14,14,14,8,14,8,14,14,14,8,14,14,10,14,8,8,8,14,8,14,8,14,14,14,14,11,9,10,12,13,14,9,11,0,0,1,1,-1,
0,1,42,0.0300601,0,3,7,0.0300601,0,3,14,0.0300601,0,5,7,0.0300601,0,5,8,0.0300601,0,5,49,0.0300601,0,5,50,0.0300601,0,7,42,0.0300601,1,0,0,0.0300601,1,0,1,0.0300601,1,1,0,0.0300601,1,1,1,0.0300601,1,2,56,0.0300601,1,2,58,0.0300601,1,2,59,0.0300601,1,2,60,0.0320641,1,2,63,0.0320641,1,3,0,0.0300601,1,3,7,0.0300601,1,3,14,0.0300601,1,3,21,0.0300601,1,3,49,0.0300601,1,7,0,0.0300601,1,7,1,0.0300601,2,5,56,0.0300601,2,5,57,0.0300601,2,5,58,0.0300601,2,5,61,0.0320642,2,5,62,0.0300601,3,3,0,0.0300601,3,3,7,0.0320641,3,3,49,0.0300601,3,6,0,0.0300601,
f3g1
WHITE
3,1,14,5,4,2,1,3,14,14,14,14,0,14,0,14,0,0,0,14,2,14,14,0,14,14,14,0,14,0,14,14,14,8,14,8,8,8,14,14,14,14,14,14,14,14,14,14,8,14,8,14,13,9,8,8,11,9,10,14,12,10,11,14,1,1,0,0,-1,
0,0,0,0.0460922,0,1,56,0.0460922,0,3,0,0.0460922,0,3,42,0.0460922,0,3,49,0.0440882,0,4,7,0.0460922,0,4,8,0.0460922,0,4,9,0.0460922,0,4,49,0.0440882,0,6,58,0.0460922,0,7,0,0.0460922,1,6,0,0.0460922,1,6,1,0.0460922,2,0,0,0.0460922,2,1,0,0.0440882,2,2,0,0.0440882,2,4,21,0.0440882,2,4,35,0.0440881,2,4,36,0.0460922,2,7,0,0.0460922,3,3,7,0.0460922,3,5,49,0.0440882,
d8b6
BLACK
14,3,2,4,14,2,1,3,0,0,1,5,14,0,14,0,14,14,14,14,14,14,14,14,14,14,0,0,0,14,0,14,14,14,8,14,8,14,14,14,8,12,14,10,14,8,8,8,14,8,14,8,14,14,14,14,11,9,10,14,13,14,9,11,0,0,1,1,-1,
0,1,42,0.0300601,0,3,7,0.0300601,0,3,8,0.0300601,0,3,14,0.0300601,0,5,7,0.0300601,0,5,8,0.0300601,0,5,49,0.0300601,0,5,50,0.0300601,0,6,57,0.0300601,0,6,58,0.0300601,0,6,59,0.0320641,1,0,0,0.0300601,1,0,1,0.0300601,1,1,0,0.0300601,1,1,1,0.0300601,1,2,56,0.0300601,1,2,58,0.0300601,1,2,59,0.0300601,1,2,60,0.0320642,1,2,63,0.0320641,1,3,0,0.0300601,1,3,7,0.0300601,1,3,14,0.0300601,1,3,21,0.0300601,1,3,49,0.0300601,1,5,0,0.0300601,1,5,1,0.0300601,1,7,0,0.0300601,1,7,1,0.0300601,3,3,0,0.0300601,3,3,7,0.0320641,3,3,49,0.0300601,3,6,0,0.0300601,
f2f4
WHITE
3,1,14,5,14,2,1,3,14,14,14,14,0,14,0,14,0,0,0,14,2,14,4,0,14,14,14,0,14,0,14,14,14,8,8,8,8,8,14,14,14,14,14,14,14,14,14,14,8,14,14,14,13,9,8,8,11,9,10,14,12,10,11,14,1,1,0,0,42,
0,0,0,0.0380761,0,1,56,0.0380761,0,3,0,0.0380762,0,3,14,0.0380761,0,3,42,0.0380761,0,3,49,0.0360721,0,6,58,0.0360721,0,7,0,0.0380761,2,0,0,0.0380762,2,1,0,0.0360721,2,2,0,0.0360722,2,4,21,0.0360722,2,4,35,0.0360721,2,4,36,0.0360722,2,6,0,0.0380761,2,6,1,0.0360721,2,6,2,0.0380761,2,6,3,0.0380761,2,6,7,0.0360721,2,6,21,0.0360721,2,6,35,0.0360721,2,6,36,0.0360722,2,6,42,0.0380762,2,7,0,0.0380761,3,3,7,0.0380762,3,3,49,0.0360721,3,5,49,0.0360721,
g6g5
BLACK
14,3,2,4,14,2,1,3,0,0,1,5,14,14,14,0,14,14,14,14,14,14,14,14,14,14,0,0,0,0,0,14,14,14,8,14,8,14,8,14,8,12,14,10,14,8,14,8,14,8,14,8,14,14,14,14,11,9,10,14,13,14,9,11,0,0,1,1,-1,
0,1,42,0.0300601,0,3,7,0.0300601,0,3,8,0.0300601,0,3,14,0.0300601,0,5,7,0.0300601,0,5,8,0.0300601,0,5,49,0.0300601,0,5,50,0.0300601,0,6,57,0.0300601,0,6,58,0.0300601,0,6,59,0.0320641,1,0,0,0.0300601,1,0,1,0.0300601,1,1,0,0.0300601,1,1,1,0.0300601,1,2,56,0.0300601,1,2,58,0.0300601,1,2,59,0.0300601,1,2,60,0.0320642,1,2,63,0.0320641,1,3,0,0.0300601,1,3,7,0.0300601,1,3,14,0.0300601,1,3,21,0.0300601,1,3,49,0.0300601,1,7,0,0.0300601,1,7,1,0.0300601,3,3,0,0.0300601,3,3,7,0.0320641,3,3,49,0.0300601,3,5,0,0.0300601,3,5,7,0.0300601,3,5,49,0.0300601,
f1h3
WHITE
3,1,14,5,14,2,1,3,14,14,14,14,0,14,0,14,0,14,0,14,2,14,4,0,14,0,14,0,14,0,14,14,14,8,8,8,8,8,14,14,10,14,14,14,14,14,14,14,8,14,14,14,13,9,8,8,11,9,14,14,12,10,11,14,1,1,0,0,-1,
0,0,0,0.0380761,0,1,56,0.0380762,0,3,0,0.0360722,0,3,14,0.0380761,0,3,42,0.0380761,0,3,49,0.0360721,0,6,58,0.0360721,0,7,0,0.0380761,2,0,0,0.0380761,2,2,0,0.0360721,2,4,21,0.0360722,2,4,35,0.0360721,2,4,36,0.0360721,2,6,0,0.0380762,2,6,1,0.0360722,2,6,2,0.0380761,2,6,3,0.0380761,2,6,7,0.0360721,2,6,21,0.0360722,2,6,35,0.0360721,2,6,36,0.0360721,2,6,42,0.0380761,2,7,0,0.0380761,3,1,7,0.0380762,3,3,7,0.0380762,3,3,49,0.0360721,3,5,49,0.0360721,
g5f4 (capture)
BLACK
14,3,2,4,14,14,1,3,0,0,1,5,14,14,14,0,14,14,14,14,14,14,14,2,14,14,0,0,0,8,0,14,14,14,8,14,8,14,14,14,8,12,14,10,14,8,14,8,14,8,14,8,14,14,14,14,11,9,10,14,13,14,9,11,0,0,1,1,-1,
0,1,42,0.0380762,0,3,7,0.0380761,0,3,8,0.0400802,0,3,14,0.0380762,0,3,15,0.0380762,0,6,58,0.0380762,0,6,59,0.0400802,1,0,0,0.0380762,1,0,1,0.0380762,1,1,0,0.0380761,1,1,1,0.0380761,1,2,56,0.0380762,1,2,58,0.0380761,1,2,59,0.0380762,1,2,60,0.0400802,1,2,63,0.0400802,1,3,0,0.0380762,1,3,14,0.0380762,1,3,21,0.0380762,1,3,49,0.0380762,2,7,35,0.0380762,2,7,36,0.0380761,3,3,0,0.0380761,3,3,7,0.0400802,3,3,49,0.0380762,3,6,0,0.0380761,
b2b3
WHITE
3,1,14,5,14,2,1,3,14,14,14,14,0,14,0,14,0,14,0,14,2,14,4,0,14,14,14,0,14,0,14,14,14,8,0,8,8,8,14,14,10,14,14,14,14,14,8,14,8,14,14,14,13,9,14,8,11,9,14,14,12,10,11,14,1,1,0,0,-1,
0,0,0,0.0400801,0,1,56,0.0400802,0,3,0,0.0400801,0,3,14,0.0400801,0,3,42,0.0400802,0,3,49,0.0400802,0,6,58,0.0400802,0,7,0,0.0400802,2,0,0,0.0400802,2,2,0,0.0400801,2,4,21,0.0400802,2,4,35,0.0400801,2,4,36,0.0400801,2,6,0,0.0400801,2,6,1,0.0400802,2,6,2,0.0400802,2,6,7,0.0400802,2,6,21,0.0400802,2,6,35,0.0380762,2,6,36,0.0400801,2,6,42,0.0400802,2,7,0,0.0400802,3,3,7,0.0400802,3,5,49,0.0400802,4,2,0,0.0400802,
f4f3
BLACK
14,3,2,4,14,14,1,3,0,14,1,5,14,14,14,0,14,0,14,14,14,8,14,2,14,14,0,0,0,14,0,14,14,14,8,14,8,14,14,14,8,12,14,10,14,8,14,8,14,8,14,8,14,14,14,14,11,9,10,14,13,14,9,11,0,0,1,1,-1,
0,1,0,0.0340681,0,1,42,0.0360722,0,2,49,0.0360722,0,2,50,0.0360721,0,3,7,0.0360721,0,3,8,0.0360721,0,3,14,0.0360721,0,3,15,0.0360721,0,6,58,0.0360721,0,6,59,0.0360721,1,0,0,0.0360722,1,0,1,0.0360722,1,2,56,0.0360721,1,2,58,0.0360721,1,2,59,0.0360721,1,2,60,0.0360721,1,2,63,0.0360721,1,3,0,0.0360721,1,3,7,0.0360721,1,3,21,0.0340682,1,3,49,0.0360722,2,1,0,0.0340681,2,7,35,0.0360722,2,7,36,0.0360722,3,3,0,0.0340681,3,3,7,0.0360721,3,3,49,0.0340681,3,6,0,0.0360721,
h3f1
WHITE
3,1,14,5,14,2,1,3,14,14,14,14,0,14,0,14,0,14,0,14,2,14,4,0,14,14,14,0,14,0,14,14,14,8,14,8,8,8,14,14,14,14,0,14,14,14,8,14,8,14,14,14,13,9,14,8,11,9,10,14,12,10,11,14,1,1,0,0,-1,
0,0,0,0.0400801,0,1,56,0.0400801,0,3,0,0.0400801,0,3,14,0.0400802,0,3,42,0.0400802,0,3,49,0.0400802,0,6,58,0.0400802,0,7,0,0.0400802,2,0,0,0.0400802,2,2,0,0.0400801,2,4,21,0.0400802,2,4,35,0.0400801,2,4,36,0.0400801,2,6,0,0.0400801,2,6,1,0.0400802,2,6,2,0.0400802,2,6,7,0.0400802,2,6,21,0.0400802,2,6,35,0.0380762,2,6,36,0.0400802,2,6,42,0.0400802,2,7,0,0.0400802,3,3,7,0.0400802,3,5,49,0.0400802,5,2,0,0.0400801,
d6e7
BLACK
14,3,2,4,14,2,1,3,0,14,1,5,14,14,14,0,14,0,14,14,14,8,14,14,14,14,0,0,0,14,0,14,14,14,8,14,8,14,14,14,8,12,14,14,14,8,14,8,14,8,14,8,10,14,14,14,11,9,10,14,13,14,9,11,0,0,1,1,-1,
0,1,0,0.0300601,0,1,42,0.0300601,0,2,49,0.0320642,0,2,50,0.0320641,0,3,7,0.0320641,0,3,8,0.0320641,0,3,14,0.0320641,0,5,7,0.0320641,0,5,8,0.0300601,0,5,49,0.0300601,0,5,50,0.0320641,0,6,57,0.0300601,0,6,58,0.0320641,0,6,59,0.0320641,1,0,0,0.0320641,1,0,1,0.0320641,1,2,56,0.0320641,1,2,58,0.0320641,1,2,59,0.0320641,1,2,60,0.0320642,1,2,63,0.0320641,1,3,0,0.0320642,1,3,7,0.0300601,1,3,21,0.0300601,1,3,49,0.0320641,1,7,0,0.0300601,1,7,1,0.0300601,2,1,0,0.0300601,3,3,0,0.0300601,3,3,7,0.0320641,3,3,49,0.0300601,3,6,0,0.0300601,
c2a1
WHITE
3,1,14,5,14,2,1,3,14,14,14,2,0,14,0,14,0,14,0,14,14,14,4,0,14,14,14,0,14,0,14,14,14,8,14,8,8,8,14,14,14,14,0,14,14,14,8,14,8,14,14,14,13,14,14,8,11,9,10,14,12,10,11,9,1,1,0,0,-1,
0,0,0,0.0380762,0,3,14,0.0360722,0,3,42,0.0380761,0,3,49,0.0360722,0,6,58,0.0360721,0,7,0,0.0380761,1,3,7,0.0360722,1,3,21,0.0360721,1,3,35,0.0380761,1,4,0,0.0380761,1,4,1,0.0360721,2,0,0,0.0380761,2,2,0,0.0360721,2,6,0,0.0380762,2,6,1,0.0360721,2,6,2,0.0380761,2,6,7,0.0360721,2,6,21,0.0360721,2,6,35,0.0360721,2,6,36,0.0360721,2,6,42,0.0380761,2,6,43,0.0360722,2,6,44,0.0380761,2,7,0,0.0380762,3,3,7,0.0380762,3,5,49,0.0360721,5,2,0,0.0380761,
b6d8
BLACK
1,3,2,4,14,2,1,3,0,14,14,5,14,14,14,0,14,0,14,14,14,8,14,14,14,14,0,0,0,14,0,14,14,14,8,14,8,14,14,14,8,14,14,14,14,8,14,8,14,8,14,8,10,14,14,14,11,9,10,12,13,14,9,11,0,0,1,1,-1,
0,0,56,0.0340682,0,1,0,0.0340681,0,2,49,0.0340681,0,2,50,0.0340681,0,3,7,0.0340681,0,3,8,0.0360721,0,3,14,0.0340682,0,3,49,0.0340681,0,5,7,0.0360721,0,5,8,0.0340681,0,5,49,0.0340681,0,5,50,0.0340682,0,6,57,0.0340681,0,6,58,0.0340681,0,6,59,0.0360722,1,0,0,0.0360721,1,0,1,0.0340682,1,3,0,0.0360722,1,3,7,0.0340681,1,3,21,0.0340682,1,3,42,0.0340682,1,3,49,0.0340682,1,7,0,0.0340682,1,7,1,0.0340682,2,1,0,0.0340681,3,3,0,0.0340681,3,3,7,0.0360722,3,3,49,0.0340681,3,6,0,0.0340681,
d2e3
WHITE
3,1,14,5,4,2,1,3,14,14,14,2,0,14,0,14,0,14,0,14,14,14,14,0,14,14,14,0,14,0,14,14,14,8,14,8,8,8,14,14,14,14,0,13,14,14,8,14,8,14,14,14,14,14,14,8,11,9,10,14,12,10,11,9,1,1,0,0,-1,
0,0,0,0.0501002,0,3,42,0.0501002,0,3,49,0.0501002,0,4,7,0.0501002,0,4,8,0.0501002,0,4,9,0.0501002,0,6,58,0.0501002,0,7,0,0.0501002,1,3,7,0.0501002,1,3,35,0.0501002,1,4,0,0.0501002,1,4,1,0.0480961,1,6,0,0.0501002,1,6,1,0.0501002,2,0,0,0.0501002,2,2,0,0.0501002,2,7,0,0.0501002,3,3,7,0.0501002,3,5,49,0.0501002,5,2,0,0.0501002,
d8b6
BLACK
1,3,2,4,14,2,1,3,0,14,14,14,14,14,14,0,14,0,14,14,5,8,14,14,14,14,0,0,0,14,0,14,14,14,8,14,8,14,14,14,8,12,14,14,14,8,14,8,14,8,14,8,10,14,14,14,11,9,10,14,13,14,9,11,0,0,1,1,-1,
0,0,56,0.0320641,0,1,0,0.0320641,0,2,7,0.0320641,0,2,49,0.0320641,0,2,50,0.0320641,0,3,0,0.0320641,0,3,1,0.0320641,0,3,7,0.0320641,0,3,8,0.0340681,0,3,14,0.0320641,0,3,49,0.0320641,0,5,7,0.0320641,0,5,8,0.0320641,0,5,49,0.0320641,0,5,50,0.0320641,0,6,57,0.0320641,0,6,58,0.0320641,0,6,59,0.0340681,1,0,0,0.0320641,1,0,1,0.0320641,1,7,0,0.0320641,1,7,1,0.0320641,2,1,0,0.0320641,2,4,14,0.0320641,2,4,21,0.0320641,2,4,35,0.0320641,2,4,42,0.0320641,3,3,0,0.0320641,3,3,7,0.0340681,3,3,49,0.0320641,3,6,0,0.0320641,
g4g5
WHITE
3,1,14,5,14,2,1,3,14,14,14,2,0,14,0,14,0,14,0,14,14,14,4,0,14,8,14,0,14,0,14,14,14,14,14,8,8,8,14,14,14,14,0,13,14,14,8,14,8,14,14,14,14,14,14,8,11,9,10,14,12,10,11,9,1,1,0,0,-1,
0,0,0,0.0340682,0,3,14,0.0340682,0,3,42,0.0340681,0,3,49,0.0340682,0,6,58,0.0340681,0,7,0,0.0360721,1,3,7,0.0340681,1,3,21,0.0340681,1,3,35,0.0360721,1,4,0,0.0340681,1,4,1,0.0340681,2,0,0,0.0360721,2,0,7,0.0340681,2,2,0,0.0340681,2,2,49,0.0340681,2,6,0,0.0340682,2,6,1,0.0340681,2,6,2,0.0340682,2,6,7,0.0340681,2,6,21,0.0340682,2,6,35,0.0340681,2,6,36,0.0340681,2,6,42,0.0340682,2,6,43,0.0340682,2,6,44,0.0360722,2,7,0,0.0360722,3,3,7,0.0360722,3,5,49,0.0340681,5,2,0,0.0340682,
a6a5
BLACK
1,3,2,4,14,2,1,3,0,14,14,14,14,14,14,0,14,0,14,14,5,8,14,14,14,14,0,0,0,14,14,14,8,14,8,14,8,14,0,14,14,12,14,14,14,8,14,8,14,8,14,8,10,14,14,14,11,9,10,14,13,14,9,11,0,0,1,1,-1,
0,0,56,0.0300601,0,1,0,0.0300601,0,2,7,0.0300601,0,2,49,0.0300601,0,2,50,0.0300601,0,3,0,0.0300601,0,3,1,0.0300601,0,3,7,0.0300601,0,3,8,0.0320642,0,3,14,0.0300601,0,3,49,0.0300601,0,5,7,0.0300601,0,5,8,0.0300601,0,5,49,0.0300601,0,5,50,0.0300601,0,6,57,0.0300601,0,6,58,0.0300601,0,6,59,0.0320641,1,0,0,0.0300601,1,0,1,0.0300601,1,7,0,0.0300601,1,7,1,0.0300601,2,1,0,0.0300601,2,4,14,0.0300601,2,4,21,0.0300601,2,4,35,0.0300601,2,4,42,0.0300601,3,3,0,0.0300601,3,3,7,0.0320641,3,3,49,0.0300601,4,6,0,0.0320641,4,6,7,0.0300601,4,6,49,0.0300601,
g1e2
WHITE
3,1,14,5,14,2,1,3,14,14,14,2,0,14,0,14,0,14,0,14,14,14,4,14,14,8,14,0,14,0,14,0,14,14,14,8,8,8,14,14,14,14,0,13,14,14,8,14,8,14,14,9,14,14,14,8,11,14,10,14,12,10,11,9,1,1,0,0,-1,
0,0,0,0.0320642,0,3,14,0.0320641,0,3,42,0.0320641,0,3,49,0.0300601,0,6,57,0.0300601,0,6,58,0.0320641,0,7,0,0.0320641,0,7,1,0.0300601,1,3,7,0.0300601,1,3,21,0.0300601,1,3,35,0.0320641,1,4,0,0.0320641,1,4,1,0.0300601,2,0,0,0.0320642,2,0,7,0.0320641,2,2,0,0.0300601,2,2,49,0.0300601,2,6,0,0.0320641,2,6,1,0.0300601,2,6,2,0.0320641,2,6,14,0.0320641,2,6,21,0.0300601,2,6,35,0.0300601,2,6,36,0.0320641,2,6,42,0.0320642,2,6,43,0.0320641,2,6,44,0.0320641,3,3,7,0.0320641,3,5,49,0.0300601,3,7,0,0.0300601,5,2,0,0.0320641,5,2,7,0.0320641,
e5d4 (capture)
BLACK
1,3,2,4,14,2,14,3,0,14,14,14,1,14,14,0,14,0,14,14,5,8,14,14,14,14,0,8,0,14,14,14,8,14,8,14,14,14,0,14,14,12,14,14,14,8,14,8,14,8,14,8,10,14,14,14,11,9,10,14,13,14,9,11,0,0,1,1,-1,
0,3,2,0.144289,1,4,58,0.142285,2,4,7,0.144289,2,4,14,0.142285,2,4,21,0.142285,2,4,35,0.142285,2,4,42,0.142285,
e3d2
WHITE
3,1,14,5,14,2,1,3,14,14,14,2,0,14,0,14,0,14,0,14,14,14,4,14,14,8,14,14,14,0,14,0,14,14,14,8,0,8,14,14,14,14,0,14,14,14,8,14,8,14,14,9,13,14,14,8,11,14,10,14,12,10,11,9,1,1,0,0,-1,
0,0,0,0.0320641,0,3,14,0.0320641,0,3,42,0.0320641,0,3,49,0.0320641,0,6,57,0.0320641,0,6,58,0.0320641,0,7,0,0.0320641,0,7,1,0.0320641,1,3,7,0.0320641,1,3,21,0.0320641,1,3,35,0.0340681,1,4,0,0.0320641,1,4,1,0.0320641,2,0,0,0.0340681,2,0,7,0.0320641,2,2,0,0.0320641,2,2,49,0.0320641,2,6,0,0.0320641,2,6,1,0.0320641,2,6,2,0.0320641,2,6,14,0.0320641,2,6,21,0.0320641,2,6,35,0.0320641,2,6,36,0.0320641,2,6,42,0.0320641,2,6,43,0.0320641,2,6,44,0.0340681,3,7,0,0.0320641,4,4,0,0.0320641,5,2,0,0.0320641,5,2,7,0.0320641,
b6e6
BLACK
1,3,2,4,14,2,14,3,0,14,14,5,1,14,14,0,14,0,14,14,14,8,14,14,14,14,0,8,0,14,14,14,8,14,8,14,14,14,0,14,14,14,14,14,12,8,14,8,14,8,14,8,10,14,14,14,11,9,10,14,13,14,9,11,0,0,1,1,-1,
0,0,56,0.0380762,0,1,0,0.0380762,0,2,49,0.0380761,0,2,50,0.0380761,0,3,14,0.0380762,0,3,49,0.0380762,0,5,7,0.0400802,0,5,8,0.0380762,0,7,42,0.0380761,1,0,0,0.0380762,1,0,1,0.0380762,1,3,0,0.0400802,1,3,21,0.0380762,1,3,42,0.0380762,1,4,56,0.0380762,1,4,57,0.0400802,1,4,58,0.0380762,1,4,59,0.0380761,1,4,63,0.0400802,1,7,0,0.0380761,1,7,1,0.0380762,2,1,0,0.0380762,3,4,0,0.0380762,4,6,0,0.0400802,4,6,7,0.0380761,4,6,49,0.0380761,
e4e5
WHITE
3,1,14,5,14,2,1,3,14,14,14,2,0,14,0,14,0,14,0,4,14,14,14,14,14,8,14,8,14,0,14,0,14,14,14,14,0,8,14,14,14,14,0,14,14,14,8,14,8,14,14,9,13,14,14,8,11,14,10,14,12,10,11,9,1,1,0,0,-1,
0,0,0,0.0264129,0,3,14,0.0264129,0,3,42,0.0348072,0,3,49,0.0264129,0,6,57,0.0264129,0,6,58,0.0264129,0,7,0,0.0348072,0,7,1,0.0264129,1,3,7,0.0264129,1,3,21,0.0264129,1,3,35,0.0348072,1,4,0,0.0264129,1,4,1,0.0264129,1,6,0,0.0264129,1,6,1,0.0264129,2,0,0,0.0348072,2,0,7,0.0348072,2,2,0,0.0264129,2,2,7,0.0348072,2,2,49,0.0264128,2,3,0,0.0264129,2,3,7,0.0264129,2,3,8,0.0264129,2,3,14,0.0264129,2,3,15,0.0264129,2,3,16,0.0264129,2,3,17,0.0348072,2,3,35,0.0264129,2,3,49,0.0264129,2,3,50,0.0264129,2,3,51,0.0264129,3,7,0,0.0264129,4,4,0,0.0348072,5,2,0,0.0348072,5,2,7,0.0264129,
e6f7
BLACK
1,3,2,4,14,2,14,3,0,14,14,5,1,14,14,0,14,0,14,14,14,8,14,14,14,14,0,8,14,14,14,14,8,14,8,14,0,14,0,14,14,14,14,14,14,8,14,8,14,8,14,8,10,12,14,14,11,9,10,14,13,14,9,11,0,0,1,1,-1,
0,0,56,0.0411908,0,1,0,0.0331799,0,2,49,0.0411909,0,2,50,0.03318,0,3,14,0.0411908,0,3,49,0.03318,0,5,7,0.0411908,0,5,8,0.0331799,0,7,42,0.0331799,1,0,0,0.0411908,1,0,1,0.0331799,1,3,0,0.0411908,1,3,21,0.0331799,1,3,42,0.0331799,1,4,56,0.0411908,1,4,57,0.0411908,1,4,58,0.0331799,1,4,59,0.0411908,1,4,63,0.0411908,1,7,0,0.0331799,1,7,1,0.0331799,2,1,0,0.0331799,4,4,0,0.0411909,4,4,7,0.0331799,4,6,0,0.0411908,4,6,7,0.0331799,4,6,49,0.0411908,
e5f6 (capture)
WHITE
3,1,14,5,14,2,1,3,14,14,4,2,0,14,0,14,0,14,8,14,14,14,14,14,14,8,14,14,14,0,14,0,14,14,14,14,0,8,14,14,14,14,0,14,14,14,8,14,8,14,14,9,13,14,14,8,11,14,10,14,12,10,11,9,1,1,0,0,-1,
0,0,0,0.0314235,0,1,57,0.0314235,0,3,14,0.0314235,0,3,42,0.0314235,0,6,57,0.0314235,0,6,58,0.0314235,0,7,0,0.0314235,0,7,1,0.0314234,1,2,0,0.0314235,1,2,7,0.0314236,1,2,8,0.0314235,1,2,9,0.0314236,1,2,28,0.0314236,1,2,42,0.0400471,1,2,43,0.0314235,1,2,49,0.0400471,1,2,50,0.0314235,1,3,7,0.0314236,1,3,21,0.0314236,1,3,35,0.0400471,1,3,49,0.0314235,1,4,0,0.0314235,1,4,1,0.0314235,1,6,0,0.0314235,1,6,1,0.0314235,2,0,0,0.0314235,2,0,7,0.0314235,3,7,0,0.0314235,4,4,0,0.0314235,5,2,0,0.0314235,5,2,7,0.0314235,
h6g5 (capture)
BLACK
1,3,2,4,14,2,14,3,0,14,14,5,1,14,14,0,14,0,14,14,14,8,14,14,14,14,0,8,14,14,14,14,8,14,8,14,14,14,8,14,14,14,14,14,14,0,14,14,14,8,14,8,10,12,14,14,11,9,10,14,13,14,9,11,0,0,1,1,-1,
0,0,56,0.0458475,0,1,0,0.0380629,0,2,49,0.0458475,0,2,50,0.0458475,0,3,14,0.0458475,0,3,49,0.0380629,0,5,7,0.0458475,0,5,8,0.0380629,0,7,42,0.0380629,1,0,0,0.0458475,1,0,1,0.0458475,1,3,0,0.0458475,1,3,21,0.0458475,1,3,42,0.0458475,1,4,56,0.0458475,1,4,57,0.0458475,1,4,58,0.0458475,1,4,59,0.0458475,1,4,63,0.0458475,1,7,0,0.0380629,1,7,1,0.0458475,2,1,0,0.0380629,5,5,49,0.0380629,
a2a4
WHITE
3,1,14,5,14,2,1,3,14,14,4,2,0,14,0,14,14,14,8,14,14,14,14,14,14,0,14,14,14,0,14,0,14,14,14,14,0,8,14,8,14,14,0,14,14,14,8,14,8,14,14,9,13,14,14,14,11,14,10,14,12,10,11,9,1,1,0,0,47,
0,0,0,0.0264129,0,0,1,0.0264129,0,0,2,0.0348072,0,0,3,0.0264129,0,0,4,0.0348072,0,0,5,0.0348072,0,1,57,0.0264129,0,1,58,0.0264129,0,3,14,0.0264129,0,3,42,0.0348072,0,6,57,0.0264128,0,6,58,0.0264129,0,7,0,0.0348072,0,7,1,0.0264129,1,2,0,0.0264129,1,2,7,0.0264129,1,2,8,0.0264129,1,2,9,0.0264129,1,2,28,0.0264129,1,2,42,0.0348072,1,2,43,0.0264129,1,2,49,0.0348072,1,2,50,0.0264129,1,3,7,0.0264129,1,3,21,0.0264129,1,3,35,0.0348072,1,3,49,0.0264129,1,4,0,0.0264129,1,4,1,0.0264129,1,6,0,0.0264129,1,6,1,0.0264129,3,1,0,0.0264129,4,4,0,0.0348072,5,2,0,0.0264129,5,2,7,0.0264129,
f7h5
BLACK
1,3,2,4,14,2,14,3,14,14,14,5,1,14,14,0,14,0,14,14,14,8,14,14,0,14,0,8,14,14,14,14,8,14,8,14,14,14,8,12,14,14,14,14,14,0,14,14,14,8,14,8,10,14,14,14,11,9,10,14,13,14,9,11,0,0,1,1,-1,
0,0,56,0.0479393,0,1,0,0.0401302,0,2,49,0.0479392,0,2,50,0.0479392,0,3,14,0.0479393,0,3,49,0.0401301,0,5,7,0.0479393,0,5,8,0.0401302,0,7,42,0.0401301,1,3,0,0.0479393,1,3,21,0.0479392,1,3,42,0.0479392,1,4,56,0.0479392,1,4,57,0.0479392,1,4,58,0.0479392,1,4,59,0.0479392,1,4,63,0.0479392,1,7,0,0.0401302,1,7,1,0.0479393,2,1,0,0.0401302,5,5,0,0.0479393,5,5,49,0.0401301,
h2h4
WHITE
3,1,14,5,14,2,1,3,14,14,14,2,0,14,0,14,14,14,8,14,14,14,14,14,4,0,14,14,14,0,14,0,8,14,14,14,0,8,14,8,14,14,0,14,14,14,8,14,14,14,14,9,13,14,14,14,11,14,10,14,12,10,11,9,1,1,0,0,40,
0,0,0,0.0361909,0,0,1,0.0361908,0,1,57,0.0283977,0,1,58,0.0361909,0,3,14,0.0361909,0,3,42,0.0361908,0,3,49,0.0283977,0,6,57,0.0283976,0,6,58,0.0283977,0,7,0,0.0361908,0,7,1,0.0283976,1,3,7,0.0283977,1,3,21,0.0283976,1,3,35,0.0361908,1,3,49,0.0361908,1,4,0,0.0361908,1,4,1,0.0283976,1,6,0,0.0361908,1,6,1,0.0361909,3,0,0,0.0361908,3,0,7,0.0283976,3,0,21,0.0361908,3,0,22,0.0361908,3,0,28,0.0283977,3,0,29,0.0361908,3,1,0,0.0283977,3,1,49,0.0361908,4,4,0,0.0361908,5,2,0,0.0361908,5,2,7,0.0361908,
d4d3
BLACK
1,3,2,4,14,2,14,3,14,14,14,5,1,14,14,14,14,0,14,8,14,8,14,14,0,14,0,14,14,14,14,0,8,14,8,14,14,14,8,12,14,14,14,14,14,0,14,14,14,8,14,8,10,14,14,14,11,9,10,14,13,14,9,11,0,0,1,1,-1,
0,0,56,0.0432647,0,1,0,0.035594,0,2,49,0.0432647,0,2,50,0.0432647,0,3,14,0.0432647,0,3,49,0.0432647,0,5,7,0.0432647,0,5,8,0.035594,0,7,0,0.0432647,0,7,1,0.035594,0,7,42,0.035594,1,3,0,0.0432647,1,3,7,0.0432647,1,3,21,0.0432647,1,3,49,0.0432647,1,4,56,0.0432647,1,4,57,0.0432647,1,4,58,0.0432647,1,4,59,0.0432647,1,4,63,0.0432647,2,1,0,0.0432647,3,7,49,0.0432647,5,5,0,0.0432647,5,5,49,0.035594,
e2f4
WHITE
3,1,14,5,14,2,1,3,14,14,14,2,0,14,0,14,14,14,8,14,14,14,14,14,4,0,14,14,14,0,14,0,8,14,9,14,14,8,14,8,14,14,0,14,0,14,8,14,14,14,14,14,13,14,14,14,11,14,10,14,12,10,11,9,1,1,0,0,-1,
0,0,0,0.0327426,0,0,1,0.0327426,0,1,57,0.0327426,0,1,58,0.0327426,0,3,14,0.0327426,0,3,42,0.0327426,0,3,49,0.0327426,0,6,57,0.0327426,0,6,58,0.0327426,0,7,0,0.0411535,0,7,1,0.0327426,1,3,7,0.0327426,1,3,21,0.0327426,1,3,35,0.0411535,1,3,49,0.0327425,1,4,0,0.0327426,1,4,1,0.0327425,1,6,0,0.0327426,1,6,1,0.0327426,3,0,0,0.0411535,3,0,7,0.0327425,3,0,21,0.0411535,3,0,22,0.0411535,3,0,28,0.0327425,3,0,29,0.0327426,3,1,0,0.0327425,3,1,7,0.0411535,3,1,49,0.0327426,5,2,0,0.0327426,
e7f6 (capture)
BLACK
1,3,2,4,14,2,14,3,14,14,14,5,14,14,14,14,14,0,14,8,14,8,14,14,0,14,0,14,14,1,14,0,8,14,8,14,14,14,8,12,14,14,14,14,14,10,14,14,14,8,14,8,14,14,14,14,11,9,10,14,13,14,9,11,0,0,1,1,-1,
0,0,56,0.0370671,0,1,0,0.0294913,0,2,49,0.0370671,0,2,50,0.0370671,0,3,7,0.0370671,0,3,8,0.0370671,0,3,14,0.0370671,0,3,49,0.0370671,0,5,7,0.0370671,0,5,8,0.0294913,0,5,49,0.0370671,0,5,50,0.0370671,0,7,0,0.0370671,0,7,1,0.0294913,0,7,42,0.0294913,1,3,0,0.0370671,1,3,7,0.0370671,1,3,21,0.0370671,2,1,0,0.0370671,3,5,56,0.0370671,3,5,57,0.0370671,3,5,58,0.0370671,3,5,59,0.0370671,3,5,60,0.0370671,3,5,61,0.0370671,3,5,62,0.0294913,3,5,63,0.0370671,3,7,49,0.0370671,
c1b2
WHITE
3,1,14,5,14,2,1,3,14,14,14,14,0,14,0,14,14,14,2,14,14,14,14,14,4,0,14,14,14,0,14,0,8,14,9,14,14,8,14,8,14,14,0,14,0,14,8,14,14,14,14,14,13,14,10,14,11,14,10,14,12,14,11,9,1,1,0,0,-1,
0,0,0,0.0292585,0,0,1,0.0292584,0,1,56,0.0292585,0,1,58,0.0292585,0,3,0,0.0292584,0,3,14,0.0292584,0,3,42,0.0292584,0,3,49,0.0292584,0,6,57,0.0292584,0,6,58,0.0292584,0,7,0,0.0292585,0,7,1,0.0292585,1,4,0,0.0292585,1,4,1,0.0292584,1,6,0,0.0292585,1,6,1,0.0292584,2,2,7,0.0292585,2,2,8,0.0292585,2,2,9,0.0292585,2,2,10,0.0292584,2,2,21,0.0292584,2,2,22,0.0378762,2,2,35,0.0292584,3,0,0,0.0292585,3,0,7,0.0292584,3,0,21,0.0378762,3,0,22,0.0378762,3,0,28,0.0292585,3,0,29,0.0292585,3,1,0,0.0292584,3,1,7,0.0378762,3,1,49,0.0292585,5,2,0,0.0292585,
f6g7
BLACK
1,3,14,4,14,2,14,3,14,2,14,5,14,14,14,14,14,0,14,8,14,8,14,14,0,14,0,14,14,1,14,0,8,14,8,14,14,14,8,12,14,14,14,14,14,14,14,14,14,8,14,8,14,14,10,14,11,9,10,14,13,14,9,11,0,0,1,1,-1,
0,0,56,0.0264129,0,1,14,0.0264129,0,3,7,0.0264129,0,3,8,0.0348072,0,3,14,0.0264129,0,3,42,0.0264129,0,3,49,0.0264129,0,5,7,0.0348072,0,5,8,0.0264128,0,5,49,0.0264129,0,5,50,0.0264129,0,7,0,0.0348072,0,7,1,0.0264129,0,7,42,0.0264129,1,1,7,0.0264129,1,1,8,0.0348072,1,1,9,0.0348072,1,1,10,0.0264129,1,1,11,0.0264129,1,1,21,0.0264129,1,1,49,0.0264129,1,3,0,0.0348072,1,3,7,0.0264129,1,3,21,0.0264129,1,3,35,0.0348072,2,1,0,0.0264129,3,5,56,0.0264129,3,5,57,0.0264129,3,5,58,0.0264129,3,5,59,0.0264129,3,5,60,0.0348072,3,5,61,0.0264129,3,5,62,0.0264129,3,5,63,0.0264129,3,7,49,0.0348072,
f4g6
WHITE
3,1,14,5,14,2,1,3,14,2,14,14,0,14,0,14,14,9,14,14,14,14,14,14,4,0,14,14,14,0,14,0,8,14,14,14,14,8,14,8,14,14,0,14,0,14,8,14,14,14,14,14,13,14,10,14,11,14,10,14,12,14,11,9,1,1,0,0,-1,
0,0,0,0.0361908,0,0,1,0.0361909,0,1,56,0.0361908,0,1,57,0.0283977,0,1,58,0.0361908,0,3,14,0.0361909,0,3,49,0.0283976,0,6,57,0.0283976,0,6,58,0.0283977,0,7,0,0.0361908,0,7,1,0.0283976,1,1,7,0.0283976,1,1,8,0.0361908,1,1,9,0.0361908,1,1,10,0.0361909,1,1,11,0.0361908,1,1,21,0.0283977,1,1,49,0.0361908,1,4,0,0.0361908,1,4,1,0.0283976,1,6,0,0.0361908,1,6,1,0.0361909,3,0,0,0.0361908,3,0,7,0.0283977,3,0,21,0.0361908,3,0,28,0.0283977,3,0,29,0.0361908,3,1,0,0.0283977,3,1,49,0.0361908,5,2,0,0.0361908,
g7c3
BLACK
1,3,14,4,14,2,14,3,14,2,14,5,14,14,14,14,14,0,10,8,14,8,14,14,0,14,0,14,14,14,14,0,8,14,8,14,14,14,8,12,14,14,14,14,14,14,1,14,14,8,14,8,14,14,14,14,11,9,10,14,13,14,9,11,0,0,1,1,-1,
1,1,7,0.193645,1,3,0,0.201589,1,3,7,0.201589,1,3,35,0.201589,1,3,49,0.201589,
d2d3 (capture)
WHITE
3,1,14,5,14,2,1,3,14,14,14,14,0,14,0,14,14,9,14,14,14,14,14,14,4,0,14,14,14,0,14,0,8,14,14,14,14,8,14,8,14,14,0,14,13,2,8,14,14,14,14,14,14,14,10,14,11,14,10,14,12,14,11,9,1,1,0,0,-1,
0,0,0,0.0314235,0,0,1,0.0314235,0,1,56,0.0314235,0,1,57,0.0314235,0,1,58,0.0314235,0,3,14,0.0314236,0,3,49,0.0314235,0,6,57,0.0314235,0,6,58,0.0314236,0,7,0,0.0400471,0,7,1,0.0314234,1,4,0,0.0314235,1,4,1,0.0314236,1,6,0,0.0314235,1,6,1,0.0314235,3,0,0,0.0400471,3,0,7,0.0314236,3,0,21,0.0400471,3,0,28,0.0314236,3,0,29,0.0314235,3,1,0,0.0314235,3,1,49,0.0314235,5,2,0,0.0314235,5,5,7,0.0314235,5,5,21,0.0314235,5,5,35,0.0314235,5,5,36,0.0314235,5,5,37,0.0314235,5,5,38,0.0314235,5,5,49,0.0314235,5,5,50,0.0314235,
a8a7
BLACK
1,3,14,4,14,2,14,3,14,2,14,14,14,14,14,14,14,0,10,5,14,8,14,14,0,14,0,14,14,14,14,0,8,14,8,14,14,14,8,12,14,14,14,14,14,14,1,14,11,8,14,8,14,14,14,14,14,9,10,14,13,14,9,11,0,0,1,0,-1,
0,0,56,0.0370671,0,1,14,0.0370671,0,3,0,0.0370671,0,3,7,0.0370671,0,3,8,0.0370671,0,3,14,0.0370671,0,3,42,0.0370671,0,3,49,0.0294913,0,5,7,0.0370671,0,5,8,0.0294913,0,5,49,0.0370671,0,7,0,0.0370671,0,7,1,0.0294913,0,7,42,0.0294913,1,1,7,0.0294913,1,1,21,0.0370671,1,1,49,0.0370671,2,1,0,0.0370671,2,3,7,0.0370671,2,3,14,0.0370671,2,3,35,0.0370671,2,3,42,0.0370671,3,7,49,0.0370671,5,6,57,0.0370671,5,6,58,0.0370671,5,6,59,0.0370671,5,6,60,0.0370671,5,6,61,0.0370671,
d3e3
WHITE
3,1,14,5,14,2,1,14,14,14,14,14,0,14,0,3,14,9,14,14,14,14,14,14,4,0,14,14,14,0,14,0,8,14,14,14,14,8,14,8,14,14,0,13,14,2,8,14,14,14,14,14,14,14,10,14,11,14,10,14,12,14,11,9,1,0,0,0,-1,
0,0,0,0.0314235,0,0,1,0.0314235,0,1,56,0.0314235,0,1,57,0.0314235,0,1,58,0.0314235,0,3,14,0.0314236,0,3,49,0.0314235,0,6,57,0.0314235,0,6,58,0.0314236,1,4,0,0.0314235,1,4,1,0.0314234,1,6,0,0.0314235,1,6,1,0.0314235,1,7,0,0.0314235,1,7,28,0.0314235,3,0,0,0.0400471,3,0,7,0.0314236,3,0,21,0.0400471,3,0,28,0.0314236,3,0,29,0.0314235,3,1,0,0.0314235,3,1,49,0.0314235,5,2,0,0.0314235,5,5,7,0.0314235,5,5,21,0.0314235,5,5,35,0.0314235,5,5,36,0.0314235,5,5,37,0.0314235,5,5,38,0.0314235,5,5,49,0.0314236,5,5,50,0.0400471,
g5h4 (capture)
BLACK
1,3,14,4,14,2,14,3,14,2,14,14,14,14,14,14,14,0,10,14,5,8,14,14,0,14,0,14,14,14,14,8,8,14,8,14,14,14,14,12,14,14,14,14,14,14,1,14,11,8,14,8,14,14,14,14,14,9,10,14,13,14,9,11,0,0,1,0,-1,
0,0,56,0.0264129,0,1,14,0.0264129,0,3,0,0.0264129,0,3,1,0.0264129,0,3,2,0.0348072,0,3,3,0.0264129,0,3,4,0.0264128,0,3,5,0.0264129,0,3,7,0.0264129,0,3,8,0.0348072,0,3,14,0.0264129,0,3,42,0.0348072,0,3,49,0.0264129,0,5,7,0.0348072,0,5,8,0.0264129,0,5,49,0.0264129,0,5,50,0.0264129,0,7,0,0.0348072,0,7,1,0.0264129,0,7,2,0.0264129,0,7,42,0.0264129,1,1,7,0.0264129,1,1,21,0.0264129,1,1,49,0.0348072,2,1,0,0.0264129,2,4,0,0.0348072,2,4,7,0.0348072,2,4,21,0.0264129,2,4,42,0.0264129,5,6,57,0.0264129,5,6,58,0.0348072,5,6,59,0.0264129,5,6,60,0.0264129,5,6,61,0.0264129,5,6,62,0.0264129,
f1g2
WHITE
3,1,14,5,14,2,1,14,14,14,14,14,0,14,0,3,14,9,14,14,14,14,14,14,4,14,14,14,14,0,14,0,0,14,14,14,14,8,14,8,14,14,0,13,14,2,8,14,14,10,14,14,14,14,10,14,11,14,14,14,12,14,11,9,1,0,0,0,-1,
0,0,0,0.0319008,0,0,1,0.0319008,0,1,56,0.0319008,0,1,57,0.0242075,0,1,58,0.0319008,0,3,14,0.0319008,0,3,49,0.0242074,0,6,57,0.0242074,0,6,58,0.0319008,1,4,0,0.0319008,1,4,1,0.0242074,1,6,0,0.0319008,1,6,1,0.0319008,1,7,0,0.0242075,1,7,28,0.0319008,3,0,7,0.0242074,3,0,14,0.0319008,3,0,15,0.0319008,3,0,16,0.0319008,3,0,17,0.0242074,3,0,21,0.0319008,3,0,28,0.0242075,3,0,29,0.0319008,4,0,0,0.0319008,5,2,0,0.0319008,5,2,49,0.0242074,5,5,7,0.0319008,5,5,21,0.0319008,5,5,35,0.0242075,5,5,36,0.0319008,5,5,37,0.0319008,5,5,38,0.0319008,5,5,49,0.0242075,5,5,50,0.0319008,
e8d8
BLACK
1,3,14,4,14,14,14,3,14,2,14,14,14,14,2,14,14,0,10,14,5,8,14,14,0,14,0,14,14,14,14,8,8,14,8,14,14,14,14,12,14,14,14,14,14,14,1,14,11,8,14,8,14,14,14,14,14,9,10,13,14,14,9,11,0,0,0,0,-1,
0,0,56,0.0251729,0,1,14,0.0251729,0,3,0,0.0251729,0,3,1,0.0251729,0,3,2,0.0251729,0,3,3,0.0251729,0,3,4,0.0251729,0,3,5,0.0251729,0,3,7,0.0251729,0,3,8,0.0338589,0,3,14,0.0251729,0,3,15,0.0251729,0,3,16,0.0251729,0,3,42,0.0251729,0,3,49,0.0251729,0,7,0,0.0251729,0,7,1,0.0251729,0,7,2,0.0251729,0,7,42,0.0251729,0,7,43,0.0251729,0,7,44,0.0251729,1,1,7,0.0251729,1,1,21,0.0251729,1,1,49,0.0251729,1,6,7,0.0251729,1,6,35,0.0338589,1,6,49,0.0338589,2,1,0,0.0251729,2,4,0,0.0338589,2,4,7,0.0338589,2,4,21,0.0251729,2,4,42,0.0251729,5,6,57,0.0251729,5,6,58,0.0251729,5,6,59,0.0251729,5,6,60,0.0251729,5,6,61,0.0251729,5,6,62,0.0251729,
d1e2
WHITE
3,1,14,14,5,2,1,14,14,14,14,14,0,14,0,3,14,9,14,14,14,14,14,14,4,14,14,14,14,0,14,0,0,14,14,14,14,8,14,8,14,14,0,13,14,2,8,14,14,10,14,12,14,14,10,14,11,14,14,14,14,14,11,9,0,0,0,0,-1,
0,0,0,0.0264129,0,0,1,0.0264129,0,1,56,0.0264129,0,1,57,0.0264129,0,1,58,0.0264129,0,4,7,0.0264129,0,4,42,0.0264129,0,6,57,0.0264129,0,6,58,0.0264129,1,4,0,0.0348072,1,4,1,0.0264129,1,6,0,0.0348072,1,6,1,0.0264129,1,7,0,0.0264128,1,7,28,0.0264129,3,0,7,0.0264129,3,0,14,0.0264129,3,0,15,0.0348072,3,0,16,0.0348072,3,0,17,0.0264129,3,0,21,0.0348072,3,0,28,0.0264129,3,0,29,0.0264129,4,0,0,0.0264129,5,2,0,0.0348072,5,2,7,0.0264129,5,2,49,0.0264129,5,5,7,0.0264129,5,5,21,0.0264129,5,5,35,0.0264129,5,5,36,0.0348072,5,5,37,0.0264129,5,5,38,0.0348072,5,5,49,0.0264129,5,5,50,0.0348072,
c3f6
BLACK
1,3,14,14,14,14,14,3,14,2,14,14,4,14,2,14,14,0,14,14,5,8,14,14,0,14,0,14,14,14,14,8,8,14,8,14,14,14,14,12,14,14,14,14,14,10,1,14,11,8,14,8,14,14,14,14,14,9,10,13,14,14,9,11,0,0,0,0,-1,
0,0,56,0.0263136,0,1,14,0.0263136,0,1,15,0.0185792,0,1,16,0.0263136,0,1,17,0.0263136,0,1,18,0.0263136,0,7,0,0.0263136,0,7,1,0.0185791,0,7,2,0.0263137,0,7,42,0.0185792,0,7,43,0.0263136,0,7,44,0.0263137,0,7,45,0.0263136,0,7,46,0.0185792,1,1,7,0.0185792,1,1,8,0.0263136,1,1,9,0.0263136,1,1,10,0.0263136,1,1,21,0.0185791,1,1,49,0.0263136,1,4,7,0.0185791,1,4,14,0.0263136,1,4,21,0.0185792,1,4,28,0.0263136,1,4,35,0.0185791,1,4,42,0.0263136,1,4,43,0.0185792,1,4,49,0.0263136,1,6,7,0.0263136,1,6,35,0.0263136,1,6,49,0.0263136,2,1,0,0.0185791,2,4,0,0.0263136,2,4,7,0.0263136,2,4,21,0.0185792,2,4,35,0.0185791,2,4,42,0.0185792,5,6,57,0.0263136,5,6,58,0.0263136,5,6,59,0.0185792,5,6,60,0.0263137,5,6,61,0.0185792,5,6,62,0.0185791,
b1e1
WHITE
3,1,14,14,5,2,1,14,14,14,14,14,0,14,0,3,14,9,2,14,14,14,14,14,4,14,14,14,14,0,14,0,0,14,14,14,14,8,14,8,14,14,0,13,14,14,8,14,14,10,14,12,14,14,10,14,11,14,14,11,14,14,14,9,0,0,0,0,-1,
0,0,0,0.0292585,0,0,1,0.0292585,0,1,56,0.0292584,0,1,58,0.0292585,0,4,7,0.0292585,0,4,42,0.0292584,0,6,57,0.0292584,0,6,58,0.0292584,1,4,0,0.0292584,1,4,1,0.0292585,1,6,0,0.0292585,1,6,1,0.0292585,1,7,0,0.0292584,1,7,28,0.0292585,2,2,7,0.0378762,2,2,8,0.0292585,2,2,9,0.0292585,2,2,10,0.0292584,2,2,21,0.0292585,2,2,35,0.0292584,2,2,49,0.0292584,3,0,7,0.0292584,3,0,14,0.0292584,3,0,15,0.0378762,3,0,16,0.0378762,3,0,17,0.0292584,3,0,21,0.0378762,3,0,28,0.0292585,3,0,29,0.0292585,4,0,0,0.0292584,5,2,0,0.0292585,5,2,7,0.0292585,5,2,49,0.0292584,
h5g4
BLACK
1,14,14,14,3,14,14,3,14,2,14,14,4,14,2,14,14,0,14,14,5,8,14,14,0,14,0,14,14,14,12,8,8,14,8,14,14,14,14,14,14,14,14,14,14,10,1,14,11,8,14,8,14,14,14,14,14,9,10,13,14,14,9,11,0,0,0,0,-1,
0,0,56,0.0311276,0,4,14,0.0311276,0,4,15,0.0231423,0,4,42,0.0231423,0,4,43,0.0311276,0,4,44,0.0311276,0,7,0,0.0311276,0,7,1,0.0231423,0,7,2,0.0311276,0,7,42,0.0231423,0,7,43,0.0231423,1,1,7,0.0231423,1,1,8,0.0311276,1,1,9,0.0311276,1,1,10,0.0311276,1,1,21,0.0231423,1,1,49,0.0311276,1,4,7,0.0231423,1,4,14,0.0311276,1,4,21,0.0231423,1,4,35,0.0231423,1,4,42,0.0311276,1,4,43,0.0231423,1,4,49,0.0311276,1,6,7,0.0311276,1,6,35,0.0311276,1,6,49,0.0311276,2,1,0,0.0231423,2,4,21,0.0231423,2,4,35,0.0231423,2,4,42,0.0231423,5,6,57,0.0311276,5,6,58,0.0311276,5,6,59,0.0231423,5,6,60,0.0231423,5,6,61,0.0231423,5,6,62,0.0231423,
g6h4 (capture)
WHITE
3,1,14,14,5,2,1,14,14,14,14,14,0,14,0,3,14,14,2,14,14,14,14,14,14,14,14,14,14,0,14,0,9,4,14,14,14,8,14,8,14,14,0,13,14,14,8,14,14,10,14,12,14,14,10,14,11,14,14,11,14,14,14,9,0,0,0,0,-1,
0,0,0,0.0246729,0,0,1,0.0246729,0,0,2,0.0246729,0,0,3,0.0246729,0,1,56,0.0246729,0,1,58,0.0246729,0,4,7,0.0246729,0,4,42,0.0174207,0,4,49,0.0246729,0,6,57,0.0174207,0,6,58,0.0246729,1,4,0,0.0246729,1,4,1,0.0174206,1,6,0,0.0246729,1,6,1,0.0246729,1,7,0,0.0246729,1,7,28,0.0246729,2,2,7,0.0246729,2,2,8,0.0246729,2,2,9,0.0246729,2,2,10,0.0246729,2,2,21,0.0246729,2,2,35,0.0246729,2,2,49,0.0174206,2,2,50,0.0246729,4,1,0,0.0246729,4,1,1,0.0246729,4,1,14,0.0246729,4,1,15,0.0174207,4,1,16,0.0246729,4,1,17,0.0246729,4,1,21,0.0246729,4,1,22,0.0246729,4,1,28,0.0246729,4,1,29,0.0246729,4,1,30,0.0246729,4,1,35,0.0246729,4,1,42,0.0246729,4,1,49,0.0246729,5,2,0,0.0246729,5,2,7,0.0246729,5,2,49,0.0246729,
h8h6
BLACK
1,14,14,14,3,14,14,3,14,2,14,14,4,14,2,14,14,0,14,14,5,8,14,14,0,14,0,14,14,14,12,1,8,14,8,14,14,14,14,14,14,14,14,14,14,10,14,11,11,8,14,8,14,14,14,14,14,9,10,13,14,14,9,14,0,0,0,0,-1,
0,0,56,0.0292585,0,4,14,0.0292585,0,4,15,0.0292585,0,4,42,0.0292585,0,4,43,0.0292585,0,4,44,0.0292585,0,7,0,0.0292585,0,7,1,0.0292584,0,7,42,0.0292584,0,7,43,0.0292584,1,1,7,0.0292584,1,1,8,0.0378762,1,1,9,0.0292585,1,1,10,0.0292585,1,1,21,0.0292584,1,1,49,0.0292585,1,4,7,0.0292585,1,4,14,0.0292585,1,4,21,0.0292584,1,4,35,0.0292584,1,4,42,0.0292585,1,4,43,0.0292584,1,4,49,0.0378762,1,6,7,0.0292585,1,6,35,0.0378762,1,6,49,0.0378762,2,1,0,0.0292584,2,4,21,0.0292584,2,4,35,0.0292584,2,4,42,0.0292584,3,7,58,0.0292585,3,7,59,0.0292584,3,7,60,0.0292584,
e3d2
WHITE
14,1,14,14,5,2,1,14,14,14,14,14,0,14,0,3,3,14,2,14,14,14,14,14,14,14,14,14,14,0,14,0,9,4,14,14,14,8,14,8,14,14,0,14,14,14,8,14,14,10,14,12,13,14,10,14,11,14,14,11,14,14,14,9,0,0,0,0,-1,
0,1,56,0.022914,0,4,7,0.0229139,0,6,57,0.022914,0,6,58,0.022914,1,4,0,0.0229139,1,4,1,0.0229139,1,6,0,0.0229139,1,6,1,0.022914,1,7,0,0.0229139,1,7,28,0.0229139,2,0,0,0.0315608,2,0,1,0.022914,2,0,14,0.022914,2,0,28,0.0229139,2,0,29,0.0229139,2,2,7,0.0315608,2,2,8,0.0229139,2,2,9,0.0229139,2,2,10,0.022914,2,2,21,0.0229139,2,2,35,0.022914,2,2,36,0.0229139,2,2,49,0.0229139,2,2,50,0.0315608,4,1,0,0.0229139,4,1,1,0.0315608,4,1,14,0.022914,4,1,15,0.022914,4,1,16,0.0315608,4,1,17,0.0229139,4,1,21,0.0229139,4,1,22,0.022914,4,1,28,0.0229139,4,1,29,0.0229139,4,1,30,0.0315608,4,1,35,0.0315608,4,1,42,0.0229139,4,1,49,0.0229139,5,2,0,0.0229139,5,2,7,0.0229139,5,2,49,0.0229139,
g4e4
BLACK
1,14,14,14,3,14,14,3,14,2,14,5,4,14,2,14,14,0,14,14,14,8,14,14,0,14,0,14,12,14,14,1,8,14,8,14,14,14,14,14,14,14,14,14,14,10,14,11,11,8,14,8,14,14,14,14,14,9,10,13,14,14,9,14,0,0,0,0,-1,
0,0,56,0.0344327,0,4,14,0.0344327,0,4,15,0.0265984,0,4,42,0.0265984,0,4,43,0.0344327,0,4,44,0.0344326,0,7,0,0.0344327,0,7,1,0.0265984,0,7,42,0.0265984,0,7,43,0.0265984,1,1,7,0.0265984,1,1,8,0.0344327,1,1,9,0.0344327,1,1,10,0.0344326,1,1,21,0.0265984,1,1,49,0.0344327,1,3,28,0.0344326,1,3,35,0.0344327,1,4,0,0.0344327,1,4,1,0.0265984,1,4,7,0.0265984,1,4,14,0.0344327,1,4,21,0.0265984,1,4,35,0.0265984,1,4,49,0.0344327,1,6,7,0.0344327,1,6,35,0.0344327,1,6,49,0.0344327,2,1,0,0.0265985,3,7,58,0.0265984,3,7,59,0.0344327,3,7,60,0.0344326,
d2d1
WHITE
14,1,14,14,5,2,1,14,14,14,14,14,0,14,0,3,3,14,2,14,14,14,14,14,14,14,14,14,14,0,14,0,9,14,14,4,14,8,14,8,14,14,0,14,14,14,8,14,14,10,14,12,14,14,10,14,11,14,14,11,13,14,14,9,0,0,0,0,-1,
0,1,56,0.0176001,0,4,7,0.0176001,0,4,42,0.0176001,0,4,49,0.0176001,0,6,57,0.0176001,0,6,58,0.0176001,1,4,0,0.0257683,1,4,1,0.0176001,1,6,0,0.0257683,1,6,1,0.0257683,1,7,0,0.0176001,1,7,28,0.0257683,2,0,0,0.0257683,2,0,1,0.0176001,2,0,14,0.0176001,2,0,28,0.0176001,2,0,29,0.0257683,2,2,7,0.0257683,2,2,8,0.0257683,2,2,9,0.0257683,2,2,10,0.0176001,2,2,21,0.0176001,2,2,35,0.0176001,2,2,36,0.0257683,2,2,49,0.0176001,2,2,50,0.0257683,4,3,0,0.0176001,4,3,1,0.0176001,4,3,7,0.0176001,4,3,8,0.0257683,4,3,9,0.0176001,4,3,14,0.0176001,4,3,15,0.0257683,4,3,21,0.0257683,4,3,22,0.0176001,4,3,28,0.0176001,4,3,29,0.0176001,4,3,30,0.0176001,4,3,31,0.0176001,4,3,35,0.0257683,4,3,36,0.0176001,4,3,37,0.0257683,4,3,42,0.0176001,4,3,43,0.0257683,4,3,44,0.0257683,5,2,0,0.0257683,5,2,7,0.0176001,5,2,49,0.0176001,
f6e5
BLACK
1,14,14,5,3,14,14,3,14,2,14,14,4,14,2,14,14,0,14,14,14,8,14,14,0,14,0,14,12,14,14,1,8,14,8,14,10,14,14,14,14,14,14,14,14,14,14,11,11,8,14,8,14,14,14,14,14,9,10,13,14,14,9,14,0,0,0,0,-1,
0,0,56,0.0327426,0,3,0,0.0327426,0,3,42,0.0327426,0,4,14,0.0327426,0,4,15,0.0327426,0,7,0,0.0327426,0,7,1,0.0327425,0,7,42,0.0327425,0,7,43,0.0327426,1,1,7,0.0327426,1,1,8,0.0411535,1,1,9,0.0411535,1,1,21,0.0327426,1,1,49,0.0327426,1,4,0,0.0327426,1,4,1,0.0327425,1,4,7,0.0327425,1,4,14,0.0411535,1,4,21,0.0327426,1,4,42,0.0327426,1,4,43,0.0327426,1,4,49,0.0411535,1,6,7,0.0327425,1,6,35,0.0411535,1,6,49,0.0411535,2,1,0,0.0327426,3,7,58,0.0327426,3,7,59,0.0327426,3,7,60,0.0327426,
g2h3
WHITE
14,1,14,14,5,2,1,14,14,14,14,14,0,14,0,3,3,14,14,14,14,14,14,14,14,14,14,2,14,0,14,0,9,14,14,4,14,8,14,8,10,14,0,14,14,14,8,14,14,14,14,12,14,14,10,14,11,14,14,11,13,14,14,9,0,0,0,0,-1,
0,1,56,0.0146523,0,1,57,0.0146523,0,4,7,0.0223324,0,4,42,0.0146523,0,4,49,0.0146523,0,6,57,0.0146523,0,6,58,0.0146523,1,4,0,0.0223323,1,4,1,0.0146523,1,6,0,0.0223323,1,6,1,0.0223324,1,7,0,0.0146523,1,7,28,0.0223323,2,0,0,0.0223323,2,0,1,0.0223323,2,0,14,0.0146523,2,0,15,0.0146523,2,0,16,0.0146523,2,0,17,0.0223323,2,0,18,0.0146523,2,0,19,0.0223323,2,0,20,0.0223323,2,0,28,0.0223324,2,0,29,0.0223324,3,3,7,0.0223323,3,3,8,0.0223323,3,3,9,0.0223323,3,3,21,0.0223323,3,3,22,0.0146523,3,3,35,0.0223323,3,3,36,0.0146523,3,3,37,0.0223323,3,3,49,0.0146523,3,3,50,0.0223323,3,3,51,0.0223323,4,3,0,0.0146523,4,3,1,0.0146523,4,3,7,0.0223324,4,3,8,0.0223323,4,3,9,0.0146523,4,3,14,0.0146523,4,3,15,0.0223323,4,3,21,0.0223323,4,3,22,0.0146523,4,3,35,0.0223323,4,3,36,0.0223323,4,3,37,0.0223323,4,3,42,0.0146523,4,3,43,0.0223323,4,3,44,0.0223323,5,2,0,0.0223323,5,2,7,0.0223324,
b7b5
BLACK
1,14,14,5,3,14,14,3,14,2,14,14,4,14,14,14,14,0,14,14,14,8,14,2,0,14,0,14,12,14,14,1,8,8,8,14,10,14,14,14,14,14,14,14,14,14,14,11,11,14,14,8,14,14,14,14,14,9,10,13,14,14,9,14,0,0,0,0,41,
0,0,56,0.0288041,0,3,0,0.0288041,0,3,42,0.028804,0,4,14,0.0288041,0,4,15,0.0214148,0,7,0,0.028804,0,7,42,0.0214148,0,7,43,0.0288041,1,1,7,0.0214148,1,1,8,0.028804,1,1,9,0.028804,1,1,21,0.0288041,1,1,49,0.028804,1,4,0,0.0288041,1,4,1,0.0214148,1,4,7,0.0288041,1,4,14,0.028804,1,4,15,0.0214148,1,4,16,0.0288041,1,4,21,0.0288041,1,4,42,0.0288041,1,4,43,0.0288041,1,4,49,0.028804,2,1,0,0.0288041,2,7,35,0.0288041,2,7,36,0.028804,2,7,49,0.0288041,2,7,50,0.028804,2,7,51,0.0288041,2,7,52,0.0288041,3,0,7,0.0288041,3,2,49,0.0288041,3,7,58,0.0288041,3,7,59,0.028804,3,7,60,0.0288041,3,7,61,0.0288041,
d1d2
WHITE
14,1,14,14,5,2,1,14,14,14,14,14,0,14,14,3,3,14,14,14,14,14,14,14,14,14,14,2,14,0,0,0,9,14,14,4,14,8,14,8,10,14,0,14,14,14,8,14,14,14,14,12,13,14,10,14,11,14,14,11,14,14,14,9,0,0,0,0,-1,
0,1,56,0.0132892,0,1,57,0.0132893,0,4,7,0.0132892,0,4,42,0.0132892,0,4,49,0.0132892,0,5,7,0.0212868,0,5,8,0.0132893,0,6,57,0.0132892,0,6,58,0.0132893,1,4,0,0.0212868,1,4,1,0.0132893,1,7,0,0.0132892,1,7,28,0.0212868,1,7,42,0.0212868,1,7,43,0.0212868,2,0,0,0.0212868,2,0,1,0.0132893,2,0,14,0.0132892,2,0,15,0.0132892,2,0,16,0.0132892,2,0,17,0.0212868,2,0,18,0.0132892,2,0,19,0.0212868,2,0,20,0.0212868,2,0,28,0.0132893,2,0,29,0.0212868,3,3,7,0.0212868,3,3,8,0.0212868,3,3,9,0.0212868,3,3,21,0.0212868,3,3,22,0.0132892,3,3,35,0.0212868,3,3,36,0.0132893,3,3,37,0.0212868,3,3,49,0.0132893,3,3,50,0.0132892,3,3,51,0.0212868,3,6,0,0.0132892,3,6,7,0.0212868,3,6,49,0.0132892,4,3,0,0.0132893,4,3,1,0.0132892,4,3,7,0.0132893,4,3,8,0.0212868,4,3,9,0.0132893,4,3,14,0.0132893,4,3,15,0.0212868,4,3,21,0.0212868,4,3,22,0.0132893,4,3,23,0.0132892,4,3,24,0.0212868,4,3,35,0.0212868,4,3,36,0.0132892,4,3,37,0.0212868,4,3,42,0.0132893,4,3,43,0.0212868,4,3,44,0.0212868,5,2,0,0.0212868,5,2,7,0.0132893,
e5h2
BLACK
1,14,14,14,3,14,14,3,14,2,14,5,4,14,14,10,14,0,14,14,14,8,14,2,0,14,0,14,12,14,14,1,8,8,8,14,14,14,14,14,14,14,14,14,14,14,14,11,11,14,14,8,14,14,14,14,14,9,10,13,14,14,9,14,0,0,0,0,-1,
0,0,56,0.0246729,0,4,14,0.0246729,0,4,15,0.0174206,0,4,42,0.0246729,0,4,43,0.0246729,0,4,44,0.0246729,0,7,0,0.0246729,0,7,42,0.0174207,0,7,43,0.0246729,1,1,7,0.0174206,1,1,8,0.0246729,1,1,9,0.0246729,1,1,10,0.0246729,1,1,11,0.0246729,1,1,12,0.0246729,1,1,21,0.0246729,1,1,49,0.0246729,1,3,28,0.0246729,1,3,35,0.0246729,1,3,49,0.0246729,1,4,0,0.0246729,1,4,1,0.0174207,1,4,7,0.0246729,1,4,14,0.0246729,1,4,15,0.0174207,1,4,16,0.0246729,1,4,21,0.0246729,1,4,35,0.0246729,1,4,49,0.0246729,2,1,0,0.0246729,2,7,35,0.0246729,2,7,36,0.0246729,2,7,49,0.0246729,2,7,50,0.0246729,2,7,51,0.0246729,2,7,52,0.0246729,3,0,7,0.0246729,3,2,49,0.0246729,3,7,58,0.0246729,3,7,59,0.0246729,3,7,60,0.0246729,3,7,61,0.0246729,
e2f2
WHITE
14,1,14,14,5,2,1,14,14,14,14,14,0,14,14,3,3,14,14,14,14,14,14,14,14,14,14,14,14,0,0,0,9,14,14,4,14,8,14,8,10,14,0,14,14,14,8,14,2,14,12,14,13,14,10,14,11,14,14,11,14,14,14,9,0,0,0,0,-1,
0,1,56,0.0193273,0,1,57,0.0193273,0,4,7,0.0193273,0,4,42,0.0120659,0,4,49,0.0193274,0,5,7,0.0193274,0,5,8,0.0120659,0,6,57,0.012066,0,6,58,0.0193273,1,4,0,0.0193274,1,4,1,0.0120659,1,7,0,0.0120659,1,7,28,0.0193273,1,7,42,0.0193274,1,7,43,0.0193274,2,0,0,0.0193274,2,0,1,0.0193273,2,0,14,0.0120659,2,0,15,0.012066,2,0,16,0.0120659,2,0,17,0.0193274,2,0,18,0.0120659,2,0,19,0.0193274,2,0,20,0.0193274,2,0,28,0.0193273,2,0,29,0.0193274,3,6,0,0.0193274,3,6,7,0.0193274,3,6,49,0.0120659,4,3,0,0.0120659,4,3,1,0.0193273,4,3,2,0.0193274,4,3,7,0.0193274,4,3,8,0.0193274,4,3,9,0.0193273,4,3,14,0.0120659,4,3,15,0.0193274,4,3,21,0.0193274,4,3,22,0.0193273,4,3,23,0.0193273,4,3,24,0.0193274,4,3,28,0.0193273,4,3,29,0.0120659,4,3,30,0.0193274,4,3,31,0.0193273,4,3,35,0.0193274,4,3,36,0.0193273,4,3,37,0.0193273,4,3,42,0.0193274,4,3,43,0.0193274,4,3,44,0.0193274,6,0,7,0.0193274,6,0,21,0.0193274,6,0,22,0.0193274,6,0,23,0.012066,6,0,24,0.0193273,6,0,25,0.0193273,
e4c6
BLACK
1,14,14,14,3,14,14,3,14,2,14,5,14,4,14,10,14,0,14,14,14,8,14,2,0,14,0,14,14,14,14,1,8,8,8,14,14,14,14,14,14,14,12,14,14,14,14,11,11,14,14,8,14,14,14,14,14,9,10,13,14,14,9,14,0,0,0,0,-1,
0,0,56,0.0236188,0,4,0,0.0236188,0,4,1,0.0236188,0,4,2,0.0154963,0,4,3,0.0154963,0,4,4,0.0154963,0,4,5,0.0154963,0,4,6,0.0154963,0,4,14,0.0154963,0,4,15,0.0154963,0,4,42,0.0154963,0,4,43,0.0236188,0,4,44,0.0236188,0,7,0,0.0236188,0,7,42,0.0154964,0,7,43,0.0154963,1,1,7,0.0154963,1,1,8,0.0236188,1,1,9,0.0236188,1,1,10,0.0236188,1,1,11,0.0236188,1,1,12,0.0154963,1,1,21,0.0154964,1,1,49,0.0236188,1,3,0,0.0236188,1,3,7,0.0154963,1,3,28,0.0236188,1,3,35,0.0236188,1,3,42,0.0154963,1,3,49,0.0236188,1,5,0,0.0154963,1,5,7,0.0154963,1,5,14,0.0154963,1,5,15,0.0236188,1,5,21,0.0236188,1,5,28,0.0154963,1,5,42,0.0154963,1,5,49,0.0154964,1,5,50,0.0236188,1,5,51,0.0154963,2,1,0,0.0154963,2,7,35,0.0236188,2,7,36,0.0236188,2,7,49,0.0154964,2,7,50,0.0236188,2,7,51,0.0154963,2,7,52,0.0154963,3,0,7,0.0154963,3,2,49,0.0154963,3,7,58,0.0154963,3,7,59,0.0236188,3,7,60,0.0154964,3,7,61,0.0154963,
a4b5 (capture)
WHITE
14,1,14,14,5,2,1,14,14,14,14,14,0,14,14,3,3,14,14,14,14,4,14,14,14,14,14,14,14,0,8,0,9,14,14,14,14,8,14,14,10,14,0,14,14,14,8,14,2,14,12,14,13,14,10,14,11,14,14,11,14,14,14,9,0,0,0,0,-1,
0,1,56,0.0271679,0,1,57,0.0271678,0,4,7,0.0271679,0,5,7,0.0271679,0,5,8,0.0197246,0,6,57,0.0197245,1,4,0,0.0271679,1,4,1,0.0197245,1,7,0,0.0197245,1,7,28,0.0271679,1,7,42,0.0271679,1,7,43,0.0271679,2,0,0,0.0271679,2,0,1,0.0271679,2,0,14,0.0271679,2,0,15,0.0197246,2,0,16,0.0271678,2,0,17,0.0271679,2,0,28,0.0271679,2,0,29,0.0271679,2,5,7,0.0271679,2,5,14,0.0271679,2,5,15,0.0271678,2,5,21,0.0271679,2,5,22,0.0271679,2,5,28,0.0271679,2,5,42,0.0271679,2,5,43,0.0271679,2,5,44,0.0197246,2,5,45,0.0271679,2,5,49,0.0271679,2,5,50,0.0271679,3,7,0,0.0197245,6,0,7,0.0271679,6,0,21,0.0271678,6,0,22,0.0271679,6,0,23,0.0197245,6,0,24,0.0271679,6,0,25,0.0271678,
h6f6
BLACK
1,14,14,14,3,14,14,3,14,2,14,5,14,4,14,10,14,0,14,14,14,8,14,2,14,14,0,14,14,14,14,1,8,0,8,14,14,14,14,14,14,14,12,14,14,11,14,14,11,14,14,8,14,14,14,14,14,9,10,13,14,14,9,14,0,0,0,0,-1,
0,0,56,0.0211788,0,4,0,0.0211788,0,4,1,0.0211788,0,4,2,0.0211788,0,4,3,0.0138954,0,4,4,0.0211788,0,4,5,0.0211788,0,4,6,0.0211787,0,4,14,0.0211788,0,4,15,0.0138954,0,4,42,0.0138954,0,4,43,0.0211788,0,4,44,0.0211788,0,7,0,0.0211788,0,7,42,0.0138955,0,7,43,0.0211788,1,1,7,0.0138954,1,1,8,0.0211788,1,1,9,0.0211788,1,1,10,0.0211788,1,1,21,0.0211788,1,1,49,0.0211788,1,3,0,0.0211788,1,3,7,0.0211788,1,3,28,0.0211788,1,3,35,0.0211788,1,3,42,0.0211788,1,3,49,0.0211788,1,5,0,0.0211788,1,5,7,0.0138954,1,5,14,0.0211788,1,5,15,0.0211788,1,5,21,0.0211788,1,5,28,0.0211788,1,5,42,0.0211787,1,5,49,0.0138954,1,5,50,0.0211788,1,5,51,0.0138954,2,1,0,0.0138955,2,7,35,0.0211788,2,7,36,0.0211788,2,7,49,0.0211788,2,7,50,0.0211788,2,7,51,0.0211788,2,7,52,0.0211787,3,7,58,0.0211788,3,7,59,0.0211788,3,7,60,0.0211787,3,7,61,0.0138954,4,1,0,0.0211788,4,1,7,0.0138954,
e1e4
WHITE
14,1,14,14,5,2,1,14,14,14,14,14,0,14,14,3,14,14,3,14,14,4,14,14,14,14,14,14,14,0,8,0,9,14,14,11,14,8,14,14,10,14,0,14,14,14,8,14,2,14,12,14,13,14,10,14,11,14,14,14,14,14,14,9,0,0,0,0,-1,
0,1,56,0.0231423,0,1,58,0.0231423,0,4,7,0.0311276,0,5,7,0.0311276,0,5,8,0.0231423,0,6,57,0.0231423,1,4,0,0.0311276,1,4,1,0.0231423,1,7,0,0.0231423,1,7,28,0.0311276,1,7,42,0.0311276,1,7,43,0.0311276,2,2,0,0.0231423,2,2,1,0.0311276,2,2,14,0.0231423,2,2,15,0.0311276,2,2,28,0.0311276,2,2,29,0.0311276,2,2,42,0.0231423,2,2,43,0.0311276,2,5,7,0.0311276,2,5,14,0.0311276,2,5,15,0.0231423,2,5,21,0.0311276,2,5,22,0.0231423,2,5,28,0.0311276,2,5,42,0.0231423,2,5,43,0.0231423,2,5,49,0.0231423,2,5,50,0.0231423,3,7,0,0.0231423,6,0,7,0.0311276,6,0,21,0.0231423,6,0,22,0.0311276,6,0,23,0.0231423,6,0,24,0.0311276,6,0,25,0.0231423,
a7c7
BLACK
1,14,14,14,14,14,14,3,14,2,14,5,14,4,14,10,14,0,14,14,14,8,14,2,14,14,0,14,3,14,14,1,8,0,8,14,14,14,14,14,14,14,12,14,14,11,14,14,14,14,11,8,14,14,14,14,14,9,10,13,14,14,9,14,0,0,0,0,-1,
0,0,56,0.0175142,0,7,0,0.0175142,0,7,42,0.0175142,0,7,43,0.0175142,0,7,44,0.0175142,0,7,45,0.0175141,0,7,46,0.0175142,0,7,47,0.0175142,1,1,7,0.0175142,1,1,8,0.0266944,1,1,9,0.0175142,1,1,10,0.0175141,1,1,21,0.0175142,1,1,49,0.0175141,1,3,0,0.0175142,1,3,7,0.0175142,1,3,21,0.0175142,1,3,28,0.0175142,1,3,35,0.0266943,1,3,42,0.0175142,1,3,49,0.0175142,1,5,0,0.0175142,1,5,7,0.0175142,1,5,14,0.0175142,1,5,15,0.0175142,1,5,21,0.0266943,1,5,28,0.0175141,1,5,35,0.0175142,1,5,42,0.0175142,1,5,49,0.0175142,1,5,50,0.0175142,1,5,51,0.0175142,2,1,0,0.0175142,2,7,35,0.0175142,2,7,36,0.0175142,2,7,49,0.0175142,2,7,50,0.0175141,2,7,51,0.0175142,2,7,52,0.0175142,3,4,0,0.0175141,3,4,1,0.0175142,3,4,2,0.0175141,3,4,3,0.0175141,3,4,14,0.0175142,3,4,15,0.0266943,3,4,28,0.0175142,3,4,29,0.0175142,3,4,30,0.0175142,3,4,42,0.0175142,3,7,58,0.0175142,3,7,59,0.0175142,3,7,60,0.0175141,3,7,61,0.0175142,4,1,0,0.0175141,4,1,7,0.0175142,
e4e7
WHITE
14,1,14,14,5,2,1,14,14,14,14,11,0,3,14,14,14,14,3,14,14,4,14,14,14,14,14,14,14,0,8,0,9,14,14,14,14,8,14,14,10,14,0,14,14,14,8,14,2,14,12,14,13,14,10,14,11,14,14,14,14,14,14,9,0,0,0,0,-1,
0,1,56,0.0292585,0,1,58,0.0292585,0,4,49,0.0292584,0,5,7,0.0378762,0,5,8,0.0292584,0,6,57,0.0292584,1,4,0,0.0292585,1,4,1,0.0292585,1,5,14,0.0292584,1,5,15,0.0378762,2,2,0,0.0292585,2,2,1,0.0292585,2,2,14,0.0292584,2,2,15,0.0292585,2,2,28,0.0292585,2,2,29,0.0292585,2,2,42,0.0292584,2,2,43,0.0378762,2,5,7,0.0292585,2,5,14,0.0378762,2,5,15,0.0292584,2,5,21,0.0292585,2,5,22,0.0292584,2,5,42,0.0292585,2,5,43,0.0292585,2,5,49,0.0292584,2,5,50,0.0292584,3,7,0,0.0292584,6,0,7,0.0292584,6,0,21,0.0292584,6,0,22,0.0292585,6,0,23,0.0292584,6,0,24,0.0292585,
c8a6
BLACK
1,14,14,14,14,14,14,3,14,2,14,5,14,4,14,10,14,0,14,14,14,8,14,2,14,14,0,14,14,14,14,1,8,0,8,14,14,14,14,14,10,14,12,14,14,11,14,14,14,14,11,8,3,14,14,14,14,9,14,13,14,14,9,14,0,0,0,0,-1,
0,0,56,0.0193273,0,7,0,0.0193274,0,7,42,0.012066,0,7,43,0.0193273,0,7,44,0.0193274,0,7,45,0.0193274,0,7,46,0.0120659,0,7,47,0.0120659,1,1,7,0.0120659,1,1,8,0.0193274,1,1,9,0.0193274,1,1,10,0.0193274,1,1,21,0.0120659,1,1,49,0.0193273,1,3,0,0.0193274,1,3,7,0.0193274,1,3,21,0.0120659,1,3,28,0.0193274,1,3,35,0.0193274,1,3,42,0.0193273,1,3,49,0.0193273,1,5,0,0.012066,1,5,7,0.0120659,1,5,14,0.0193273,1,5,15,0.0193273,1,5,21,0.0193274,1,5,28,0.0193273,1,5,35,0.0193274,1,5,42,0.0193273,1,5,49,0.0120659,1,5,50,0.0193274,1,5,51,0.012066,2,1,0,0.0120659,2,7,35,0.0193274,2,7,36,0.0193274,2,7,49,0.0193274,2,7,50,0.0193273,2,7,51,0.0193273,2,7,52,0.0193274,3,7,58,0.0193274,3,7,59,0.0193274,3,7,60,0.0193273,3,7,61,0.0120659,4,1,0,0.0193273,4,1,7,0.0120659,4,1,49,0.0193274,6,4,0,0.0193273,6,4,14,0.0193274,6,4,15,0.0193274,6,4,16,0.0193273,6,4,28,0.0193273,6,4,29,0.0193274,6,4,30,0.0193274,6,4,31,0.0193274,6,4,32,0.0120659,6,4,33,0.0193274,6,4,42,0.0193273,
h1b1
WHITE
14,1,14,14,5,14,1,14,14,14,14,11,0,3,14,14,14,14,3,14,14,4,14,2,14,14,14,14,14,0,8,0,9,14,14,14,14,8,14,14,10,14,0,14,14,14,8,14,2,14,12,14,13,14,10,14,14,14,14,14,14,14,11,9,0,0,0,0,-1,
0,1,56,0.0319008,0,1,58,0.0319008,0,4,14,0.0319008,0,4,49,0.0242075,1,4,0,0.0319008,1,4,1,0.0242075,1,5,14,0.0319008,1,5,15,0.0319008,1,5,28,0.0319008,2,2,0,0.0242074,2,2,1,0.0319008,2,2,14,0.0319008,2,2,15,0.0319008,2,2,28,0.0319008,2,2,29,0.0319008,2,2,42,0.0242075,2,2,43,0.0319008,2,5,7,0.0319008,2,5,14,0.0319008,2,5,21,0.0319008,2,5,22,0.0319008,2,5,42,0.0242074,2,5,43,0.0319008,2,5,49,0.0242074,2,5,50,0.0242075,2,7,35,0.0319008,2,7,36,0.0319008,2,7,49,0.0242075,3,7,0,0.0242074,6,0,7,0.0319008,6,0,21,0.0242074,6,0,22,0.0319008,6,0,23,0.0242074,6,0,24,0.0319008,
f6d6
BLACK
1,3,14,14,14,14,14,14,14,2,14,5,14,4,14,10,14,0,14,14,14,8,14,2,14,14,0,14,14,14,14,1,8,0,8,14,14,14,14,14,10,14,12,11,14,14,14,14,14,14,11,8,3,14,14,14,14,9,14,13,14,14,9,14,0,0,0,0,-1,
1,1,8,0.148634,1,3,7,0.140547,1,3,21,0.140547,1,3,35,0.148633,1,3,42,0.140547,1,3,49,0.140547,1,5,50,0.140547,
d2e3
WHITE
14,1,14,14,5,14,1,14,14,14,14,11,0,3,14,14,14,14,14,14,3,4,14,2,14,14,14,14,14,0,8,0,9,14,14,14,14,8,14,14,10,14,0,13,14,14,8,14,2,14,12,14,14,14,10,14,14,14,14,14,14,14,11,9,0,0,0,0,-1,
0,1,56,0.0314235,0,1,57,0.0314236,0,1,58,0.0314235,0,4,14,0.0314235,0,4,49,0.0314236,1,5,14,0.0314236,1,5,15,0.0314235,1,5,28,0.0314235,2,4,0,0.0400471,2,4,1,0.0314235,2,4,2,0.0314235,2,4,3,0.0314235,2,4,4,0.0400471,2,4,42,0.0314234,2,4,43,0.0314235,2,4,44,0.0314235,2,4,45,0.0314235,2,5,7,0.0314235,2,5,14,0.0400471,2,5,21,0.0314235,2,5,22,0.0314235,2,5,49,0.0314236,2,5,50,0.0314235,2,7,35,0.0314235,2,7,36,0.0314235,2,7,49,0.0314235,3,7,0,0.0314235,6,0,7,0.0314235,6,0,21,0.0314235,6,0,22,0.0314235,6,0,23,0.0314236,
d6h6
BLACK
1,3,14,14,14,14,14,14,14,2,14,14,14,4,14,10,14,0,14,14,5,8,14,2,14,14,0,14,14,14,14,1,8,0,8,14,14,14,14,14,10,14,12,14,14,14,14,11,14,14,11,8,3,14,14,14,14,9,14,13,14,14,9,14,0,0,0,0,-1,
0,0,56,0.0188052,0,1,14,0.0188051,0,1,15,0.0188052,0,1,16,0.0275326,0,1,17,0.0275326,0,1,18,0.0275326,0,1,19,0.0188051,1,1,7,0.0188052,1,1,8,0.0275326,1,1,9,0.0275326,1,1,10,0.0188051,1,1,11,0.0188052,1,1,12,0.0188051,1,1,21,0.0188051,1,1,49,0.0188051,1,5,0,0.0188051,1,5,7,0.0188051,1,5,14,0.0188051,1,5,15,0.0188052,1,5,21,0.0275326,1,5,28,0.0188052,1,5,35,0.0188052,1,5,42,0.0188051,1,5,43,0.0188051,1,5,44,0.0188051,2,1,0,0.0188051,2,4,35,0.0188051,2,4,42,0.0188051,2,7,35,0.0188052,2,7,36,0.0188051,2,7,49,0.0188051,2,7,50,0.0188052,2,7,51,0.0188051,2,7,52,0.0188051,3,7,58,0.0188052,3,7,59,0.0188051,3,7,60,0.0188051,3,7,61,0.0188052,4,1,0,0.0188051,4,1,7,0.0188051,4,1,49,0.0188052,6,4,0,0.0188051,6,4,14,0.0275326,6,4,15,0.0188051,6,4,16,0.0188051,6,4,28,0.0188052,6,4,29,0.0275326,6,4,30,0.0275326,6,4,42,0.0188051,
b2c1
WHITE
14,1,14,14,5,14,1,14,14,14,14,11,0,3,14,14,3,14,14,14,14,4,14,2,14,14,14,14,14,0,8,0,9,14,14,14,14,8,14,14,10,14,0,13,14,14,8,14,2,14,12,14,14,14,14,14,14,14,14,14,14,10,11,9,0,0,0,0,-1,
0,1,56,0.0288041,0,1,57,0.0288041,0,4,14,0.0288041,0,4,49,0.0288041,1,4,0,0.0288041,1,4,1,0.0214148,1,5,14,0.0288041,1,5,15,0.028804,1,5,28,0.0288041,2,0,0,0.028804,2,0,1,0.0288041,2,0,14,0.0288041,2,0,15,0.0214148,2,0,16,0.0288041,2,0,17,0.028804,2,0,28,0.0288041,2,0,29,0.028804,2,5,7,0.028804,2,5,14,0.028804,2,5,21,0.028804,2,5,22,0.0288041,2,5,42,0.0288041,2,5,43,0.0288041,2,5,44,0.0214148,2,5,45,0.0288041,2,5,49,0.0288041,2,5,50,0.0288041,2,7,35,0.028804,2,7,36,0.028804,2,7,49,0.0288041,3,7,0,0.0214148,6,0,7,0.0288041,6,0,21,0.0288041,6,0,22,0.028804,6,0,23,0.0214148,6,0,24,0.0288041,
c6d6
BLACK
1,3,2,14,14,14,14,14,14,14,14,14,14,4,14,10,14,0,14,14,5,8,14,2,14,14,0,14,14,14,14,1,8,0,8,14,14,14,14,14,10,14,14,12,14,14,14,11,14,14,11,8,3,14,14,14,14,9,14,13,14,14,9,14,0,0,0,0,-1,
0,0,56,0.0292,0,1,0,0.0212,0,2,7,0.0212,0,2,49,0.0212,0,2,50,0.0211999,1,5,0,0.0211999,1,5,7,0.0211999,1,5,14,0.0212,1,5,15,0.0292,1,5,21,0.0292,1,5,28,0.0212,1,5,35,0.0292,1,5,42,0.0211999,1,5,43,0.0292,1,5,44,0.0211999,1,5,45,0.0292,1,5,46,0.0212,2,1,0,0.0211999,2,4,0,0.0292,2,4,14,0.0212,2,7,35,0.0292,2,7,36,0.0292,2,7,49,0.0212,2,7,50,0.0292,2,7,51,0.0211999,2,7,52,0.0212,3,7,58,0.0211999,3,7,59,0.0292,3,7,60,0.0211999,3,7,61,0.0212,4,1,0,0.0292,4,1,49,0.0292,6,4,0,0.0292,6,4,14,0.0292,6,4,15,0.0292,6,4,16,0.0212,6,4,28,0.0212,6,4,29,0.0292,6,4,30,0.0292,6,4,42,0.0292,
a1c2
WHITE
14,1,14,14,5,14,1,14,14,14,14,11,0,3,14,14,3,14,14,14,4,14,14,2,14,14,14,14,14,0,8,0,9,14,14,14,14,8,14,14,10,14,0,13,14,14,8,14,2,14,12,14,14,9,14,14,14,14,14,14,14,10,11,14,0,0,0,0,-1,
0,1,56,0.0251729,0,1,57,0.0251729,0,4,14,0.0251729,0,4,49,0.0251729,0,6,58,0.0251729,1,5,0,0.0251729,1,5,14,0.0251729,1,5,15,0.0251729,1,5,28,0.0251729,2,0,0,0.0338589,2,0,1,0.0251729,2,0,14,0.0251729,2,0,15,0.0251729,2,0,16,0.0251729,2,0,28,0.0251729,2,0,29,0.0251729,2,4,0,0.0338589,2,4,1,0.0251729,2,4,2,0.0251729,2,4,3,0.0251729,2,4,4,0.0338589,2,4,14,0.0251729,2,4,15,0.0251729,2,4,35,0.0251729,2,4,42,0.0251729,2,4,43,0.0338589,2,4,44,0.0338589,2,4,49,0.0251729,2,4,50,0.0251729,2,4,51,0.0251729,2,7,35,0.0251729,2,7,36,0.0251729,2,7,49,0.0251729,3,7,0,0.0251729,6,0,7,0.0251729,6,0,21,0.0251729,6,0,22,0.0251729,6,0,23,0.0251729,
h6h7
BLACK
14,3,2,14,14,14,14,14,14,14,1,14,14,4,14,10,14,0,14,14,5,8,14,2,14,14,0,14,14,14,14,1,8,0,8,14,14,14,14,14,10,14,14,12,14,14,14,14,14,14,11,8,3,14,14,11,14,9,14,13,14,14,9,14,0,0,0,0,-1,
0,1,0,0.0174206,0,1,42,0.0246729,0,2,7,0.0174206,0,2,49,0.0246729,0,2,50,0.0246729,1,2,57,0.0246729,1,2,58,0.0246729,1,2,59,0.0246729,1,2,60,0.0246729,1,2,63,0.0246729,1,5,0,0.0246729,1,5,7,0.0174207,1,5,14,0.0246729,1,5,15,0.0246729,1,5,21,0.0246729,1,5,28,0.0246729,1,5,35,0.0246729,1,5,42,0.0246729,1,5,43,0.0246729,2,1,0,0.0246729,2,4,0,0.0246729,2,4,14,0.0174207,2,7,35,0.0246729,2,7,36,0.0246729,2,7,49,0.0246729,2,7,50,0.0246729,2,7,51,0.0246729,2,7,52,0.0246729,3,7,58,0.0246729,3,7,59,0.0246729,3,7,60,0.0246729,3,7,61,0.0174207,4,1,0,0.0246729,4,1,49,0.0246729,6,4,0,0.0246729,6,4,14,0.0246729,6,4,15,0.0246729,6,4,16,0.0246729,6,4,28,0.0246729,6,4,29,0.0246729,6,4,30,0.0246729,6,4,42,0.0246729,
f2d2
WHITE
14,1,14,14,5,14,1,14,3,14,14,11,0,3,14,14,14,14,14,14,4,14,14,2,14,14,14,14,14,0,8,0,9,14,14,14,14,8,14,14,10,14,0,13,14,14,8,14,2,14,14,14,12,9,14,14,14,14,14,14,14,10,11,14,0,0,0,0,-1,
0,1,56,0.0212,0,1,57,0.0212,0,1,58,0.0292,0,4,14,0.0292,0,4,49,0.0211999,0,6,58,0.0212,1,0,0,0.0292,1,0,1,0.0211999,1,0,2,0.0211999,1,0,14,0.0292,1,0,15,0.0292,1,0,16,0.0212,1,0,28,0.0292,1,5,0,0.0211999,1,5,14,0.0211999,1,5,15,0.0292,1,5,28,0.0292,2,4,0,0.0292,2,4,1,0.0292,2,4,2,0.0212,2,4,3,0.0211999,2,4,14,0.0211999,2,4,15,0.0212,2,4,35,0.0212,2,4,42,0.0212,2,4,43,0.0292,2,4,44,0.0292,2,4,45,0.0212,2,4,49,0.0211999,2,4,50,0.0292,2,4,51,0.0292,2,7,35,0.0292,2,7,36,0.0292,2,7,49,0.0212,3,7,0,0.0211999,5,2,0,0.0292,6,0,7,0.0292,6,0,21,0.0212,6,0,22,0.0292,6,0,23,0.0212,
d6g6
BLACK
14,3,2,14,14,14,14,14,14,14,1,4,14,14,14,10,14,0,14,14,5,8,14,2,14,14,0,14,14,14,14,1,8,0,8,14,14,14,14,14,10,14,14,14,14,14,12,14,14,14,11,8,3,14,14,11,14,9,14,13,14,14,9,14,0,0,0,0,-1,
0,1,0,0.0156006,0,1,42,0.0228409,0,2,49,0.0228409,0,2,50,0.0228409,1,2,57,0.0228409,1,2,58,0.0228409,1,2,59,0.0228409,1,2,60,0.0228409,1,2,63,0.0228409,1,3,0,0.0228409,1,3,1,0.0228409,1,3,2,0.0156007,1,3,3,0.0228409,1,3,4,0.0228409,1,3,14,0.0228409,1,3,15,0.022841,1,3,16,0.0156007,1,3,17,0.0228409,1,3,21,0.0228409,1,3,28,0.0228409,1,3,49,0.0228409,1,3,50,0.0228409,1,3,51,0.0228409,2,1,0,0.0156006,2,4,14,0.0156007,2,4,21,0.0156006,2,7,35,0.0228409,2,7,36,0.0228409,2,7,49,0.0228409,2,7,50,0.0228409,2,7,51,0.022841,2,7,52,0.0228409,3,7,58,0.0228409,3,7,59,0.0228409,3,7,60,0.0228409,3,7,61,0.0156006,4,1,0,0.0228409,4,1,49,0.0228409,6,4,0,0.0228409,6,4,14,0.0228409,6,4,15,0.0228409,6,4,16,0.0228409,6,4,28,0.0228409,6,4,29,0.0228409,6,4,30,0.0228409,6,4,42,0.0228409,
d2e2
WHITE
14,1,14,14,5,14,1,14,3,14,14,11,0,3,14,14,14,4,14,14,14,14,14,2,14,14,14,14,14,0,8,0,9,14,14,14,14,8,14,14,10,14,0,13,14,14,8,14,2,14,14,12,14,9,14,14,14,14,14,14,14,10,11,14,0,0,0,0,-1,
0,1,56,0.0188051,0,1,57,0.0188051,0,1,58,0.0188051,0,4,14,0.0188051,0,4,49,0.0188052,0,6,58,0.0188051,1,0,0,0.0275326,1,0,1,0.0188051,1,0,2,0.0188051,1,0,14,0.0275326,1,0,15,0.0275326,1,0,16,0.0188051,1,0,28,0.0275326,1,4,0,0.0188051,1,4,1,0.0188052,1,5,0,0.0188051,1,5,14,0.0188052,1,5,15,0.0188052,1,5,28,0.0188052,2,1,0,0.0188051,2,1,1,0.0275326,2,1,2,0.0275326,2,1,3,0.0188051,2,1,4,0.0188052,2,1,7,0.0188051,2,1,8,0.0188051,2,1,9,0.0188051,2,1,10,0.0188051,2,1,14,0.0275326,2,1,15,0.0188051,2,1,16,0.0188051,2,1,17,0.0188052,2,1,18,0.0188051,2,1,21,0.0188051,2,1,22,0.0188052,2,1,28,0.0188052,2,1,42,0.0188051,2,1,49,0.0188052,2,7,35,0.0275326,2,7,36,0.0275326,2,7,49,0.0188052,3,7,0,0.0188051,5,2,0,0.0188051,5,2,7,0.0188052,6,0,7,0.0188052,6,0,21,0.0188051,6,0,22,0.0188051,6,0,23,0.0188051,6,0,24,0.0188051,
h7h8
BLACK
14,3,2,14,14,14,14,14,14,14,1,14,4,14,14,10,14,0,14,14,5,8,14,2,14,14,0,14,14,14,14,1,8,0,8,14,14,14,14,14,10,14,14,14,14,14,12,14,14,14,11,8,3,14,14,14,14,9,14,13,14,14,9,11,0,0,0,0,-1,
0,1,0,0.0185792,0,1,42,0.0185791,0,2,7,0.0185791,0,2,49,0.0263137,0,2,50,0.0263137,1,2,57,0.0263136,1,2,58,0.0263136,1,2,59,0.0263136,1,2,60,0.0263136,1,2,63,0.0263136,1,4,7,0.0185792,1,4,14,0.0263136,1,4,15,0.0185791,1,4,16,0.0263136,1,4,21,0.0185792,1,4,28,0.0263136,1,4,35,0.0185791,1,4,42,0.0263137,1,4,49,0.0263136,2,1,0,0.0185791,2,4,14,0.0185791,2,4,21,0.0185792,2,4,35,0.0185792,2,7,35,0.0263136,2,7,36,0.0263136,2,7,49,0.0185792,2,7,50,0.0263136,2,7,51,0.0263136,2,7,52,0.0185792,3,7,58,0.0185792,3,7,59,0.0263136,3,7,60,0.0263136,3,7,61,0.0185792,4,1,0,0.0263136,4,1,49,0.0263136,6,4,0,0.0263136,6,4,14,0.0263136,6,4,15,0.0263136,6,4,16,0.0185791,6,4,28,0.0185792,6,4,29,0.0263136,6,4,30,0.0263136,6,4,42,0.0263136,
h3d7 (capture)
WHITE
3,1,14,14,5,14,1,14,14,14,14,11,10,3,14,14,14,4,14,14,14,14,14,2,14,14,14,14,14,0,8,0,9,14,14,14,14,8,14,14,14,14,0,13,14,14,8,14,2,14,14,12,14,9,14,14,14,14,14,14,14,10,11,14,0,0,0,0,-1,
0,0,0,0.0228409,0,0,1,0.0228409,0,0,2,0.0228409,0,0,3,0.0228409,0,1,56,0.0228409,0,1,57,0.0228409,0,1,58,0.0228409,0,4,49,0.0228409,0,6,58,0.0228409,0,6,59,0.0228409,1,5,0,0.0228409,1,5,14,0.0228409,1,5,15,0.0228409,1,5,28,0.0228409,1,5,42,0.0228409,2,1,0,0.0228409,2,1,1,0.0228409,2,1,2,0.0228409,2,1,3,0.0228409,2,1,4,0.0228409,2,1,7,0.022841,2,1,8,0.0228409,2,1,9,0.0228409,2,1,10,0.0156006,2,1,14,0.0228409,2,1,15,0.0156007,2,1,16,0.0156006,2,1,17,0.0228409,2,1,18,0.0228409,2,1,21,0.0228409,2,1,22,0.0228409,2,1,28,0.0156006,2,1,35,0.0228409,2,1,42,0.0156007,2,1,49,0.0228409,2,7,35,0.0228409,2,7,36,0.0228409,2,7,49,0.022841,3,7,0,0.0156006,5,2,0,0.0228409,5,2,7,0.0228409,6,0,7,0.0228409,6,0,21,0.0228409,6,0,22,0.0228409,6,0,23,0.0156007,6,0,24,0.0228409,
g6g2
BLACK
14,3,2,14,14,14,14,14,14,14,1,14,4,14,12,10,14,0,14,14,5,8,14,14,14,14,0,14,14,14,14,1,8,0,8,14,14,14,14,14,10,14,14,14,14,14,14,14,14,14,11,2,3,14,14,14,14,9,14,13,14,14,9,11,0,0,0,0,-1,
0,1,0,0.0174207,0,1,42,0.0246729,0,2,7,0.0174206,0,2,49,0.0246729,0,2,50,0.0246729,1,2,57,0.0246729,1,2,58,0.0246729,1,2,59,0.0246729,1,2,60,0.0246729,1,2,63,0.0246729,1,4,7,0.0246729,1,4,14,0.0246729,1,4,15,0.0174206,1,4,21,0.0246729,1,4,28,0.0246729,1,4,35,0.0246729,1,4,42,0.0246729,1,4,49,0.0246729,2,1,0,0.0246729,2,4,0,0.0246729,2,4,35,0.0174207,2,4,42,0.0246729,3,7,58,0.0246729,3,7,59,0.0246729,3,7,60,0.0246729,3,7,61,0.0174207,4,1,0,0.0246729,4,1,49,0.0246729,6,3,7,0.0246729,6,3,21,0.0246729,6,3,22,0.0246729,6,3,23,0.0246729,6,3,24,0.0246729,6,3,35,0.0246729,6,3,49,0.0246729,6,4,0,0.0246729,6,4,14,0.0246729,6,4,15,0.0246729,6,4,16,0.0246729,6,4,28,0.0246729,6,4,29,0.0246729,6,4,30,0.0246729,
e2e1
WHITE
3,1,14,14,5,14,1,14,14,14,14,11,10,3,14,14,14,14,14,14,14,14,14,2,14,14,14,14,14,0,8,0,9,14,14,14,14,8,14,14,14,14,0,13,14,14,8,14,2,4,14,14,14,9,14,14,14,14,14,12,14,10,11,14,0,0,0,0,-1,
0,0,0,0.0251729,0,0,1,0.0251729,0,0,2,0.0338589,0,0,3,0.0251729,0,1,56,0.0251729,0,1,57,0.0251729,0,1,58,0.0251729,0,4,49,0.0251729,0,6,58,0.0251729,0,6,59,0.0338589,1,5,0,0.0251729,1,5,14,0.0251729,1,5,15,0.0251729,1,5,28,0.0251729,1,5,42,0.0251729,2,7,35,0.0251729,2,7,36,0.0251729,2,7,49,0.0251729,3,7,0,0.0251729,5,2,0,0.0251729,6,0,7,0.0251729,6,0,21,0.0251729,6,0,22,0.0251729,6,0,23,0.0251729,6,0,24,0.0251729,6,1,0,0.0251729,6,1,7,0.0251729,6,1,14,0.0251729,6,1,15,0.0251729,6,1,16,0.0251729,6,1,17,0.0338589,6,1,28,0.0338589,6,1,29,0.0251729,6,1,30,0.0251729,6,1,31,0.0251729,6,1,32,0.0338589,6,1,35,0.0251729,6,1,49,0.0251729,
a6b7
BLACK
14,3,2,14,4,14,14,14,14,14,1,14,14,14,12,10,14,0,14,14,5,8,14,14,14,14,0,14,14,14,14,1,8,0,8,14,14,14,14,14,14,14,14,14,14,14,14,14,14,10,11,2,3,14,14,14,14,9,14,13,14,14,9,11,0,0,0,0,-1,
0,1,0,0.022914,0,1,42,0.022914,0,2,7,0.022914,0,2,49,0.0229139,0,2,50,0.022914,0,4,0,0.0315608,0,4,7,0.0229139,0,4,8,0.0229139,0,4,14,0.0229139,0,4,15,0.0229139,0,4,16,0.0229139,0,4,42,0.022914,0,4,49,0.0229139,0,4,50,0.0229139,0,4,51,0.0229139,0,4,52,0.022914,1,2,57,0.0229139,1,2,58,0.0229139,1,2,59,0.0229139,1,2,60,0.0315608,2,1,0,0.022914,2,4,42,0.022914,3,7,58,0.0229139,3,7,59,0.0229139,3,7,60,0.022914,3,7,61,0.0229139,4,1,0,0.0229139,6,3,7,0.0229139,6,3,21,0.0229139,6,3,22,0.0315608,6,3,23,0.0229139,6,3,24,0.0315608,6,3,35,0.0229139,6,3,49,0.0229139,6,4,0,0.022914,6,4,14,0.0315608,6,4,15,0.0229139,6,4,16,0.022914,6,4,28,0.0229139,6,4,29,0.0315608,6,4,30,0.0315608,
d7f5
WHITE
3,1,14,14,5,14,1,14,14,14,14,11,14,3,2,14,14,14,14,14,14,14,14,14,14,14,10,14,14,0,8,0,9,14,14,14,14,8,14,14,14,14,0,13,14,14,8,14,2,4,14,14,14,9,14,14,14,14,14,12,14,10,11,14,0,0,0,0,-1,
0,0,0,0.0229139,0,0,1,0.022914,0,0,2,0.0315608,0,0,3,0.022914,0,1,56,0.0229139,0,1,57,0.0229139,0,1,58,0.022914,0,4,49,0.0229139,0,6,57,0.022914,0,6,58,0.0229139,0,6,59,0.0315608,1,5,0,0.022914,1,5,28,0.0229139,1,5,42,0.022914,1,5,43,0.0229139,1,6,7,0.0229139,1,6,21,0.0315608,1,6,35,0.0315608,1,6,49,0.0315608,1,6,50,0.0229139,1,6,51,0.0229139,3,7,0,0.0229139,5,2,0,0.0229139,6,0,7,0.0229139,6,0,21,0.022914,6,0,22,0.0229139,6,0,23,0.022914,6,0,24,0.0229139,6,1,0,0.0229139,6,1,7,0.0229139,6,1,14,0.022914,6,1,15,0.022914,6,1,16,0.0229139,6,1,17,0.0315608,6,1,28,0.0229139,6,1,29,0.0229139,6,1,30,0.0229139,6,1,31,0.022914,6,1,32,0.0315608,6,1,35,0.0229139,6,1,49,0.0229139,
b8a6
BLACK
14,3,2,14,4,14,14,14,14,14,1,14,14,14,12,10,14,0,14,14,5,8,14,14,14,14,0,14,14,14,14,1,8,0,8,14,14,2,14,14,9,14,14,14,14,14,14,14,14,10,11,14,3,14,14,14,14,14,14,13,14,14,9,11,0,0,0,0,-1,
0,1,0,0.0214292,0,1,42,0.0214292,0,2,7,0.0214292,0,2,49,0.0214293,0,2,50,0.0214292,0,4,0,0.0303502,0,4,7,0.0214293,0,4,8,0.0214293,0,4,14,0.0214293,0,4,15,0.0214292,0,4,16,0.0214293,0,4,42,0.0214292,0,4,49,0.0214292,0,4,50,0.0214293,0,4,51,0.0214292,0,4,52,0.0214293,1,2,57,0.0214293,1,2,58,0.0214293,1,2,59,0.0214293,1,2,60,0.0214293,2,1,0,0.0214292,2,4,42,0.0214292,3,7,58,0.0214292,3,7,60,0.0214292,3,7,61,0.0214292,4,1,0,0.0214293,4,1,49,0.0214292,4,5,7,0.0214293,4,5,8,0.0303502,4,5,21,0.0214292,4,5,22,0.0214292,4,5,35,0.0214292,4,5,36,0.0214292,4,5,49,0.0214292,4,5,50,0.0214293,4,5,51,0.0214292,6,4,0,0.0214292,6,4,14,0.0303502,6,4,15,0.0214293,6,4,16,0.0214292,6,4,28,0.0214293,6,4,29,0.0303502,6,4,30,0.0214292,6,4,42,0.0214293,6,4,43,0.0214293,
b1b2
WHITE
3,1,14,14,5,14,14,14,14,14,14,11,14,3,2,14,14,14,14,14,14,14,14,1,14,14,10,14,14,0,8,0,9,14,14,14,14,8,14,14,14,14,0,13,14,14,8,14,2,4,14,14,14,9,11,14,14,14,14,12,14,10,14,14,0,0,0,0,-1,
0,0,0,0.0271679,0,0,1,0.0271678,0,0,2,0.0271679,0,0,3,0.0271679,0,1,56,0.0271679,0,1,57,0.0271678,0,1,58,0.0271679,0,4,49,0.0197246,1,5,0,0.0197245,1,5,28,0.0271679,1,5,42,0.0271679,1,5,43,0.0271679,1,6,21,0.0271679,1,6,35,0.0271679,1,6,49,0.0271679,1,6,50,0.0271679,1,6,51,0.0271678,2,7,58,0.0271679,2,7,61,0.0271679,3,7,0,0.0197245,5,2,0,0.0271679,6,0,7,0.0271679,6,0,21,0.0271679,6,0,22,0.0271679,6,0,23,0.0197246,6,0,24,0.0271678,6,1,0,0.0271679,6,1,7,0.0197245,6,1,14,0.0197246,6,1,15,0.0271678,6,1,16,0.0271679,6,1,17,0.0271679,6,1,28,0.0271679,6,1,29,0.0197245,6,1,30,0.0271679,6,1,31,0.0271679,6,1,32,0.0271679,6,1,35,0.0197245,6,1,49,0.0271679,
h8h7
BLACK
14,14,2,14,4,14,14,14,14,3,1,14,14,14,12,10,14,0,14,14,5,8,14,14,14,14,0,14,14,14,14,1,8,0,8,14,14,2,14,14,9,14,14,14,14,14,14,14,14,10,11,14,3,14,14,11,14,14,14,13,14,14,9,14,0,0,0,0,-1,
0,2,7,0.0185792,0,4,0,0.0263136,0,4,7,0.0263137,0,4,8,0.0185792,0,4,14,0.0263136,0,4,15,0.0185791,0,4,16,0.0263136,0,4,42,0.0185791,0,4,49,0.0185791,0,4,50,0.0263136,0,4,51,0.0185792,0,4,52,0.0263137,1,1,28,0.0263136,1,1,42,0.0263136,1,2,57,0.0263136,1,2,58,0.0263136,1,2,59,0.0263136,1,2,60,0.0263136,2,1,0,0.0185791,2,4,42,0.0185792,3,7,58,0.0185791,3,7,60,0.0263137,3,7,61,0.0185792,4,1,0,0.0263136,4,1,49,0.0263136,4,5,7,0.0263136,4,5,8,0.0263136,4,5,21,0.0185792,4,5,22,0.0185791,4,5,35,0.0263136,4,5,36,0.0185792,4,5,49,0.0263136,4,5,50,0.0263136,4,5,51,0.0185792,6,4,0,0.0263136,6,4,14,0.0263136,6,4,15,0.0263136,6,4,16,0.0185792,6,4,28,0.0185791,6,4,29,0.0263136,6,4,30,0.0263136,6,4,42,0.0263136,6,4,43,0.0185792,
e1a5 (capture)
WHITE
14,1,14,14,5,14,14,14,3,14,14,11,14,3,2,14,14,14,14,14,14,14,14,1,14,14,10,14,14,0,8,12,9,14,14,14,14,8,14,14,14,14,0,13,14,14,8,14,2,4,14,14,14,9,11,14,14,14,14,14,14,10,14,14,0,0,0,0,-1,
0,1,56,0.0138046,0,1,57,0.0138046,0,1,58,0.0138046,0,4,49,0.0138046,1,0,0,0.0138046,1,0,1,0.0138046,1,0,2,0.0138046,1,0,14,0.0138046,1,0,15,0.0138046,1,0,16,0.0100225,1,0,28,0.0138046,1,6,21,0.0138046,1,6,35,0.0138046,1,6,49,0.0138046,1,6,50,0.0138046,1,6,51,0.0138046,2,7,58,0.0138046,2,7,61,0.0138046,5,2,0,0.0138046,6,0,7,0.0138046,6,0,21,0.0138046,6,0,22,0.0138046,6,0,23,0.0138047,6,0,24,0.0138046,6,1,0,0.0138046,6,1,7,0.0138046,6,1,14,0.0138046,6,1,15,0.506816,6,1,16,0.0138046,6,1,17,0.0138046,6,1,28,0.0138046,6,1,29,0.0138047,6,1,30,0.0138046,6,1,31,0.0138046,6,1,32,0.0138046,6,1,35,0.0138046,6,1,49,0.0138046,
g2e2
BLACK
-1 WINNER!
