3,1,2,4,5,2,1,3,0,0,0,0,0,0,0,0,14,14,14,14,14,14,14,14,14,14,14,14,14,14,14,14,14,14,14,14,14,14,14,14,14,14,14,14,14,14,14,14,8,8,8,8,8,8,8,8,11,9,10,12,13,10,9,11,1,1,1,1,-1,
0,1,57,0.0501002,0,1,58,0.0501002,0,6,57,0.0501002,0,6,58,0.0501002,1,0,0,0.0501002,1,0,1,0.0501002,1,1,0,0.0501002,1,1,1,0.0501002,1,2,0,0.0501002,1,2,1,0.0501002,1,3,0,0.0501002,1,3,1,0.0480961,1,4,0,0.0501002,1,4,1,0.0501002,1,5,0,0.0501002,1,5,1,0.0501002,1,6,0,0.0501002,1,6,1,0.0501002,1,7,0,0.0501002,1,7,1,0.0501002,
b2b3
WHITE
3,1,2,5,4,2,1,3,0,0,0,0,0,0,0,0,14,14,14,14,14,14,14,14,14,14,14,14,14,14,14,14,14,14,14,14,14,14,14,14,14,14,14,14,14,14,8,14,8,8,8,8,8,8,14,8,11,9,10,13,12,10,9,11,1,1,1,1,-1,
0,1,57,0.0501002,0,1,58,0.0501002,0,6,57,0.0501002,0,6,58,0.0501002,1,0,0,0.0501002,1,0,1,0.0501002,1,1,0,0.0501002,1,1,1,0.0501002,1,2,0,0.0501002,1,2,1,0.0501002,1,3,0,0.0501002,1,3,1,0.0480961,1,4,0,0.0501002,1,4,1,0.0501002,1,5,0,0.0501002,1,5,1,0.0501002,1,6,0,0.0501002,1,6,1,0.0501002,1,7,0,0.0501002,1,7,1,0.0501002,
f7f5
BLACK
3,1,2,4,5,2,1,3,0,14,0,0,0,0,0,0,14,0,14,14,14,14,14,14,14,14,14,14,14,14,14,14,14,14,14,14,14,8,14,14,14,14,14,14,14,14,14,14,8,8,8,8,8,14,8,8,11,9,10,12,13,10,9,11,1,1,1,1,45,
0,1,57,0.0480962,0,1,58,0.0460922,0,2,49,0.0480962,0,2,50,0.0480962,0,6,57,0.0480962,0,6,58,0.0480962,1,0,0,0.0480962,1,0,1,0.0480962,1,2,0,0.0480962,1,2,1,0.0460922,1,3,0,0.0460922,1,3,1,0.0460922,1,4,0,0.0480962,1,4,1,0.0480962,1,5,0,0.0480962,1,5,1,0.0480962,1,6,0,0.0460922,1,6,1,0.0480962,1,7,0,0.0480962,1,7,1,0.0480962,2,1,0,0.0480962,
g2g3
WHITE
3,1,2,5,4,2,1,3,0,0,14,0,0,0,0,0,14,14,14,14,14,14,14,14,14,14,0,14,14,14,14,14,14,14,14,14,14,14,14,14,14,8,14,14,14,14,8,14,8,14,8,8,8,8,14,8,11,9,10,13,12,10,9,11,1,1,1,1,-1,
0,1,57,0.0501002,0,1,58,0.0501002,0,3,49,0.0501002,0,6,57,0.0501002,0,6,58,0.0501002,1,0,0,0.0501002,1,0,1,0.0501002,1,1,0,0.0501002,1,1,1,0.0501002,1,3,0,0.0501002,1,3,1,0.0480961,1,4,0,0.0501002,1,4,1,0.0501002,1,5,0,0.0501002,1,5,1,0.0501002,1,6,0,0.0501002,1,6,1,0.0501002,1,7,0,0.0501002,1,7,1,0.0501002,3,2,0,0.0501002,
b7b5
BLACK
3,1,2,4,5,2,1,3,0,14,0,0,0,0,14,0,14,0,14,14,14,14,0,14,14,14,14,14,14,14,14,14,14,8,14,14,14,8,14,14,14,14,14,14,14,14,14,14,8,14,8,8,8,14,8,8,11,9,10,12,13,10,9,11,1,1,1,1,41,
0,1,57,0.0460922,0,1,58,0.0440882,0,2,49,0.0460922,0,2,50,0.0460922,0,5,7,0.0460922,0,5,8,0.0460922,0,6,57,0.0460922,0,6,58,0.0460922,1,0,0,0.0460922,1,0,1,0.0460922,1,2,0,0.0440882,1,2,1,0.0440882,1,3,0,0.0440882,1,3,1,0.0440881,1,4,0,0.0440882,1,4,1,0.0460922,1,5,0,0.0460922,1,5,1,0.0460922,1,7,0,0.0460922,1,7,1,0.0460922,2,1,0,0.0440882,2,6,0,0.0460922,
e2e4
WHITE
3,1,2,5,4,2,1,3,0,0,14,0,0,0,14,0,14,14,14,14,14,14,14,14,14,14,0,14,14,14,0,14,14,14,14,8,14,14,14,14,14,8,14,14,14,14,8,14,8,14,8,14,8,8,14,8,11,9,10,13,12,10,9,11,1,1,1,1,43,
0,1,57,0.0440882,0,1,58,0.0440882,0,3,49,0.0460922,0,5,7,0.0460922,0,5,8,0.0460922,0,6,57,0.0460922,0,6,58,0.0460922,1,0,0,0.0460922,1,0,1,0.0460922,1,1,0,0.0460922,1,1,1,0.0420842,1,3,0,0.0440882,1,3,1,0.0440882,1,4,0,0.0440882,1,4,1,0.0460922,1,5,0,0.0460922,1,5,1,0.0460922,1,7,0,0.0460922,1,7,1,0.0460922,3,2,0,0.0460922,3,2,7,0.0460922,3,6,0,0.0460922,
a7a6
BLACK
3,1,2,4,5,2,1,3,0,14,0,0,14,0,14,0,14,0,14,14,14,14,0,14,14,14,14,14,0,14,14,14,14,8,14,14,14,8,14,14,8,14,14,14,14,14,14,14,14,14,8,8,8,14,8,8,11,9,10,12,13,10,9,11,1,1,1,1,-1,
0,1,57,0.0300601,0,1,58,0.0300601,0,2,49,0.0300601,0,2,50,0.0320642,0,3,7,0.0320641,0,3,8,0.0320642,0,3,9,0.0320641,0,3,10,0.0320641,0,4,0,0.0320641,0,5,7,0.0320641,0,5,8,0.0320641,0,5,49,0.0320641,0,5,50,0.0300601,0,5,51,0.0320641,0,5,52,0.0300601,0,6,57,0.0320641,0,6,58,0.0320641,0,6,59,0.0300601,1,0,0,0.0320641,1,0,1,0.0320641,1,2,0,0.0300601,1,2,1,0.0300601,1,3,0,0.0300601,1,3,1,0.0300601,1,5,0,0.0320641,1,5,1,0.0320641,1,7,0,0.0320642,1,7,1,0.0320641,2,1,0,0.0300601,2,6,0,0.0320641,3,4,0,0.0300601,3,4,7,0.0300601,
b3b4
WHITE
3,1,2,5,4,2,1,3,0,0,14,0,0,0,14,14,14,14,14,14,14,14,14,0,14,14,0,14,14,14,0,14,14,14,14,8,14,14,8,14,14,8,14,14,14,14,14,14,8,14,8,14,8,8,14,8,11,9,10,13,12,10,9,11,1,1,1,1,-1,
0,1,57,0.0521042,0,1,58,0.0521042,0,3,49,0.0541082,0,5,7,0.0521042,0,6,58,0.0541082,0,7,0,0.0541082,1,0,0,0.0541082,1,0,1,0.0521042,1,1,0,0.0521042,1,1,1,0.0501002,1,3,0,0.0521042,1,3,1,0.0521042,1,4,0,0.0521042,1,4,1,0.0521042,1,5,0,0.0521042,1,5,1,0.0541082,2,7,0,0.0521042,3,2,0,0.0541082,3,2,7,0.0521042,
g8f6
BLACK
3,1,2,4,5,2,1,3,0,14,0,0,14,0,14,0,14,14,14,14,14,14,0,14,14,0,14,14,0,14,14,14,14,8,14,14,14,8,14,14,8,14,14,14,14,9,14,14,14,14,8,8,8,14,8,8,11,9,10,12,13,10,14,11,1,1,1,1,-1,
0,1,57,0.0320641,0,1,58,0.0320641,0,2,49,0.0320641,0,2,50,0.0320641,0,3,7,0.0320641,0,3,8,0.0320641,0,3,9,0.0320641,0,3,10,0.0320641,0,4,0,0.0340681,0,5,7,0.0320641,0,5,8,0.0320641,0,5,49,0.0340681,0,5,50,0.0320641,0,5,51,0.0320641,0,5,52,0.0320641,0,6,57,0.0320641,0,6,58,0.0320641,0,6,59,0.0320641,1,0,0,0.0320641,1,0,1,0.0320641,1,2,0,0.0320641,1,2,1,0.0320641,1,3,0,0.0320641,1,3,1,0.0320641,1,5,0,0.0320641,1,5,1,0.0340681,1,7,0,0.0320641,1,7,1,0.0320641,2,6,0,0.0320641,3,4,0,0.0320641,3,4,7,0.0320641,
e4f5 (capture)
WHITE
3,14,2,5,4,2,1,3,0,0,14,0,0,0,14,14,14,14,1,14,14,14,14,0,14,14,8,14,14,14,0,14,14,14,14,14,14,14,8,14,14,8,14,14,14,14,14,14,8,14,8,14,8,8,14,8,11,9,10,13,12,10,9,11,1,1,1,1,-1,
0,0,14,0.0480962,0,3,49,0.0480962,0,5,7,0.0480962,0,6,58,0.0480962,0,7,0,0.0480962,1,0,0,0.0480962,1,0,1,0.0480962,1,1,0,0.0480962,1,1,1,0.0480962,1,3,0,0.0460922,1,3,1,0.0460922,1,4,0,0.0460922,1,4,1,0.0480962,1,5,0,0.0480962,1,5,1,0.0480962,2,2,56,0.0480962,2,2,57,0.0460922,2,2,58,0.0480962,2,2,59,0.0480962,2,2,61,0.0480962,2,7,0,0.0460922,
f6g4
BLACK
3,1,2,4,5,2,1,3,0,14,0,0,14,0,14,0,14,14,14,14,14,14,0,14,14,0,14,14,14,14,9,14,14,8,14,14,14,0,14,14,8,14,14,14,14,14,14,14,14,14,8,8,8,14,8,8,11,9,10,12,13,10,14,11,1,1,1,1,-1,
0,1,57,0.0360721,0,1,58,0.0340682,0,2,49,0.0360721,0,2,50,0.0360721,0,3,7,0.0360722,0,3,8,0.0360721,0,3,9,0.0360722,0,4,0,0.0360721,0,5,7,0.0360721,0,5,8,0.0360721,0,5,49,0.0360721,0,5,50,0.0360722,0,5,51,0.0360722,0,5,52,0.0360721,0,6,57,0.0360721,0,6,58,0.0360721,0,6,59,0.0340681,1,0,0,0.0360721,1,0,1,0.0360722,1,2,0,0.0360721,1,2,1,0.0340681,1,3,0,0.0340681,1,3,1,0.0340681,1,5,0,0.0360721,1,5,1,0.0360721,1,7,0,0.0360721,1,7,1,0.0360722,4,5,0,0.0360722,
f1d3
WHITE
3,14,2,5,4,2,1,3,0,0,14,0,0,0,14,14,14,14,14,14,14,14,14,0,14,14,8,14,14,14,0,14,14,1,14,14,14,14,8,14,14,8,14,14,10,14,14,14,8,14,8,14,8,8,14,8,11,9,14,13,12,10,9,11,1,1,1,1,-1,
0,0,14,0.0460922,0,3,49,0.0460922,0,5,7,0.0460922,0,6,58,0.0460922,0,7,0,0.0460922,1,0,0,0.0460922,1,0,1,0.0460922,1,1,0,0.0460922,1,1,1,0.0460922,1,3,0,0.0440882,1,3,1,0.0440881,1,4,0,0.0440882,1,4,1,0.0440882,1,5,0,0.0440882,1,5,1,0.0460922,2,7,0,0.0440882,4,1,56,0.0460922,4,1,57,0.0460922,4,1,58,0.0440882,4,1,61,0.0460922,4,1,62,0.0460922,4,1,63,0.0460922,
d7d6
BLACK
3,1,2,4,5,14,1,3,0,14,0,0,14,0,14,0,14,14,14,2,14,14,0,14,14,0,14,14,14,14,9,14,14,8,14,14,14,0,14,14,8,14,14,8,14,14,14,14,14,14,8,14,8,14,8,8,11,9,10,12,13,10,14,11,1,1,1,1,-1,
0,1,57,0.0380761,0,1,58,0.0380762,0,2,49,0.0380762,0,2,50,0.0400802,0,3,7,0.0380761,0,3,8,0.0380762,0,3,9,0.0380761,0,4,0,0.0400802,0,4,14,0.0380762,0,6,57,0.0380762,0,6,58,0.0400802,0,6,59,0.0380761,1,0,0,0.0400802,1,0,1,0.0380761,1,2,0,0.0380762,1,2,1,0.0380762,1,5,0,0.0380762,1,5,1,0.0400802,1,7,0,0.0380762,1,7,1,0.0380761,2,3,7,0.0380762,2,3,21,0.0380761,2,3,22,0.0380762,2,3,49,0.0380762,2,3,50,0.0380762,4,5,0,0.0380762,
d3e2
WHITE
3,14,2,5,4,2,1,3,0,0,14,0,14,0,14,14,14,14,14,14,0,14,14,0,14,14,8,14,14,14,0,14,14,1,14,14,14,14,8,14,14,8,14,14,14,14,14,14,8,14,8,10,8,8,14,8,11,9,14,13,12,10,9,11,1,1,1,1,-1,
0,0,14,0.0380761,0,3,7,0.0360722,0,3,49,0.0380761,0,4,0,0.0380761,0,5,7,0.0360722,0,5,49,0.0380762,0,5,50,0.0360721,0,5,51,0.0360721,0,6,58,0.0380761,0,6,59,0.0360721,0,7,0,0.0380762,1,0,0,0.0380762,1,0,1,0.0360721,1,1,0,0.0360721,1,1,1,0.0360721,1,3,0,0.0360721,1,3,1,0.0360721,1,5,0,0.0360722,1,5,1,0.0380761,2,4,0,0.0360721,2,7,0,0.0360722,4,1,56,0.0380762,4,1,57,0.0380761,4,1,58,0.0360721,4,1,61,0.0380761,4,1,62,0.0380761,4,1,63,0.0380761,
e8d7
BLACK
3,1,2,4,5,14,1,3,0,14,0,0,2,0,14,0,14,14,14,14,14,14,0,14,14,0,14,14,14,14,9,14,14,8,14,14,14,0,14,14,8,14,14,8,14,14,14,14,14,14,8,13,8,14,8,8,11,9,10,12,14,10,14,11,1,1,0,0,-1,
0,1,57,0.0420842,0,1,58,0.0400802,0,2,49,0.0420842,0,2,50,0.0420842,0,4,14,0.0400802,0,6,57,0.0420842,0,6,58,0.0420842,1,0,0,0.0420842,1,0,1,0.0420842,1,2,0,0.0420842,1,2,1,0.0400801,1,3,0,0.0400802,1,3,1,0.0400802,1,4,7,0.0420842,1,4,8,0.0420842,1,4,21,0.0420842,1,4,49,0.0420841,1,4,50,0.0420842,1,4,51,0.0420842,1,5,0,0.0420842,1,5,1,0.0420842,1,7,0,0.0420842,1,7,1,0.0420842,4,5,0,0.0420842,
a2a4
WHITE
3,14,2,14,4,2,1,3,0,0,14,0,5,0,14,14,14,14,14,14,0,14,14,0,14,14,8,14,14,14,0,14,14,1,14,14,14,14,8,8,14,8,14,14,14,14,14,14,8,14,8,10,8,8,14,14,11,9,14,13,12,10,9,11,0,0,1,1,47,
0,0,14,0.0420842,0,4,42,0.0420842,0,5,7,0.0420842,0,6,58,0.0420842,0,7,0,0.0420842,1,0,0,0.0420842,1,0,1,0.0420842,1,1,0,0.0420842,1,1,1,0.0420842,1,3,0,0.0400802,1,3,1,0.0400802,1,4,7,0.0420842,1,4,35,0.0400802,1,5,0,0.0420842,1,5,1,0.0420842,2,4,0,0.0420842,2,7,0,0.0400801,3,6,7,0.0400802,4,1,56,0.0420842,4,1,57,0.0420842,4,1,58,0.0420842,4,1,61,0.0420841,4,1,62,0.0420842,4,1,63,0.0420842,
e7e6
BLACK
3,1,2,4,5,14,1,3,14,14,0,0,2,0,14,0,14,14,14,14,14,14,0,14,0,0,14,14,14,14,9,14,14,8,14,14,14,0,14,14,8,14,14,8,8,14,14,14,14,14,8,13,14,14,8,8,11,9,10,12,14,10,14,11,1,1,0,0,-1,
0,0,0,0.0380761,0,0,1,0.0380761,0,1,57,0.0360722,0,1,58,0.0360721,0,2,49,0.0360721,0,2,50,0.0380762,0,4,14,0.0360721,0,6,57,0.0380761,0,6,58,0.0380761,1,2,0,0.0360721,1,2,1,0.0360722,1,3,0,0.0360721,1,3,1,0.0360721,1,4,7,0.0380762,1,4,8,0.0360721,1,4,21,0.0380761,1,4,49,0.0380762,1,4,50,0.0380761,1,4,51,0.0360722,1,5,0,0.0360722,1,5,1,0.0380761,1,7,0,0.0380762,1,7,1,0.0380761,3,0,0,0.0360721,3,0,7,0.0360721,4,5,0,0.0360721,4,5,49,0.0380761,
c1a3
WHITE
3,14,2,14,4,2,1,3,0,0,14,14,5,0,14,14,14,14,14,0,0,14,14,0,14,14,8,14,14,14,0,14,14,1,14,14,14,14,8,8,14,8,14,14,14,14,14,10,8,14,8,10,8,8,14,14,11,9,14,13,12,14,9,11,0,0,1,1,-1,
0,0,14,0.0340681,0,2,7,0.0320641,0,4,42,0.0340681,0,4,49,0.0340681,0,4,50,0.0320641,0,4,51,0.0340681,0,4,52,0.0320641,0,5,7,0.0340681,0,6,58,0.0340681,0,7,0,0.0340681,1,0,0,0.0340681,1,0,1,0.0340681,1,1,0,0.0340682,1,1,1,0.0340681,1,4,7,0.0340682,1,4,35,0.0320641,1,4,42,0.0320641,1,5,0,0.0320641,1,5,1,0.0340681,2,3,0,0.0340682,2,3,49,0.0320641,2,4,0,0.0320641,2,7,0,0.0320641,3,6,7,0.0320641,4,1,56,0.0340681,4,1,57,0.0340681,4,1,58,0.0320641,4,1,61,0.0340681,4,1,62,0.0340681,4,1,63,0.0340681,
c8b7
BLACK
3,1,14,4,5,14,1,3,14,14,0,0,2,0,14,0,2,14,14,14,14,14,0,14,0,0,14,14,14,14,9,14,14,8,14,14,14,0,14,14,8,14,14,8,8,14,14,14,14,10,8,13,14,14,8,8,11,9,14,12,14,10,14,11,1,1,0,0,-1,
0,0,0,0.0380762,0,1,57,0.0380762,0,3,42,0.0380762,0,4,14,0.0380761,0,6,57,0.0380761,0,6,58,0.0400802,1,2,0,0.0380762,1,2,1,0.0380762,1,3,0,0.0380762,1,3,1,0.0380761,1,4,7,0.0400802,1,4,8,0.0380762,1,4,21,0.0380762,1,4,49,0.0400802,1,4,50,0.0380761,1,4,51,0.0380761,1,5,0,0.0380761,1,5,1,0.0400802,1,7,0,0.0380762,1,7,1,0.0380762,2,0,21,0.0380762,2,0,22,0.0380762,3,0,0,0.0380762,3,0,7,0.0380762,4,5,0,0.0380761,4,5,49,0.0400802,
a4a5
WHITE
3,14,2,14,4,14,1,3,0,0,14,14,5,0,2,14,14,14,14,0,0,14,14,0,14,14,8,14,14,14,0,8,14,1,14,14,14,14,8,14,14,8,14,14,14,14,14,10,8,14,8,10,8,8,14,14,11,9,14,13,12,14,9,11,0,0,1,1,-1,
0,0,14,0.0280561,0,2,7,0.0260521,0,4,14,0.0260521,0,4,42,0.0280561,0,4,49,0.0280561,0,4,50,0.0280561,0,4,51,0.0280561,0,4,52,0.0260521,0,6,58,0.0280561,0,7,0,0.0280561,1,0,0,0.0280561,1,0,1,0.0280561,1,1,0,0.0280561,1,1,1,0.0280561,1,4,7,0.0280561,1,4,21,0.0280561,1,4,35,0.0260521,1,4,42,0.0280561,1,5,0,0.0280561,1,5,1,0.0280561,1,6,35,0.0260522,1,6,49,0.0280561,1,6,50,0.0280561,1,6,51,0.0280561,1,6,52,0.0280561,1,6,53,0.0280561,1,6,54,0.0280561,2,3,0,0.0280561,2,3,49,0.0280561,2,4,0,0.0280561,4,1,56,0.0280561,4,1,57,0.0280561,4,1,58,0.0280561,4,1,61,0.0280561,4,1,62,0.0280561,4,1,63,0.0280561,
g4h2 (capture)
BLACK
3,1,14,4,5,14,1,3,14,14,0,0,2,0,14,9,2,14,14,14,14,14,0,14,14,0,14,14,14,14,14,14,0,8,14,14,14,0,14,14,8,14,14,8,8,14,14,14,14,10,8,13,14,14,8,8,11,9,14,12,14,10,14,11,1,1,0,0,-1,
0,0,0,0.0420842,0,1,57,0.0420842,0,3,42,0.0420842,0,6,57,0.0420842,0,6,58,0.0420842,0,7,0,0.0420842,1,2,0,0.0420842,1,2,1,0.0400802,1,3,0,0.0400802,1,3,1,0.0400802,1,4,7,0.0420842,1,4,8,0.0420842,1,4,9,0.0400802,1,4,21,0.0420842,1,4,49,0.0420841,1,4,50,0.0420842,1,4,51,0.0420842,1,5,0,0.0420842,1,5,1,0.0420842,2,0,21,0.0420842,2,0,22,0.0400801,2,6,0,0.0420842,4,5,0,0.0420842,4,5,49,0.0420842,
e2c4
WHITE
3,14,2,14,4,14,1,3,0,0,14,14,5,0,2,14,14,14,14,0,0,14,14,0,14,14,8,14,14,14,0,8,14,14,14,14,14,10,8,14,14,8,14,14,14,14,14,10,1,14,8,14,8,8,14,14,11,9,14,13,12,14,9,11,0,0,1,1,-1,
0,0,14,0.0300601,0,2,7,0.0280561,0,4,14,0.0280561,0,4,42,0.0300601,0,4,49,0.0300601,0,4,50,0.0280561,0,4,51,0.0300601,0,4,52,0.0280561,0,6,58,0.0300601,0,7,0,0.0300601,1,0,0,0.0300601,1,0,1,0.0300601,1,1,0,0.0300601,1,1,1,0.0300601,1,4,7,0.0300601,1,4,21,0.0300601,1,4,35,0.0280561,1,4,42,0.0280561,1,5,0,0.0300601,1,5,1,0.0300601,1,6,35,0.0280561,1,6,49,0.0280561,1,6,50,0.0300601,1,6,51,0.0300601,1,6,52,0.0300601,1,6,53,0.0280561,1,6,54,0.0300601,2,3,0,0.0300601,2,3,49,0.0300601,2,4,0,0.0280561,3,6,49,0.0280561,6,0,56,0.0300601,6,0,62,0.0300601,6,0,63,0.0300601,
h8g8
BLACK
3,1,14,4,5,14,1,3,14,14,0,0,14,0,14,9,2,14,14,14,14,14,0,14,14,0,2,14,14,14,14,14,0,8,14,14,14,0,14,14,8,14,14,8,8,14,14,14,14,10,8,13,14,14,8,8,11,9,14,12,14,10,11,14,1,1,0,0,-1,
0,0,0,0.0340681,0,1,57,0.0320641,0,3,7,0.0340681,0,3,8,0.0340682,0,3,9,0.0340681,0,3,10,0.0340681,0,3,42,0.0320641,0,4,0,0.0340681,0,6,57,0.0340681,0,6,58,0.0340681,0,6,59,0.0320641,0,7,0,0.0340681,1,2,0,0.0320641,1,3,0,0.0320641,1,3,1,0.0320641,1,5,0,0.0340681,1,5,1,0.0340681,2,0,21,0.0320641,2,0,22,0.0320641,2,6,0,0.0340682,3,2,7,0.0340681,3,2,8,0.0340681,3,2,21,0.0340682,3,2,22,0.0340681,3,2,23,0.0320641,3,2,35,0.0340681,3,2,36,0.0340681,3,2,49,0.0320641,4,5,0,0.0320641,4,5,49,0.0340681,
g1e2
WHITE
14,3,2,14,4,14,1,3,0,0,14,14,5,0,2,14,14,14,14,0,0,14,14,0,14,14,8,14,14,14,0,8,14,14,14,14,14,10,8,14,14,8,14,14,14,14,14,10,1,14,8,9,8,8,14,14,11,14,14,13,12,14,9,11,0,0,1,1,-1,
0,1,42,0.0300601,0,2,7,0.0280561,0,4,14,0.0280561,0,4,42,0.0300601,0,4,49,0.0300601,0,4,50,0.0280561,0,4,51,0.0300601,0,4,52,0.0280561,0,6,58,0.0300601,0,7,0,0.0300601,1,0,0,0.0300601,1,0,1,0.0300601,1,1,0,0.0300601,1,1,1,0.0300601,1,4,7,0.0300601,1,4,21,0.0300601,1,4,35,0.0280561,1,4,42,0.0280561,1,5,0,0.0300601,1,5,1,0.0300601,1,6,35,0.0280561,1,6,49,0.0280561,1,6,50,0.0300601,1,6,51,0.0300601,1,6,52,0.0300601,1,6,53,0.0280561,1,6,54,0.0300601,2,3,0,0.0300601,2,3,49,0.0300601,2,4,0,0.0280561,3,6,49,0.0280561,6,0,56,0.0300601,6,0,62,0.0300601,6,0,63,0.0300601,
b7c6
BLACK
3,1,14,4,5,14,14,3,14,14,0,0,1,0,14,9,2,14,14,14,14,14,0,14,14,0,2,14,14,14,14,14,0,8,14,14,14,0,14,14,8,14,10,8,8,14,14,14,14,14,8,13,14,14,8,8,11,9,14,12,14,10,11,14,1,1,0,0,-1,
0,0,0,0.0380761,0,1,57,0.0360721,0,3,42,0.0360722,0,7,0,0.0380761,0,7,42,0.0360721,0,7,43,0.0360721,1,2,0,0.0360722,1,3,0,0.0360721,1,3,1,0.0360721,1,4,57,0.0380761,1,4,58,0.0360721,1,4,59,0.0360721,1,4,60,0.0360721,1,4,63,0.0360722,1,5,0,0.0380761,1,5,1,0.0380762,2,0,21,0.0360721,2,0,22,0.0360721,2,6,0,0.0380762,3,2,7,0.0380761,3,2,8,0.0380762,3,2,21,0.0380761,3,2,35,0.0380761,3,2,36,0.0380761,3,2,49,0.0380762,4,5,0,0.0360722,4,5,49,0.0380761,
f2f4
WHITE
14,3,2,14,4,14,1,3,0,0,14,14,5,0,14,14,14,14,14,0,0,2,14,0,14,14,8,14,14,14,0,8,14,14,8,14,14,10,8,14,14,8,14,14,14,14,14,10,1,14,14,9,8,8,14,14,11,14,14,13,12,14,9,11,0,0,1,1,42,
0,1,42,0.0340681,0,2,7,0.0340681,0,4,14,0.0340681,0,4,42,0.0340682,0,4,49,0.0340682,0,4,50,0.0340681,0,4,51,0.0340682,0,4,52,0.0340682,0,7,0,0.0360722,1,0,0,0.0360722,1,0,1,0.0340681,1,1,0,0.0340681,1,1,1,0.0340682,1,4,21,0.0340682,1,4,35,0.0340681,1,4,42,0.0340681,2,3,0,0.0360722,2,3,49,0.0340682,2,4,0,0.0340682,2,5,21,0.0360721,2,5,49,0.0360721,2,5,50,0.0340681,2,5,51,0.0340681,2,5,52,0.0340682,2,5,53,0.0340681,3,6,49,0.0340681,6,0,56,0.0340681,6,0,62,0.0340681,6,0,63,0.0360721,
d8g5
BLACK
3,1,14,4,5,14,14,3,14,14,0,0,1,14,14,9,2,14,14,14,14,14,0,14,14,0,2,14,14,0,14,14,0,8,14,14,14,0,12,14,8,14,10,8,8,14,14,14,14,14,8,13,14,14,8,8,11,9,14,14,14,10,11,14,1,1,0,0,-1,
0,0,0,0.0380761,0,1,57,0.0380762,0,3,42,0.0380762,0,4,7,0.0380761,0,7,0,0.0400802,0,7,42,0.0380761,0,7,43,0.0380762,1,2,0,0.0380762,1,3,0,0.0380762,1,3,1,0.0380761,1,4,58,0.0380762,1,4,59,0.0380762,1,4,60,0.0380762,1,4,63,0.0380761,2,0,21,0.0380762,2,0,22,0.0380762,2,6,0,0.0380762,3,2,7,0.0380762,3,2,8,0.0400802,3,2,21,0.0380761,3,2,35,0.0400802,3,2,36,0.0380762,3,2,49,0.0380762,3,5,7,0.0400802,4,5,0,0.0380761,4,5,49,0.0400802,
f5e6 (capture)
WHITE
14,3,2,14,14,14,1,3,0,0,14,14,5,0,14,14,14,14,14,8,0,2,14,0,14,4,14,14,14,14,0,8,14,14,8,14,14,10,8,14,14,8,14,14,14,14,14,10,1,14,14,9,8,8,14,14,11,14,14,13,12,14,9,11,0,0,1,1,-1,
1,4,21,0.250501,1,4,28,0.250501,1,4,35,0.248497,1,4,42,0.250501,
d7e7
BLACK
3,1,14,4,5,14,14,3,14,14,0,0,1,14,14,9,2,14,14,14,14,14,0,14,14,0,2,14,14,0,14,14,0,8,14,14,14,14,12,14,8,14,10,8,0,14,14,14,14,14,8,14,13,14,8,8,11,9,14,14,14,10,11,14,1,1,0,0,-1,
0,0,0,0.0420841,0,1,57,0.0420842,0,3,42,0.0420842,0,4,7,0.0420842,0,7,0,0.0420842,0,7,42,0.0420842,0,7,43,0.0400802,1,2,0,0.0420842,1,3,0,0.0400802,1,3,1,0.0400802,1,4,58,0.0420842,1,4,59,0.0420842,1,4,60,0.0400802,1,4,63,0.0400801,2,0,21,0.0420842,2,0,22,0.0420842,2,6,0,0.0420842,3,2,7,0.0420842,3,2,21,0.0420842,3,2,35,0.0420842,3,2,36,0.0420842,3,2,49,0.0420842,3,5,0,0.0420842,3,5,7,0.0420842,
e2c1
WHITE
14,3,2,14,14,14,1,3,0,0,14,5,14,0,14,14,14,14,14,8,0,2,14,0,14,4,14,14,14,14,0,8,14,14,8,14,14,10,8,14,14,8,14,14,14,14,14,10,1,14,14,14,8,8,14,14,11,14,14,13,12,9,9,11,0,0,1,1,-1,
0,1,42,0.0300601,0,6,59,0.0280561,0,7,0,0.0300601,1,0,0,0.0300601,1,0,1,0.0300601,1,1,0,0.0300601,1,3,21,0.0300601,1,3,28,0.0280561,1,3,49,0.0300601,2,4,0,0.0300601,2,5,21,0.0300601,2,5,35,0.0300601,2,5,36,0.0280561,2,5,49,0.0300601,2,5,50,0.0280561,2,5,51,0.0280561,2,5,52,0.0300601,2,5,53,0.0300601,3,1,0,0.0300601,3,1,1,0.0300601,3,1,7,0.0300601,3,1,14,0.0280561,3,1,15,0.0300601,3,1,16,0.0300601,3,1,17,0.0300601,3,1,21,0.0280561,3,1,28,0.0280561,3,1,35,0.0300601,3,1,42,0.0280561,3,1,49,0.0280561,3,6,49,0.0280561,6,0,56,0.0300601,6,0,62,0.0300601,6,0,63,0.0300601,
c6d7
BLACK
3,1,1,4,5,14,14,3,14,14,0,0,14,14,14,9,2,14,14,14,14,14,0,14,14,0,2,14,14,0,14,14,0,8,14,14,14,14,12,14,8,14,14,8,0,14,14,14,14,14,8,10,13,14,8,8,11,9,14,14,14,10,11,14,1,1,0,0,-1,
0,0,0,0.0340681,0,1,57,0.0320641,0,2,56,0.0340681,0,2,57,0.0320641,0,2,58,0.0340681,0,2,59,0.0340681,0,3,7,0.0340682,0,3,8,0.0340681,0,3,9,0.0340681,0,3,10,0.0340681,0,4,0,0.0340681,0,4,7,0.0320641,0,7,0,0.0340681,0,7,42,0.0340681,0,7,43,0.0320641,1,2,0,0.0320641,1,3,0,0.0320641,1,3,1,0.0320641,2,0,21,0.0320641,2,6,0,0.0340681,3,2,7,0.0340681,3,2,21,0.0340681,3,2,22,0.0320641,3,2,23,0.0320641,3,2,35,0.0340682,3,2,36,0.0340681,3,2,49,0.0340681,3,5,0,0.0340681,3,5,7,0.0340681,5,4,49,0.0320641,
f4g5 (capture)
WHITE
14,3,2,14,14,14,1,3,0,0,14,5,2,0,14,14,14,14,14,8,0,14,14,0,14,8,14,14,14,14,0,8,14,14,14,14,14,10,8,14,14,8,14,14,14,14,14,10,1,14,14,14,8,8,14,14,11,14,14,13,12,9,9,11,0,0,1,1,-1,
0,1,42,0.0521042,0,6,58,0.0541082,0,7,0,0.0541082,1,0,0,0.0541082,1,0,1,0.0521042,1,1,0,0.0521042,1,3,21,0.0541082,1,3,28,0.0521042,1,4,7,0.0521042,1,4,21,0.0521042,1,4,35,0.0521042,1,4,49,0.0521042,1,5,0,0.0521042,1,5,1,0.0541082,2,4,0,0.0521042,3,6,49,0.0521042,6,0,56,0.0521042,6,0,62,0.0521042,6,0,63,0.0521042,
a8a7
BLACK
3,1,1,4,5,14,14,3,14,14,0,0,14,14,14,9,2,14,14,14,14,14,0,14,14,0,2,14,14,14,14,14,0,8,14,14,14,14,0,14,8,14,14,8,0,14,14,14,11,14,8,10,13,14,8,8,14,9,14,14,14,10,11,14,1,1,0,0,-1,
0,0,0,0.0340682,0,1,57,0.0340681,0,2,56,0.0360721,0,2,57,0.0340681,0,2,58,0.0340682,0,2,59,0.0340681,0,3,7,0.0340681,0,3,8,0.0360721,0,3,9,0.0340681,0,3,10,0.0340682,0,4,0,0.0360722,0,4,7,0.0340681,0,7,0,0.0360722,0,7,42,0.0340682,0,7,43,0.0340681,1,2,0,0.0340682,1,3,0,0.0340681,1,3,1,0.0340681,2,0,21,0.0340681,2,6,0,0.0340682,3,2,7,0.0340682,3,2,21,0.0340681,3,2,22,0.0340682,3,2,23,0.0340682,3,2,35,0.0360722,3,2,36,0.0360721,3,2,49,0.0340681,4,6,0,0.0340681,5,4,49,0.0340681,
c1b3
WHITE
14,3,2,14,14,14,1,14,0,0,14,5,2,0,14,3,14,14,14,8,0,14,14,0,14,8,14,14,14,14,0,8,14,14,14,14,14,10,8,14,14,8,14,14,14,14,9,10,1,14,14,14,8,8,14,14,11,14,14,13,12,14,9,11,0,0,1,1,-1,
0,1,42,0.0501002,0,6,58,0.0501002,1,0,0,0.0501002,1,0,1,0.0501002,1,1,0,0.0501002,1,3,21,0.0501002,1,3,28,0.0480961,1,4,7,0.0501002,1,4,21,0.0501002,1,4,35,0.0501002,1,4,49,0.0501002,1,5,0,0.0501002,1,5,1,0.0501002,1,7,28,0.0501002,1,7,42,0.0501002,2,4,0,0.0501002,3,6,49,0.0501002,6,0,56,0.0501002,6,0,62,0.0501002,6,0,63,0.0501002,
b5c4 (capture)
BLACK
3,1,14,4,5,14,14,3,14,14,0,0,14,14,14,9,2,1,14,14,14,14,0,14,14,0,8,14,14,14,14,14,0,14,14,14,14,14,0,14,8,14,14,8,0,14,14,14,11,14,8,10,13,14,8,8,14,9,14,14,14,10,11,14,1,1,0,0,-1,
0,0,0,0.0420842,0,1,57,0.0420842,0,3,7,0.0420842,0,3,8,0.0420842,0,3,9,0.0420842,0,3,10,0.0420842,0,3,42,0.0420842,0,4,0,0.0420842,0,4,7,0.0420842,0,7,0,0.0420842,0,7,42,0.0420842,0,7,43,0.0400802,1,2,0,0.0420842,1,3,0,0.0400802,1,3,1,0.0400802,2,0,21,0.0420842,2,0,22,0.0400802,2,1,56,0.0420842,2,1,57,0.0420842,2,1,62,0.0420842,2,6,0,0.0420841,3,1,0,0.0420842,4,6,0,0.0420842,5,4,49,0.0400801,
c2c3
WHITE
14,3,2,14,14,14,1,14,0,0,14,5,2,0,14,3,14,14,14,8,0,14,14,0,14,8,14,14,14,14,14,8,14,14,14,14,14,0,8,14,14,8,14,14,14,8,9,10,1,14,14,14,8,14,14,14,11,14,14,13,12,14,9,11,0,0,1,1,-1,
0,1,42,0.0440882,0,6,58,0.0440882,1,0,0,0.0440882,1,0,1,0.0440882,1,1,0,0.0440882,1,3,0,0.0420842,1,3,21,0.0440882,1,3,28,0.0420842,1,4,7,0.0440882,1,4,8,0.0420842,1,4,9,0.0420842,1,4,21,0.0440882,1,4,35,0.0420842,1,4,49,0.0440882,1,5,0,0.0440882,1,5,1,0.0440882,1,7,28,0.0440882,1,7,42,0.0420842,2,4,0,0.0440882,4,5,7,0.0420842,6,0,56,0.0440882,6,0,62,0.0440882,6,0,63,0.0440882,
c7c5
BLACK
3,1,14,4,5,14,14,3,14,14,14,0,14,14,14,9,2,1,0,14,14,14,0,14,14,0,8,14,14,14,14,14,0,14,8,14,14,14,0,14,8,14,14,8,0,14,14,14,11,14,14,10,13,14,8,8,14,9,14,14,14,10,11,14,1,1,0,0,42,
0,0,0,0.0420842,0,3,7,0.0420842,0,3,8,0.0420842,0,3,9,0.0420842,0,3,10,0.0420842,0,3,42,0.0420842,0,3,49,0.0420842,0,4,0,0.0420842,0,4,7,0.0420842,0,7,0,0.0420842,0,7,42,0.0420842,0,7,43,0.0400802,1,3,0,0.0400802,1,3,1,0.0400802,2,0,21,0.0420842,2,0,22,0.0400802,2,1,56,0.0420842,2,1,57,0.0420842,2,1,62,0.0420842,2,6,0,0.0420841,3,1,0,0.0420842,3,1,7,0.0420842,4,6,0,0.0420842,5,4,49,0.0400801,
d2d4
WHITE
14,3,2,14,14,14,1,14,0,0,14,5,2,14,14,3,14,14,14,8,0,14,14,0,14,8,14,14,14,0,14,8,14,14,14,14,8,0,8,14,14,8,14,14,14,8,9,10,1,14,14,14,14,14,14,14,11,14,14,13,12,14,9,11,0,0,1,1,44,
0,1,42,0.0400801,0,6,58,0.0400802,1,0,0,0.0400802,1,0,1,0.0400802,1,1,0,0.0400801,1,3,0,0.0380762,1,3,21,0.0400802,1,3,28,0.0400801,1,4,7,0.0400802,1,4,8,0.0400801,1,4,9,0.0400802,1,4,21,0.0400801,1,4,35,0.0400802,1,4,49,0.0400802,1,7,28,0.0400801,1,7,42,0.0400802,1,7,43,0.0400802,2,4,0,0.0400802,3,5,7,0.0400802,3,5,49,0.0400802,4,5,7,0.0400802,4,5,49,0.0400801,6,0,56,0.0400802,6,0,62,0.0400802,6,0,63,0.0400801,
c4b3 (capture)
BLACK
3,1,14,4,5,14,14,3,14,14,14,14,14,14,14,9,2,8,0,14,14,14,0,14,14,0,14,0,14,14,14,14,0,14,8,14,14,14,0,14,8,14,14,8,0,14,14,14,11,14,14,10,13,14,8,8,14,9,14,14,14,10,11,14,1,1,0,0,-1,
0,0,0,0.0380761,0,1,56,0.0360721,0,3,0,0.0380761,0,3,1,0.0360722,0,3,7,0.0380761,0,3,8,0.0380761,0,3,9,0.0380762,0,3,10,0.0360722,0,3,42,0.0360721,0,3,49,0.0380761,0,3,50,0.0360721,0,4,0,0.0380762,0,4,7,0.0360722,0,4,49,0.0380761,0,7,0,0.0380761,0,7,42,0.0360721,0,7,43,0.0360721,2,0,21,0.0360721,2,0,22,0.0360721,2,2,0,0.0360722,2,6,0,0.0380761,3,1,0,0.0380762,3,1,7,0.0380761,3,3,0,0.0380762,3,3,49,0.0360721,4,6,0,0.0360721,5,4,49,0.0360721,
a3b2
WHITE
14,3,2,14,14,14,1,14,0,0,14,5,2,14,14,3,14,14,14,8,0,14,14,0,14,8,14,14,14,0,14,8,14,14,14,14,8,14,8,14,14,8,14,14,14,8,0,14,1,14,14,14,14,14,10,14,11,14,14,13,12,14,9,11,0,0,1,1,-1,
0,1,42,0.0432647,0,6,58,0.0432647,1,0,0,0.0432647,1,0,1,0.0432647,1,1,0,0.0432647,1,3,0,0.035594,1,3,21,0.0432647,1,3,28,0.035594,1,4,7,0.0432647,1,4,8,0.035594,1,4,9,0.035594,1,4,21,0.0432647,1,4,35,0.035594,1,4,49,0.0432647,1,7,28,0.0432647,1,7,42,0.0432647,1,7,43,0.0432647,2,4,0,0.0432647,3,5,0,0.0432647,3,5,7,0.0432647,3,5,49,0.0432647,6,0,56,0.0432647,6,0,62,0.0432647,6,0,63,0.0432647,
d7c8
BLACK
3,1,14,4,5,14,14,3,14,2,14,14,14,14,14,9,14,8,0,14,14,14,0,14,14,0,14,0,14,14,14,14,0,14,8,14,14,14,0,14,8,14,14,8,0,14,14,14,11,14,14,14,13,14,8,8,14,9,10,14,14,10,11,14,1,1,0,0,-1,
0,0,0,0.0327425,0,0,1,0.0411535,0,0,2,0.0327426,0,1,56,0.0327426,0,1,58,0.0327425,0,3,0,0.0327426,0,3,1,0.0327426,0,3,7,0.0327426,0,3,8,0.0411535,0,3,9,0.0327426,0,3,10,0.0327426,0,3,42,0.0327425,0,3,49,0.0327426,0,3,50,0.0327426,0,4,0,0.0411535,0,4,7,0.0327426,0,4,49,0.0327426,0,7,0,0.0411535,0,7,42,0.0327426,0,7,43,0.0327425,1,1,21,0.0327425,1,1,49,0.0327426,2,2,0,0.0327426,2,6,0,0.0411535,3,1,0,0.0411535,3,1,7,0.0327426,3,3,0,0.0327426,3,3,49,0.0327426,4,6,0,0.0327426,
b1d2
WHITE
14,3,2,14,14,2,1,14,0,0,14,5,14,14,14,3,14,14,14,8,0,14,14,0,14,8,14,14,14,0,14,8,14,14,14,14,8,14,8,14,14,8,14,14,14,8,0,14,1,14,14,14,9,14,10,14,11,14,14,13,12,14,14,11,0,0,1,1,-1,
0,1,42,0.0458475,0,5,7,0.0458475,0,5,49,0.0458475,0,5,50,0.0380629,0,6,58,0.0458475,0,6,59,0.0380629,1,0,0,0.0458475,1,0,1,0.0458475,1,1,0,0.0458475,1,3,0,0.0380629,1,3,21,0.0458475,1,3,28,0.0380629,1,7,28,0.0458475,1,7,42,0.0380629,1,7,43,0.0458475,1,7,44,0.0380629,2,4,0,0.0380629,3,5,0,0.0458475,3,5,7,0.0458475,3,5,49,0.0458475,6,0,56,0.0458475,6,0,62,0.0458475,6,0,63,0.0458475,
a7d7
BLACK
3,14,14,4,5,14,14,3,14,2,14,1,14,14,14,9,14,8,0,14,14,14,0,14,14,0,14,0,14,14,14,14,0,14,8,14,14,14,0,14,8,14,14,8,0,14,14,14,14,14,14,11,13,14,8,8,14,9,10,14,14,10,11,14,1,1,0,0,-1,
0,0,0,0.0319008,0,0,1,0.0319008,0,0,2,0.0319008,0,0,14,0.0319008,0,0,15,0.0319008,0,3,7,0.0319008,0,3,8,0.0319008,0,3,9,0.0319008,0,3,10,0.0319008,0,3,42,0.0242074,0,3,43,0.0319008,0,3,49,0.0319008,0,3,50,0.0319008,0,4,0,0.0319008,0,4,7,0.0242074,0,7,0,0.0319008,0,7,42,0.0242075,0,7,43,0.0242074,1,1,21,0.0242074,1,1,49,0.0319008,1,3,56,0.0242074,1,3,57,0.0319008,1,3,58,0.0242075,1,3,59,0.0242074,1,3,60,0.0319008,1,3,63,0.0319008,2,2,0,0.0242075,2,6,0,0.0319008,3,1,0,0.0319008,3,1,7,0.0319008,3,3,0,0.0319008,3,3,49,0.0319008,4,6,0,0.0242075,5,4,49,0.0242075,
a1b1
WHITE
14,3,2,14,14,2,1,14,0,0,14,5,3,14,14,14,14,14,14,8,0,14,14,0,14,8,14,14,14,0,14,8,14,14,14,14,8,14,8,14,14,8,14,14,14,8,0,14,1,14,14,14,9,14,10,14,11,14,14,13,12,14,11,14,0,0,1,0,-1,
0,1,42,0.0503795,0,5,7,0.0503795,0,6,58,0.0503795,1,0,0,0.0503795,1,0,1,0.0503795,1,1,0,0.0503795,1,3,0,0.0503795,1,3,21,0.0503795,1,3,28,0.0503795,1,4,14,0.0427897,1,4,15,0.0503795,1,4,16,0.0503795,1,4,28,0.0503795,2,4,0,0.0503795,3,5,0,0.0503795,3,5,7,0.0503795,3,5,49,0.0503795,6,0,56,0.0503795,6,0,62,0.0503795,6,0,63,0.0503795,
e7e8
BLACK
14,3,14,4,5,14,14,3,14,2,14,1,14,14,14,9,14,8,0,14,14,14,0,14,14,0,14,0,14,14,14,14,0,14,8,14,14,14,0,14,8,14,14,8,0,14,14,14,14,14,14,11,14,14,8,8,14,9,10,14,13,10,11,14,1,0,0,0,-1,
0,1,14,0.0314235,0,1,42,0.0314235,0,3,7,0.0314235,0,3,8,0.0314235,0,3,9,0.0314235,0,3,10,0.0314235,0,3,42,0.0314235,0,3,49,0.0314235,0,3,50,0.0314235,0,4,0,0.0400471,0,4,7,0.0314236,0,7,0,0.0400471,0,7,42,0.0314236,0,7,43,0.0314234,1,1,21,0.0314235,1,1,35,0.0314235,1,1,49,0.0314235,1,3,56,0.0314235,1,3,57,0.0400471,1,3,58,0.0314235,1,3,59,0.0314236,1,3,63,0.0314235,2,2,0,0.0314236,2,6,0,0.0314235,3,1,0,0.0314235,3,1,7,0.0314235,3,3,0,0.0314235,3,3,49,0.0314235,4,6,0,0.0314235,5,4,0,0.0314235,5,4,49,0.0314236,
d1e2
WHITE
14,3,2,5,14,2,1,14,0,0,14,14,3,14,14,14,14,14,14,8,0,14,14,0,14,8,14,14,14,0,14,8,14,14,14,14,8,14,8,14,14,8,14,14,14,8,0,14,1,14,14,12,9,14,10,14,11,14,14,13,14,14,11,14,0,0,1,0,-1,
0,1,42,0.0479392,0,2,7,0.0401301,0,3,0,0.0479392,0,3,14,0.0479393,0,5,7,0.0479393,0,6,58,0.0479393,1,0,0,0.0479392,1,0,1,0.0479393,1,1,0,0.0479392,1,4,14,0.0401301,1,4,15,0.0401302,1,4,16,0.0401302,1,4,28,0.0401302,1,4,42,0.0479392,1,4,43,0.0401302,2,4,0,0.0401301,3,5,0,0.0479392,3,5,7,0.0479393,3,5,49,0.0479392,6,0,56,0.0479393,6,0,62,0.0479392,6,0,63,0.0479392,
c5b4 (capture)
BLACK
14,3,14,14,5,14,14,3,14,2,14,1,4,14,14,9,14,8,0,14,14,14,0,14,14,8,14,0,14,14,14,14,0,14,14,14,14,14,0,14,8,14,14,8,0,14,14,14,14,14,14,11,14,14,8,8,14,9,10,14,13,10,11,14,1,0,0,0,-1,
0,1,14,0.0251729,0,1,15,0.0251729,0,1,42,0.0251729,0,4,7,0.0251729,0,4,42,0.0251729,0,7,0,0.0338589,0,7,42,0.0251729,0,7,43,0.0251729,1,1,21,0.0251729,1,1,35,0.0251729,1,1,49,0.0251729,1,3,56,0.0251729,1,3,57,0.0338589,1,3,58,0.0251729,1,3,59,0.0251729,1,3,63,0.0251729,1,4,0,0.0251729,1,4,1,0.0251729,1,4,2,0.0251729,1,4,7,0.0338589,1,4,8,0.0251729,1,4,9,0.0251729,1,4,14,0.0251729,1,4,15,0.0251729,1,4,16,0.0251729,1,4,21,0.0251729,1,4,35,0.0251729,1,4,49,0.0338589,1,4,50,0.0251729,1,4,51,0.0251729,1,4,52,0.0251729,2,2,0,0.0251729,2,2,49,0.0338589,2,6,0,0.0251729,3,3,0,0.0251729,4,6,0,0.0251729,5,4,0,0.0251729,5,4,49,0.0251729,
e2f3
WHITE
14,3,2,5,14,2,1,14,0,0,14,14,3,14,14,14,14,14,14,8,0,14,14,0,14,8,14,14,14,14,14,8,14,14,14,14,8,14,0,14,14,8,12,14,14,8,0,14,1,14,14,14,9,14,10,14,11,14,14,13,14,14,11,14,0,0,1,0,-1,
0,1,42,0.0503795,0,2,7,0.0503795,0,3,0,0.0503795,0,3,14,0.0503795,0,5,7,0.0503795,0,6,58,0.0503795,1,0,0,0.0503795,1,0,1,0.0503795,1,1,0,0.0503795,1,4,14,0.0503795,1,4,15,0.0503795,1,4,16,0.0503795,1,4,28,0.0427896,1,4,42,0.0503795,1,4,43,0.0503795,2,4,0,0.0503795,4,6,49,0.0503795,6,0,56,0.0503795,6,0,62,0.0503795,6,0,63,0.0503795,
d7a7
BLACK
14,3,14,14,5,14,14,3,14,2,14,1,14,14,14,9,14,8,0,14,14,4,0,14,14,8,14,0,14,14,14,14,0,14,14,14,14,14,0,14,8,14,14,8,0,14,14,14,11,14,14,14,14,14,8,8,14,9,10,14,13,10,11,14,1,0,0,0,-1,
0,1,14,0.0229139,0,1,15,0.022914,0,1,42,0.0229139,0,4,0,0.0315608,0,4,7,0.0229139,0,4,42,0.022914,0,7,0,0.0315608,0,7,42,0.0229139,0,7,43,0.022914,1,1,21,0.0229139,1,1,35,0.0229139,1,1,49,0.0229139,1,3,57,0.0315608,1,3,58,0.0229139,1,3,59,0.022914,1,3,63,0.0229139,2,2,0,0.022914,2,2,49,0.0315608,2,5,0,0.0315608,2,5,1,0.0229139,2,5,2,0.0229139,2,5,3,0.0229139,2,5,4,0.0229139,2,5,7,0.022914,2,5,8,0.0229139,2,5,21,0.0229139,2,5,28,0.0315608,2,5,29,0.022914,2,5,35,0.022914,2,5,36,0.0229139,2,5,42,0.0229139,2,5,43,0.0229139,2,5,49,0.0315608,2,5,50,0.022914,2,5,51,0.022914,2,5,52,0.0229139,2,5,53,0.0229139,2,6,0,0.0229139,3,3,0,0.0229139,4,6,0,0.0229139,5,4,0,0.022914,
b1a1
WHITE
14,3,2,5,14,2,1,14,0,0,14,14,14,14,14,3,14,14,14,8,0,14,14,0,14,8,14,14,14,14,14,8,14,14,14,14,8,14,0,14,14,8,12,14,14,8,0,14,1,14,14,14,9,14,10,14,11,14,14,13,14,14,14,11,0,0,1,0,-1,
0,1,42,0.0458475,0,2,7,0.0380629,0,3,0,0.0458475,0,3,14,0.0458475,0,5,7,0.0458475,0,5,49,0.0458475,0,5,50,0.0380629,0,6,58,0.0458475,0,6,59,0.0380629,1,0,0,0.0458475,1,0,1,0.0458475,1,1,0,0.0458475,1,7,28,0.0458475,1,7,42,0.0380629,1,7,43,0.0458475,1,7,44,0.0380629,1,7,45,0.0380629,1,7,46,0.0380629,2,4,0,0.0458475,4,6,49,0.0458475,6,0,56,0.0458475,6,0,62,0.0458475,6,0,63,0.0458475,
h2g4
BLACK
3,14,14,14,5,14,14,3,14,2,14,1,14,14,14,14,14,8,0,14,14,4,0,14,14,8,14,0,14,14,9,14,0,14,14,14,14,14,0,14,8,14,14,8,0,14,14,14,11,14,14,14,14,14,8,8,14,9,10,14,13,10,11,14,1,0,0,0,-1,
0,0,0,0.0257683,0,0,1,0.0257683,0,0,2,0.0176001,0,0,14,0.0257683,0,0,15,0.0257683,0,0,16,0.0176001,0,4,0,0.0257683,0,4,14,0.0176001,0,4,16,0.0176001,0,4,42,0.0176001,0,7,0,0.0257683,0,7,1,0.0176001,0,7,2,0.0257683,0,7,3,0.0257683,0,7,4,0.0176001,0,7,5,0.0176001,0,7,42,0.0176001,0,7,43,0.0176001,1,1,21,0.0176001,1,1,49,0.0257683,1,3,57,0.0257683,1,3,58,0.0176001,1,3,59,0.0176001,1,3,60,0.0257683,1,3,63,0.0176001,2,2,0,0.0176001,2,2,49,0.0257683,2,5,0,0.0257683,2,5,1,0.0176001,2,5,2,0.0257683,2,5,3,0.0176001,2,5,4,0.0176001,2,5,7,0.0176001,2,5,21,0.0257683,2,5,28,0.0257683,2,5,29,0.0176001,2,5,35,0.0176001,2,5,36,0.0176001,2,5,42,0.0176001,2,5,43,0.0257683,2,5,49,0.0257683,2,5,50,0.0176001,2,5,51,0.0176001,2,5,52,0.0176001,2,5,53,0.0176001,3,3,0,0.0257683,4,6,0,0.0176001,5,4,0,0.0176001,
h1h4
WHITE
14,3,2,5,14,2,1,14,0,0,14,14,14,14,14,3,14,14,14,8,0,14,14,0,14,8,14,14,14,14,14,8,11,1,14,14,8,14,0,14,14,8,12,14,14,8,0,14,14,14,14,14,9,14,10,14,14,14,14,13,14,14,14,11,0,0,0,0,-1,
0,1,42,0.0368477,0,2,7,0.0368478,0,3,0,0.0368478,0,3,14,0.0368478,0,5,7,0.0368478,0,5,49,0.0452394,0,5,50,0.0368478,0,6,58,0.0368478,0,6,59,0.0368478,1,0,0,0.0452394,1,0,1,0.0368477,1,1,0,0.0368478,1,7,28,0.0368478,1,7,42,0.0368477,1,7,43,0.0368478,1,7,44,0.0368478,1,7,45,0.0368478,1,7,46,0.0368478,2,4,0,0.0368478,4,1,56,0.0368478,4,1,57,0.0368478,4,1,58,0.0368478,4,1,61,0.0452394,4,1,62,0.0452394,4,1,63,0.0452394,4,6,49,0.0368478,
e8e7
BLACK
3,14,14,14,5,14,14,14,14,2,14,1,14,14,14,14,14,8,0,14,14,4,0,14,14,8,14,0,14,14,9,3,0,14,14,14,14,14,0,14,8,14,14,8,0,14,14,14,11,14,14,14,13,14,8,8,14,9,10,14,14,10,11,14,0,0,0,0,-1,
0,0,0,0.0228409,0,0,1,0.0228409,0,0,2,0.0228409,0,0,14,0.0228409,0,0,15,0.0228409,0,0,16,0.022841,0,4,0,0.0228409,0,4,14,0.0156007,0,4,42,0.0228409,1,1,21,0.0156006,1,1,49,0.0228409,1,3,57,0.0228409,1,3,58,0.0228409,1,3,59,0.0156007,1,3,60,0.0228409,1,3,63,0.0228409,2,2,0,0.0156007,2,2,49,0.0228409,2,5,0,0.0228409,2,5,1,0.0228409,2,5,2,0.0228409,2,5,3,0.022841,2,5,4,0.0228409,2,5,7,0.0228409,2,5,21,0.0228409,2,5,22,0.0228409,2,5,28,0.0228409,2,5,29,0.0228409,2,5,35,0.0228409,2,5,36,0.0156006,2,5,42,0.0156006,2,5,43,0.0228409,2,5,49,0.0228409,2,5,50,0.0156006,2,5,51,0.0228409,2,5,52,0.0228409,2,5,53,0.0228409,3,3,0,0.0228409,3,7,0,0.0228409,3,7,1,0.0228409,3,7,2,0.0228409,3,7,28,0.0228409,3,7,29,0.0228409,3,7,30,0.0228409,3,7,42,0.0228409,4,6,0,0.0228409,
f3d5
WHITE
14,3,2,14,14,2,1,14,0,0,14,5,14,14,14,3,14,14,14,8,0,14,14,0,14,8,14,14,12,14,14,8,11,1,14,14,8,14,0,14,14,8,14,14,14,8,0,14,14,14,14,14,9,14,10,14,14,14,14,13,14,14,14,11,0,0,0,0,-1,
0,1,42,0.0479392,0,5,7,0.0479392,0,5,49,0.0479393,0,5,50,0.0401302,0,6,58,0.0479393,0,6,59,0.0401301,1,0,0,0.0479393,1,0,1,0.0479392,1,1,0,0.0479393,1,3,21,0.0479393,1,3,28,0.0401302,1,7,28,0.0401301,1,7,42,0.0401302,1,7,43,0.0479392,1,7,44,0.0401301,4,1,56,0.0479393,4,1,57,0.0479392,4,1,58,0.0479392,4,1,61,0.0479392,4,1,62,0.0479392,4,1,63,0.0479392,4,6,49,0.0401302,
g4f2
BLACK
3,14,14,14,5,14,14,14,14,2,14,1,14,9,14,14,14,8,0,14,14,14,0,14,14,8,14,0,14,14,14,3,0,14,14,4,14,14,0,14,8,14,14,8,0,14,14,14,11,14,14,14,13,14,8,8,14,9,10,14,14,10,11,14,0,0,0,0,-1,
0,0,0,0.0199027,0,0,1,0.0281881,0,0,2,0.0199027,0,0,14,0.0199027,0,0,15,0.0281881,0,0,16,0.0199027,0,4,0,0.0281881,0,4,7,0.0199027,0,4,14,0.0199026,1,1,21,0.0199027,1,1,49,0.0199027,1,3,56,0.0199027,1,3,57,0.0281881,1,3,58,0.0199027,1,3,59,0.0199026,1,3,60,0.0281881,1,3,63,0.0199027,2,2,0,0.0199026,2,2,49,0.0281881,2,6,0,0.0281881,3,7,0,0.0199026,3,7,1,0.0199026,3,7,2,0.0199028,3,7,28,0.0199027,3,7,29,0.0281881,3,7,30,0.0281881,3,7,42,0.0199027,3,7,43,0.0281881,3,7,44,0.0281881,4,3,0,0.0281881,4,3,14,0.0281881,4,3,15,0.0281881,4,3,21,0.0199026,4,3,22,0.0199028,4,3,23,0.0199027,4,3,24,0.0199027,4,3,35,0.0199027,4,3,36,0.0199027,4,3,42,0.0199027,4,3,43,0.0199027,4,3,49,0.0199026,4,3,50,0.0281881,4,3,51,0.0199027,4,6,0,0.0199027,
d2c4
WHITE
14,3,2,14,14,2,1,14,0,0,14,5,14,14,14,3,14,14,14,8,0,14,14,0,14,8,14,14,12,14,14,8,11,14,14,14,8,9,0,14,14,8,14,14,14,8,0,14,14,14,1,14,14,14,10,14,14,14,14,13,14,14,14,11,0,0,0,0,-1,
0,1,42,0.0479392,0,5,7,0.0479393,0,5,49,0.0479392,0,5,50,0.0401302,0,6,58,0.0479393,0,6,59,0.0401301,1,0,0,0.0479392,1,0,1,0.0479392,1,1,0,0.0479393,1,3,21,0.0479393,1,3,28,0.0401302,1,7,28,0.0479393,1,7,42,0.0479392,1,7,43,0.0479392,1,7,44,0.0401302,4,6,49,0.0479392,6,2,56,0.0479392,6,2,59,0.0401302,6,2,60,0.0479392,6,2,61,0.0401301,6,2,62,0.0401301,6,2,63,0.0479393,
a7b7
BLACK
3,14,14,14,5,14,14,14,14,2,14,14,14,9,14,14,14,8,0,14,14,14,0,14,14,8,1,0,14,14,14,3,0,14,14,4,14,14,0,14,8,14,14,8,0,14,14,14,14,11,14,14,13,14,8,8,14,9,10,14,14,10,11,14,0,0,0,0,-1,
0,0,0,0.0229139,0,0,1,0.0229139,0,0,2,0.022914,0,0,14,0.0229139,0,0,15,0.0315608,0,0,16,0.0229139,0,4,0,0.0315608,0,4,7,0.022914,0,4,14,0.0229139,0,4,49,0.022914,1,1,21,0.022914,1,1,49,0.0229139,2,2,49,0.0315608,2,6,0,0.0229139,3,2,56,0.022914,3,2,57,0.0229139,3,2,58,0.0229139,3,2,60,0.0229139,3,2,62,0.022914,3,2,63,0.0315608,3,7,0,0.022914,3,7,1,0.022914,3,7,2,0.0229139,3,7,28,0.022914,3,7,29,0.0315608,3,7,30,0.0315608,3,7,42,0.0229139,3,7,43,0.0229139,3,7,44,0.0229139,4,3,0,0.0229139,4,3,14,0.0315608,4,3,15,0.0229139,4,3,21,0.0229139,4,3,22,0.022914,4,3,23,0.0229139,4,3,24,0.0229139,4,3,42,0.0229139,4,3,43,0.0229139,4,3,49,0.022914,4,3,50,0.0229139,4,6,0,0.0229139,
c4d6 (capture)
WHITE
14,3,2,14,14,2,1,14,0,0,14,5,14,14,3,14,14,14,14,8,9,14,14,0,14,8,14,14,12,14,14,8,11,14,14,14,8,14,0,14,14,8,14,14,14,8,0,14,14,14,1,14,14,14,10,14,14,14,14,13,14,14,14,11,0,0,0,0,-1,
0,1,42,0.0494626,0,5,49,0.0494625,0,5,50,0.0494625,0,6,58,0.0494625,0,6,59,0.0417199,1,0,0,0.0494626,1,0,1,0.0494625,1,1,0,0.0494625,1,3,21,0.0494625,1,6,0,0.0417199,1,6,1,0.0494625,1,6,14,0.0494625,1,6,42,0.0494626,1,6,43,0.0417199,4,6,49,0.0494625,6,2,56,0.0494625,6,2,59,0.0417199,6,2,60,0.0494626,6,2,61,0.0494626,6,2,62,0.0417199,6,2,63,0.0494625,
c8e6 (capture)
BLACK
3,14,14,14,5,14,14,14,14,2,14,14,14,9,14,14,14,8,0,14,14,14,0,14,14,8,14,0,14,14,14,3,0,14,14,4,14,14,0,14,8,14,14,1,10,14,14,14,14,11,14,14,13,14,8,8,14,9,14,14,14,10,11,14,0,0,0,0,-1,
0,0,0,0.0228409,0,0,1,0.0228409,0,0,2,0.0228409,0,0,14,0.0228409,0,0,15,0.0228409,0,0,16,0.022841,0,4,0,0.0228409,0,4,7,0.0228409,0,4,14,0.0156007,0,4,49,0.0228409,1,1,21,0.0156007,1,1,49,0.0228409,2,2,0,0.0156006,2,2,49,0.0228409,2,6,0,0.0228409,3,7,0,0.0228409,3,7,1,0.0228409,3,7,2,0.0228409,3,7,28,0.0228409,3,7,29,0.0228409,3,7,30,0.0228409,3,7,42,0.0228409,3,7,43,0.0228409,3,7,44,0.0228409,4,3,7,0.0228409,4,3,14,0.0228409,4,3,15,0.0228409,4,3,21,0.0228409,4,3,22,0.0228409,4,3,23,0.0228409,4,3,24,0.0156006,4,3,35,0.022841,4,3,36,0.0228409,4,3,42,0.0228409,4,3,43,0.0156006,4,3,49,0.0228409,4,3,50,0.0228409,4,6,0,0.0228409,5,3,56,0.0156006,5,3,57,0.0228409,5,3,58,0.0228409,5,3,59,0.0228409,5,3,60,0.0228409,5,3,61,0.0156007,5,3,62,0.0228409,5,3,63,0.0228409,
h4h6
WHITE
14,3,2,14,14,14,1,14,0,0,14,5,14,14,3,14,11,14,14,2,9,14,14,0,14,8,14,14,12,14,14,8,14,14,14,14,8,14,0,14,14,8,14,14,14,8,0,14,14,14,1,14,14,14,10,14,14,14,14,13,14,14,14,11,0,0,0,0,-1,
0,1,42,0.0368478,0,6,58,0.0452394,0,6,59,0.0368478,1,1,0,0.0368477,1,1,49,0.0368478,1,3,14,0.0368478,1,3,21,0.0452394,1,6,0,0.0368478,1,6,1,0.0368478,1,6,14,0.0452394,1,6,42,0.0368478,1,6,43,0.0368478,2,3,7,0.0368478,2,3,21,0.0368478,2,3,22,0.0368477,2,3,35,0.0452394,2,3,49,0.0368478,2,3,50,0.0368478,2,3,51,0.0368478,4,6,49,0.0368477,6,2,56,0.0368478,6,2,59,0.0368478,6,2,60,0.0368478,6,2,61,0.0368478,6,2,62,0.0368478,6,2,63,0.0452394,
e6f7
BLACK
3,14,14,14,5,14,14,14,14,2,14,14,14,9,14,14,14,8,0,14,14,14,0,14,14,8,14,0,14,14,14,14,0,14,14,4,14,14,0,14,8,14,14,1,14,14,14,3,14,11,14,14,13,10,8,8,14,9,14,14,14,10,11,14,0,0,0,0,-1,
0,0,0,0.0242164,0,0,1,0.0242164,0,0,2,0.0242165,0,0,14,0.0242164,0,0,15,0.0242164,0,0,16,0.0242164,0,4,0,0.0242164,0,4,7,0.0165402,0,4,14,0.0165402,0,4,49,0.0242164,1,1,21,0.0165402,1,1,49,0.0242164,2,2,0,0.0165401,2,2,49,0.0242164,2,6,0,0.0242164,4,3,7,0.0242164,4,3,8,0.0242164,4,3,14,0.0242164,4,3,15,0.0242164,4,3,21,0.0165401,4,3,22,0.0242165,4,3,23,0.0242165,4,3,24,0.0165402,4,3,35,0.0242165,4,3,36,0.0242164,4,3,42,0.0242164,4,3,43,0.0165402,4,3,49,0.0165402,4,3,50,0.0242164,4,6,0,0.0165402,5,3,56,0.0165402,5,3,57,0.0242164,5,3,58,0.0242165,5,3,59,0.0165402,5,3,60,0.0165402,5,3,61,0.0165402,5,3,62,0.0165402,5,3,63,0.0242165,5,7,0,0.0242165,5,7,28,0.0165402,5,7,29,0.0165402,5,7,30,0.0242165,5,7,31,0.0242164,5,7,32,0.0165402,5,7,42,0.0242164,5,7,43,0.0165402,5,7,44,0.0242165,
e1d2
WHITE
14,3,2,14,14,14,1,14,0,0,2,5,14,14,3,14,11,14,14,14,9,14,14,0,14,8,14,14,12,14,14,8,14,14,14,14,8,14,0,14,14,8,14,14,14,8,0,14,14,14,1,14,13,14,10,14,14,14,14,14,14,14,14,11,0,0,0,0,-1,
0,1,42,0.0432647,0,6,58,0.0432647,0,6,59,0.035594,1,1,0,0.0432647,1,1,49,0.0432647,1,2,7,0.0432647,1,2,8,0.0432647,1,2,21,0.0432647,1,2,49,0.0432647,1,2,50,0.035594,1,3,14,0.0432647,1,3,21,0.0432647,1,6,0,0.035594,1,6,1,0.0432647,1,6,14,0.0432647,1,6,42,0.0432647,1,6,43,0.035594,4,6,49,0.0432647,6,2,56,0.0432647,6,2,59,0.035594,6,2,60,0.0432647,6,2,61,0.0432647,6,2,62,0.0432647,6,2,63,0.0432647,
b7b5
BLACK
3,14,14,14,14,14,14,14,14,2,14,5,14,9,14,14,14,8,0,14,14,14,0,14,14,8,14,0,14,14,14,14,0,11,14,4,14,14,0,14,8,14,14,1,14,14,14,3,14,14,14,14,13,10,8,8,14,9,14,14,14,10,11,14,0,0,0,0,-1,
0,0,0,0.0223323,0,0,1,0.0223323,0,0,2,0.0223324,0,0,14,0.0223323,0,0,15,0.0223323,0,0,16,0.0223324,0,0,17,0.0146523,0,0,18,0.0223323,0,0,19,0.0223323,0,0,20,0.0146523,1,1,21,0.0146523,1,1,49,0.0223324,1,3,7,0.0223323,1,3,14,0.0146523,1,3,21,0.0223323,1,3,35,0.0223323,2,2,0,0.0146523,2,2,49,0.0223323,2,6,0,0.0223323,4,3,7,0.0223324,4,3,8,0.0223323,4,3,14,0.0223323,4,3,15,0.0223323,4,3,21,0.0146523,4,3,22,0.0223324,4,3,23,0.0223323,4,3,24,0.0146523,4,3,35,0.0223323,4,3,36,0.0223323,4,3,42,0.0223323,4,3,43,0.0146523,4,3,49,0.0146523,4,3,50,0.0223323,4,3,51,0.0146523,4,6,0,0.0146523,5,3,56,0.0146523,5,3,57,0.0223323,5,3,58,0.0223323,5,3,59,0.0146523,5,3,60,0.0146523,5,3,61,0.0146523,5,3,62,0.0146523,5,3,63,0.0223323,5,7,0,0.0223323,5,7,28,0.0146523,5,7,29,0.0146523,5,7,30,0.0223324,5,7,31,0.0223323,5,7,32,0.0146523,5,7,42,0.0223323,5,7,43,0.0146523,5,7,44,0.0146523,
b2a3
WHITE
14,3,2,14,14,14,1,14,0,0,2,5,14,14,14,14,11,14,14,14,9,14,14,0,14,8,14,14,12,14,3,8,14,14,14,14,8,14,0,14,14,8,14,14,14,8,0,10,14,14,1,14,13,14,14,14,14,14,14,14,14,14,14,11,0,0,0,0,-1,
0,1,42,0.0368478,0,6,58,0.0452394,0,6,59,0.0368478,1,1,0,0.0368478,1,1,49,0.0368478,1,2,7,0.0368478,1,2,8,0.0368477,1,2,21,0.0368477,1,2,49,0.0452394,1,2,50,0.0368478,1,3,14,0.0368478,1,3,21,0.0452394,3,6,14,0.0368478,3,6,28,0.0452394,3,6,29,0.0368478,3,6,42,0.0368478,3,6,43,0.0368477,4,6,7,0.0452394,4,6,49,0.0368478,5,6,0,0.0368478,6,2,56,0.0368478,6,2,59,0.0368478,6,2,60,0.0368478,6,2,61,0.0368478,6,2,62,0.0368478,6,2,63,0.0368478,
f7e6
BLACK
3,14,14,14,14,14,14,14,14,14,14,5,14,9,14,14,2,8,0,14,14,14,0,14,14,8,14,0,14,14,14,14,0,11,14,4,14,14,0,14,8,14,14,1,10,14,14,3,14,14,14,14,13,14,8,8,14,9,14,14,14,10,11,14,0,0,0,0,-1,
0,0,0,0.0201385,0,0,14,0.0201385,0,0,15,0.0201385,0,0,16,0.0201385,0,0,17,0.0201386,0,0,18,0.0201385,0,0,19,0.0201385,0,0,20,0.0201385,1,3,7,0.0201385,1,3,14,0.0201386,1,3,21,0.0201385,1,3,35,0.0201385,2,0,7,0.0201385,2,0,21,0.0201385,2,0,22,0.0201385,2,2,0,0.0201385,2,2,49,0.0201385,2,6,0,0.0201385,4,3,7,0.0201385,4,3,14,0.0201385,4,3,15,0.0201385,4,3,21,0.0201385,4,3,22,0.0201385,4,3,23,0.0201385,4,3,24,0.0201386,4,3,35,0.0201385,4,3,36,0.0201385,4,3,42,0.0201385,4,3,43,0.0201385,4,3,49,0.0201385,4,3,50,0.0201385,4,3,51,0.0201385,4,6,0,0.0201385,5,3,56,0.0201386,5,3,57,0.0201385,5,3,58,0.0201386,5,3,59,0.0201385,5,3,60,0.0201385,5,3,61,0.0201384,5,3,62,0.0201386,5,3,63,0.0201385,5,7,0,0.0201385,5,7,28,0.0201386,5,7,29,0.0132128,5,7,30,0.0201385,5,7,31,0.0201385,5,7,32,0.0201385,5,7,42,0.0201385,5,7,43,0.0201385,5,7,44,0.0201385,
d5g2
WHITE
14,3,2,14,14,14,1,14,0,0,14,5,14,14,14,14,11,14,14,2,9,14,14,0,14,8,14,14,14,14,3,8,14,14,14,14,8,14,0,14,14,8,14,14,14,8,0,10,14,12,1,14,13,14,14,14,14,14,14,14,14,14,14,11,0,0,0,0,-1,
0,1,42,0.0292585,0,6,58,0.0292585,0,6,59,0.0292584,1,1,0,0.0292584,1,1,49,0.0292585,1,3,7,0.0378762,1,3,14,0.0292584,1,3,21,0.0378762,2,3,7,0.0292585,2,3,8,0.0292584,2,3,21,0.0292584,2,3,22,0.0292584,2,3,35,0.0292585,2,3,49,0.0292585,2,3,50,0.0292585,2,3,51,0.0292584,3,6,14,0.0292585,3,6,28,0.0378762,3,6,29,0.0292584,3,6,42,0.0292585,3,6,43,0.0292585,3,6,44,0.0292585,3,6,45,0.0292585,3,6,46,0.0292584,4,6,7,0.0378762,4,6,49,0.0292585,5,6,0,0.0292584,6,2,56,0.0292584,6,2,59,0.0292585,6,2,60,0.0292584,6,2,61,0.0292585,6,2,62,0.0292584,6,2,63,0.0292584,
b4c3 (capture)
BLACK
3,14,14,14,14,14,14,14,14,14,14,5,14,9,4,14,2,8,8,14,14,14,0,14,14,14,14,0,14,14,14,14,0,11,14,14,14,14,0,14,8,14,14,1,10,14,14,3,14,14,14,14,13,14,8,8,14,9,14,14,14,10,11,14,0,0,0,0,-1,
1,3,7,0.201589,1,3,14,0.193645,1,3,21,0.201589,1,3,35,0.201589,1,3,49,0.201589,
d2e1
WHITE
14,3,2,14,14,14,1,14,0,0,14,5,14,14,14,14,11,14,14,2,9,14,14,0,14,8,14,14,14,14,3,8,14,14,14,14,8,14,14,14,14,8,14,14,14,0,0,10,14,12,1,14,14,14,14,14,14,14,14,13,14,14,14,11,0,0,0,0,-1,
0,1,42,0.0344327,0,6,58,0.0344327,0,6,59,0.0265984,1,1,0,0.0344326,1,1,49,0.0344327,1,3,14,0.0265984,1,3,21,0.0344327,2,3,7,0.0344327,2,3,8,0.0265985,2,3,21,0.0265984,2,3,22,0.0265984,2,3,35,0.0344327,2,3,49,0.0344327,2,3,50,0.0344327,2,3,51,0.0265984,3,6,0,0.0265984,3,6,14,0.0344327,3,6,28,0.0344327,3,6,29,0.0265984,3,6,42,0.0344327,3,6,43,0.0344327,3,6,44,0.0344327,3,6,45,0.0344326,3,6,46,0.0344326,5,5,0,0.0344326,5,6,0,0.0344327,6,2,56,0.0265984,6,2,59,0.0265984,6,2,60,0.0265984,6,2,61,0.0265984,6,2,62,0.0265984,6,2,63,0.0344327,
g8h8
BLACK
3,14,14,14,5,14,14,14,14,14,14,14,14,9,4,14,2,8,8,14,14,14,0,14,14,14,14,0,14,14,14,14,0,11,14,14,14,14,0,14,8,14,14,1,10,14,14,3,14,14,14,14,13,14,8,8,14,9,14,14,14,10,14,11,0,0,0,0,-1,
0,0,0,0.0263136,0,0,14,0.0263136,0,0,15,0.0263136,0,0,16,0.0263136,0,4,0,0.0263136,0,4,7,0.0185792,0,4,14,0.0185791,1,6,7,0.0185792,1,6,14,0.0263136,1,6,21,0.0185791,1,6,28,0.0263136,1,6,35,0.0185792,1,6,42,0.0185791,1,6,49,0.0185792,1,6,50,0.0263136,1,6,51,0.0263136,1,6,52,0.0263136,1,6,53,0.0263137,1,6,54,0.0263136,2,0,7,0.0263136,2,0,8,0.0263136,2,0,21,0.0185792,2,0,22,0.0185791,2,6,0,0.0263136,3,3,0,0.0263136,4,6,0,0.0185792,5,3,56,0.0185792,5,3,57,0.0263136,5,3,58,0.0263136,5,3,59,0.0185792,5,3,60,0.0263137,5,3,61,0.0185792,5,3,62,0.0185791,5,3,63,0.0263136,5,7,0,0.0263136,5,7,28,0.0185792,5,7,29,0.0185791,5,7,30,0.0263136,5,7,31,0.0263136,5,7,32,0.0185791,5,7,42,0.0263136,5,7,43,0.0263137,5,7,44,0.0263136,
g3g4
WHITE
3,14,2,14,14,14,1,14,0,0,14,5,14,14,14,14,11,14,14,2,9,14,14,0,14,8,14,14,14,14,3,8,14,8,14,14,8,14,14,14,14,14,14,14,14,0,0,10,14,12,1,14,14,14,14,14,14,14,14,13,14,14,14,11,0,0,0,0,-1,
0,0,14,0.0344327,0,6,58,0.0344327,0,6,59,0.0265984,1,1,0,0.0344326,1,1,49,0.0344327,1,3,14,0.0265984,1,3,21,0.0344327,2,3,7,0.0344327,2,3,8,0.0265985,2,3,21,0.0265984,2,3,22,0.0265984,2,3,35,0.0344327,2,3,36,0.0265984,2,3,49,0.0344327,2,3,50,0.0344327,3,6,0,0.0265984,3,6,14,0.0344327,3,6,28,0.0344327,3,6,29,0.0265984,3,6,42,0.0344327,3,6,43,0.0344327,3,6,44,0.0344327,3,6,45,0.0344326,3,6,46,0.0344326,5,5,0,0.0344326,5,6,0,0.0344327,6,2,56,0.0265984,6,2,59,0.0265984,6,2,60,0.0265984,6,2,61,0.0265984,6,2,62,0.0265984,6,2,63,0.0344327,
b5b6
BLACK
3,14,14,14,5,14,14,14,14,14,14,14,14,9,4,14,2,8,8,14,14,14,14,14,14,14,14,0,14,14,0,14,0,14,14,14,14,14,0,14,8,11,14,1,10,14,14,3,14,14,14,14,13,14,8,8,14,9,14,14,14,10,14,11,0,0,0,0,-1,
0,0,0,0.0281881,0,0,14,0.0281881,0,0,15,0.0281881,0,0,16,0.0199027,0,4,0,0.0281881,0,4,7,0.0199026,0,4,14,0.0199026,1,6,0,0.0199027,1,6,7,0.0199027,1,6,14,0.0281881,1,6,21,0.0199027,1,6,28,0.0199027,1,6,35,0.0199027,1,6,42,0.0199027,1,6,49,0.0199027,1,6,50,0.0281881,1,6,51,0.0281881,1,6,52,0.0199027,1,6,53,0.0199027,1,6,54,0.0281881,2,0,7,0.0281881,2,0,8,0.0281881,2,0,21,0.0199026,2,0,22,0.0199027,3,3,0,0.0281881,4,0,7,0.0199026,4,6,0,0.0199027,5,3,56,0.0199026,5,3,57,0.0199027,5,3,58,0.0199027,5,3,59,0.0199027,5,3,60,0.0199028,5,3,61,0.0199026,5,3,62,0.0199027,5,3,63,0.0281881,5,7,0,0.0281881,5,7,28,0.0199026,5,7,29,0.0199027,5,7,30,0.0199027,5,7,31,0.0281881,5,7,32,0.0199027,5,7,42,0.0281881,5,7,43,0.0199027,5,7,44,0.0199028,
h6f6
WHITE
3,14,2,14,14,14,1,14,0,0,14,5,14,14,14,14,14,14,11,2,9,14,3,0,14,8,14,14,14,14,14,8,14,8,14,14,8,14,14,14,14,14,14,14,14,0,0,10,14,12,1,14,14,14,14,14,14,14,14,13,14,14,14,11,0,0,0,0,-1,
0,0,14,0.0361908,0,6,58,0.0361908,0,6,59,0.0283977,1,0,0,0.0361908,1,0,1,0.0361908,1,1,0,0.0361908,1,1,7,0.0361908,1,3,14,0.0283977,1,3,21,0.0361908,2,3,7,0.0361908,2,3,8,0.0283977,2,3,21,0.0283976,2,3,22,0.0283977,2,3,35,0.0361908,2,3,36,0.0283976,2,3,49,0.0361909,2,3,50,0.0361908,2,6,0,0.0361908,2,6,1,0.0361908,2,6,28,0.0361908,2,6,42,0.0361909,2,6,43,0.0283977,5,5,0,0.0361909,5,6,0,0.0361909,6,2,56,0.0361908,6,2,59,0.0283976,6,2,60,0.0283977,6,2,61,0.0283976,6,2,62,0.0283976,6,2,63,0.0361908,
f2h3
BLACK
3,14,14,14,5,14,14,14,14,14,14,14,14,14,4,14,2,8,8,14,14,14,14,9,14,14,14,0,14,14,0,14,0,14,14,14,14,14,0,14,8,11,14,1,10,3,14,14,14,14,14,14,13,14,8,8,14,9,14,14,14,10,14,11,0,0,0,0,-1,
0,0,0,0.0201385,0,0,14,0.0201385,0,0,15,0.0201385,0,0,16,0.0201385,0,4,0,0.0201385,0,4,14,0.0201385,0,4,42,0.0201385,1,6,0,0.0201386,1,6,7,0.0201385,1,6,14,0.0201385,1,6,21,0.0201385,1,6,28,0.0201385,1,6,35,0.0201385,1,6,42,0.0201386,1,6,43,0.0201385,1,6,44,0.0201385,1,6,45,0.0201385,1,6,46,0.0201385,1,6,47,0.0201385,1,6,49,0.0201385,1,6,50,0.0201385,1,6,51,0.0201385,1,6,52,0.0201385,1,6,53,0.0201385,1,6,54,0.0201385,2,0,7,0.0201385,2,0,8,0.0201385,2,0,21,0.0201385,2,0,22,0.0201385,3,3,0,0.0201385,4,0,7,0.0201386,4,6,0,0.0201386,5,3,56,0.0201386,5,3,57,0.0201385,5,3,58,0.0201385,5,3,59,0.0201385,5,3,60,0.0201386,5,3,61,0.0201384,5,3,62,0.0201385,5,3,63,0.0201385,5,5,0,0.0201385,5,5,1,0.0201385,5,5,14,0.0201385,5,5,15,0.0201385,5,5,28,0.0201386,5,5,29,0.0201385,5,5,30,0.0201385,5,5,31,0.0132128,5,5,32,0.0201385,5,5,42,0.0201385,
a3b2
WHITE
3,14,2,14,14,14,1,14,0,0,14,5,14,14,14,14,14,14,11,2,9,14,3,0,14,8,14,14,14,14,14,8,14,8,14,14,8,14,14,14,1,14,14,14,14,0,0,14,14,12,14,14,14,14,10,14,14,14,14,13,14,14,14,11,0,0,0,0,-1,
0,0,14,0.0327426,0,6,58,0.0411535,0,6,59,0.0327425,1,0,0,0.0411535,1,0,1,0.0327426,1,1,0,0.0327426,1,1,7,0.0327426,1,3,7,0.0411535,1,3,14,0.0327425,1,3,21,0.0411535,2,3,7,0.0327425,2,3,8,0.0327426,2,3,21,0.0327425,2,3,22,0.0327425,2,3,35,0.0411535,2,3,36,0.0327426,2,3,49,0.0327426,2,3,50,0.0327426,2,6,0,0.0327426,2,6,1,0.0411535,2,6,28,0.0327426,2,6,42,0.0327426,2,6,43,0.0327426,5,0,56,0.0327426,5,0,57,0.0327426,5,0,62,0.0327426,5,0,63,0.0327426,5,5,0,0.0327426,5,5,7,0.0327426,
b8c6
BLACK
3,14,14,14,5,14,14,14,14,2,14,14,14,14,4,14,14,8,8,14,14,14,14,9,14,14,14,0,14,14,0,14,0,14,14,14,14,14,0,14,8,11,9,1,10,3,14,14,14,14,14,14,13,14,8,8,14,14,14,14,14,10,14,11,0,0,0,0,-1,
0,0,0,0.0242164,0,0,1,0.0242164,0,0,2,0.0242164,0,0,14,0.0242164,0,0,15,0.0242164,0,0,16,0.0242165,0,4,0,0.0242164,0,4,14,0.0165401,0,4,42,0.0242164,1,1,7,0.0242165,1,1,21,0.0165402,1,1,49,0.0242164,1,6,0,0.0165402,1,6,7,0.0165402,1,6,14,0.0242164,1,6,21,0.0165402,1,6,28,0.0242165,1,6,35,0.0165402,1,6,42,0.0165402,1,6,43,0.0165402,1,6,44,0.0242164,1,6,45,0.0165402,1,6,49,0.0165402,1,6,50,0.0242164,1,6,51,0.0242164,1,6,52,0.0242165,3,3,0,0.0242164,4,0,7,0.0165402,4,6,0,0.0165401,5,3,56,0.0165402,5,3,57,0.0242164,5,3,58,0.0242165,5,3,59,0.0165402,5,3,60,0.0242165,5,3,61,0.0165402,5,3,62,0.0165402,5,3,63,0.0242164,5,5,0,0.0242165,5,5,1,0.0165402,5,5,14,0.0242164,5,5,15,0.0242164,5,5,28,0.0242165,5,5,29,0.0242165,5,5,30,0.0242164,5,5,31,0.0165402,5,5,32,0.0242164,5,5,42,0.0242164,
f6f4
WHITE
3,14,2,14,14,14,14,14,0,0,14,5,14,14,14,14,14,14,14,2,9,1,3,0,14,8,14,14,14,14,14,8,14,8,11,14,8,14,14,14,1,14,14,14,14,0,0,14,14,12,14,14,14,14,10,14,14,14,14,13,14,14,14,11,0,0,0,0,-1,
0,0,14,0.0344327,1,0,0,0.0344327,1,0,1,0.0344327,1,1,0,0.0344326,1,3,7,0.0344327,1,3,14,0.0265984,1,3,21,0.0344327,2,3,7,0.0344327,2,3,8,0.0265984,2,3,21,0.0265984,2,3,22,0.0265984,2,3,35,0.0344327,2,3,36,0.0265984,2,3,49,0.0344327,2,3,50,0.0344327,2,5,56,0.0344326,2,5,57,0.0265984,2,5,58,0.0265984,2,5,59,0.0344326,2,5,61,0.0344327,2,5,62,0.0265984,2,5,63,0.0344327,2,6,0,0.0344327,2,6,1,0.0344327,2,6,28,0.0344327,2,6,29,0.0265985,5,0,56,0.0265984,5,0,57,0.0265984,5,0,62,0.0344327,5,0,63,0.0265984,5,5,0,0.0344326,5,5,7,0.0265984,
c6a7
BLACK
3,14,14,14,5,14,14,14,14,2,14,14,14,14,4,14,14,8,8,14,14,14,14,9,14,14,14,0,14,3,0,14,0,14,14,14,14,14,0,14,8,11,14,1,10,14,14,14,9,14,14,14,13,14,8,8,14,14,14,14,14,10,14,11,0,0,0,0,-1,
0,0,0,0.0242164,0,0,1,0.0242164,0,0,2,0.0242164,0,0,14,0.0242164,0,0,15,0.0242164,0,0,16,0.0242165,0,4,0,0.0242164,0,4,14,0.0165402,0,4,42,0.0242164,1,1,7,0.0242165,1,1,21,0.0165402,1,1,49,0.0242164,1,6,0,0.0165402,1,6,7,0.0165401,1,6,14,0.0242164,1,6,21,0.0165402,1,6,28,0.0242165,1,6,35,0.0165402,1,6,42,0.0165402,1,6,43,0.0165402,1,6,44,0.0242165,1,6,45,0.0165402,1,6,49,0.0165402,1,6,50,0.0242164,1,6,51,0.0242164,1,6,52,0.0242165,1,6,53,0.0242165,1,6,54,0.0242164,3,3,0,0.0242164,3,5,0,0.0242164,3,5,1,0.0242164,3,5,2,0.0242165,3,5,3,0.0242164,3,5,28,0.0165402,3,5,29,0.0242165,3,5,30,0.0165402,3,5,42,0.0165402,4,0,7,0.0165402,4,6,0,0.0165401,5,3,56,0.0165402,5,3,57,0.0242164,5,3,58,0.0242164,5,3,59,0.0242165,5,3,60,0.0242164,5,3,61,0.0165402,5,3,62,0.0165402,5,3,63,0.0242164,
f4f1
WHITE
3,14,2,14,14,14,14,14,0,0,14,5,14,14,14,1,14,14,14,2,9,14,3,0,14,8,14,14,14,14,14,8,14,8,14,14,8,14,14,14,1,14,14,14,14,0,0,14,14,12,14,14,14,14,10,14,14,14,11,13,14,14,14,11,0,0,0,0,-1,
0,0,14,0.0361908,1,0,0,0.0361908,1,0,1,0.0361909,1,1,0,0.0361908,1,3,7,0.0361908,1,3,14,0.0283977,1,3,21,0.0361908,1,7,58,0.0361908,1,7,59,0.0361908,1,7,60,0.0283977,2,3,7,0.0361908,2,3,8,0.0283977,2,3,21,0.0283976,2,3,22,0.0283976,2,3,35,0.0361908,2,3,36,0.0283977,2,3,49,0.0361909,2,3,50,0.0361908,2,6,0,0.0361908,2,6,1,0.0361908,2,6,28,0.0361908,2,6,29,0.0283977,2,6,42,0.0361909,2,6,43,0.0283977,5,0,56,0.0361908,5,0,57,0.0283976,5,0,62,0.0361908,5,0,63,0.0283976,5,5,0,0.0361909,5,5,7,0.0283976,
e6f7
BLACK
3,14,14,14,5,3,14,14,14,2,14,14,14,14,4,14,14,8,8,14,14,14,14,9,14,14,14,0,14,14,0,14,0,14,14,14,14,14,0,14,8,11,14,1,14,14,14,14,9,14,14,14,13,10,8,8,14,14,14,14,14,10,14,11,0,0,0,0,-1,
0,0,0,0.0214292,0,0,1,0.0214293,0,0,2,0.0214293,0,0,14,0.0214293,0,0,15,0.0214292,0,0,16,0.0214292,0,4,0,0.0303502,0,4,42,0.0214293,0,5,0,0.0214293,0,5,1,0.0214292,0,5,2,0.0214293,0,5,3,0.0214293,0,5,4,0.0303502,0,5,5,0.0214292,0,5,14,0.0214293,0,5,15,0.0303502,1,1,7,0.0214293,1,1,21,0.0214292,1,1,49,0.0214292,1,6,0,0.0214292,1,6,7,0.0214292,1,6,14,0.0303502,1,6,21,0.0214292,1,6,28,0.0214292,1,6,42,0.0214292,1,6,43,0.0214292,1,6,44,0.0214293,1,6,45,0.0214292,1,6,49,0.0214292,1,6,50,0.0214293,1,6,51,0.0214293,1,6,52,0.0214293,1,6,53,0.0214293,1,6,54,0.0214293,3,3,0,0.0214292,4,0,7,0.0214292,4,6,0,0.0214292,5,3,56,0.0214292,5,3,57,0.0214293,5,3,58,0.0214292,5,3,59,0.0214293,5,3,60,0.0214292,5,3,61,0.0214292,5,3,62,0.0214292,5,3,63,0.0214293,
g2h1
WHITE
3,14,2,14,14,14,14,14,0,0,2,5,14,14,14,1,14,14,14,14,9,14,3,0,14,8,14,14,14,14,14,8,14,8,14,14,8,14,14,14,1,14,14,14,14,0,0,14,14,14,14,14,14,14,10,14,12,14,11,13,14,14,14,11,0,0,0,0,-1,
0,0,14,0.0361908,1,0,0,0.0361908,1,0,1,0.0361909,1,1,0,0.0361909,1,2,7,0.0361908,1,2,8,0.0283977,1,2,9,0.0283976,1,2,21,0.0361908,1,2,35,0.0361908,1,2,49,0.0361908,1,2,50,0.0283976,1,3,0,0.0283977,1,3,7,0.0361908,1,3,14,0.0283977,1,3,21,0.0361908,1,7,58,0.0361908,1,7,59,0.0361908,1,7,60,0.0283977,2,6,0,0.0361908,2,6,1,0.0361908,2,6,28,0.0361909,2,6,29,0.0283977,2,6,42,0.0361908,2,6,43,0.0283977,5,0,56,0.0361908,5,0,57,0.0283976,5,0,62,0.0361908,5,0,63,0.0283976,5,5,0,0.0361909,5,5,7,0.0283976,
h3f4
BLACK
3,14,14,14,5,3,14,4,14,2,14,14,14,14,14,14,14,8,8,14,14,14,14,14,14,14,14,0,14,9,0,14,0,14,14,14,14,14,0,14,8,11,14,1,14,14,14,14,9,14,14,14,13,10,8,8,14,14,14,14,14,10,14,11,0,0,0,0,-1,
0,0,0,0.0292,0,0,1,0.0292,0,0,2,0.0292,0,0,14,0.0292,0,0,15,0.0292,0,0,16,0.0212,0,4,7,0.0211999,0,4,42,0.0292,0,5,0,0.0292,0,5,1,0.0212,0,5,2,0.0292,0,5,14,0.0211999,0,7,0,0.0292,0,7,1,0.0211999,0,7,2,0.0292,0,7,3,0.0292,0,7,4,0.0211999,0,7,5,0.0211999,0,7,42,0.0211999,0,7,49,0.0292,0,7,50,0.0212,0,7,51,0.0292,0,7,52,0.0211999,0,7,53,0.0292,0,7,54,0.0212,0,7,55,0.0212,1,1,7,0.0292,1,1,21,0.0211999,1,1,49,0.0292,3,3,0,0.0292,4,0,7,0.0212,4,6,0,0.0212,5,3,56,0.0212,5,3,57,0.0292,5,3,58,0.0212,5,3,59,0.0211999,5,3,60,0.0212,5,3,61,0.0212,5,3,62,0.0212,5,3,63,0.0292,
d4d5
WHITE
3,14,2,14,14,14,14,14,0,0,2,5,14,14,14,1,14,14,14,14,9,14,3,0,14,8,14,14,8,14,14,8,14,8,1,14,14,14,14,14,14,14,14,14,14,0,0,14,14,14,14,14,14,14,10,14,12,14,11,13,14,14,14,11,0,0,0,0,-1,
0,0,14,0.0344327,1,0,0,0.0344327,1,0,1,0.0344327,1,1,0,0.0344326,1,2,7,0.0344327,1,2,8,0.0265984,1,2,21,0.0344326,1,2,35,0.0344327,1,2,49,0.0344327,1,2,50,0.0265984,1,3,7,0.0344327,1,3,14,0.0265984,1,3,21,0.0344327,1,7,58,0.0344327,1,7,59,0.0344327,1,7,60,0.0265984,2,6,0,0.0344327,2,6,1,0.0344327,2,6,28,0.0344327,2,6,29,0.0265985,2,6,42,0.0344327,2,6,43,0.0265984,4,2,56,0.0344326,4,2,57,0.0265984,4,2,58,0.0265984,4,2,59,0.0265984,4,2,60,0.0265984,4,2,61,0.0344327,4,2,62,0.0344326,4,2,63,0.0265984,5,5,0,0.0265984,5,5,7,0.0265984,
f4g2
BLACK
3,14,14,14,5,3,14,4,14,2,14,14,14,14,9,14,14,8,8,14,14,14,14,14,14,14,14,14,14,14,0,14,0,14,14,0,14,14,0,14,8,11,14,1,14,14,14,14,9,14,14,14,13,10,8,8,14,14,14,14,14,10,14,11,0,0,0,0,-1,
0,4,0,0.251992,0,4,7,0.244024,0,4,42,0.251992,0,7,49,0.251992,
e1e2
WHITE
3,14,2,14,14,14,14,14,0,0,2,5,14,14,14,1,14,14,14,14,9,14,3,0,14,8,14,14,8,14,14,8,14,8,14,14,14,14,14,14,14,14,14,14,14,0,0,14,14,1,14,13,14,14,10,14,12,14,11,14,14,14,14,11,0,0,0,0,-1,
0,0,14,0.0370671,1,0,0,0.0370671,1,0,1,0.0370671,1,1,0,0.0370671,1,2,7,0.0370671,1,2,8,0.0294913,1,2,21,0.0370671,1,2,35,0.0370671,1,2,49,0.0370671,1,2,50,0.0294913,1,3,7,0.0370671,1,3,14,0.0370671,1,3,21,0.0370671,1,7,58,0.0370671,1,7,59,0.0370671,1,7,60,0.0294913,2,6,0,0.0370671,2,6,1,0.0370671,2,6,28,0.0370671,2,6,29,0.0370671,2,6,42,0.0370671,2,6,43,0.0370671,5,5,0,0.0370671,5,5,7,0.0294913,6,1,56,0.0370671,6,1,61,0.0370671,6,1,62,0.0370671,6,1,63,0.0294913,
h7h5
BLACK
3,14,14,14,14,3,14,4,14,2,14,14,5,14,9,14,14,8,8,14,14,14,14,14,14,14,14,14,14,14,0,14,0,14,14,0,14,14,0,8,8,11,14,1,14,14,14,14,9,14,14,14,13,10,8,14,14,14,14,14,14,10,14,11,0,0,0,0,47,
0,0,0,0.0263136,0,0,1,0.0263136,0,0,2,0.0263136,0,0,14,0.0263136,0,0,15,0.0263136,0,0,16,0.0263136,0,0,17,0.0185791,0,5,0,0.0263136,0,5,1,0.0185792,0,5,2,0.0263136,0,5,3,0.0263136,0,5,4,0.0263136,0,5,5,0.0185792,0,5,14,0.0263137,0,5,42,0.0185792,0,5,43,0.0263136,0,5,44,0.0185791,0,5,45,0.0263136,0,7,0,0.0263136,0,7,1,0.0185792,0,7,2,0.0263136,0,7,3,0.0263136,0,7,42,0.0263137,0,7,49,0.0263136,1,1,7,0.0263136,1,1,21,0.0185792,1,1,49,0.0263136,1,4,7,0.0263136,1,4,14,0.0185791,1,4,35,0.0185791,1,4,49,0.0263136,3,6,7,0.0185791,4,0,7,0.0185792,4,6,0,0.0185792,4,6,7,0.0263136,5,3,56,0.0185792,5,3,57,0.0263136,5,3,58,0.0263137,5,3,59,0.0185791,5,3,60,0.0185792,5,3,61,0.0185791,5,3,62,0.0185792,5,3,63,0.0263136,
e2d3
WHITE
3,14,2,14,14,14,14,14,14,0,2,5,14,14,14,1,14,14,14,14,9,14,3,0,0,8,14,14,8,14,14,8,14,8,14,14,14,14,14,14,14,14,14,14,13,0,0,14,14,1,14,14,14,14,10,14,12,14,11,14,14,14,14,11,0,0,0,0,-1,
0,0,0,0.0327426,0,0,1,0.0327426,0,0,14,0.0327426,1,1,0,0.0327426,1,2,7,0.0327425,1,2,8,0.0327425,1,2,21,0.0327426,1,2,35,0.0327426,1,2,49,0.0411535,1,3,7,0.0411535,1,3,14,0.0327426,1,3,21,0.0411535,1,7,58,0.0411535,1,7,59,0.0411535,1,7,60,0.0327425,2,6,0,0.0327426,2,6,1,0.0411535,2,6,28,0.0327426,2,6,29,0.0327425,2,6,42,0.0327426,2,6,43,0.0327426,3,0,0,0.0327426,3,0,7,0.0327426,5,5,0,0.0327426,5,5,7,0.0327426,6,1,56,0.0327426,6,1,61,0.0327426,6,1,62,0.0327426,6,1,63,0.0327425,
b6c6
BLACK
3,14,14,14,14,3,14,4,14,2,14,14,14,14,9,14,14,8,8,5,14,14,14,14,14,14,14,14,14,14,0,14,0,14,14,0,14,14,0,8,8,14,11,1,14,14,14,14,9,14,14,14,13,10,8,14,14,14,14,14,14,10,14,11,0,0,0,0,-1,
0,0,0,0.0229139,0,0,1,0.0315608,0,0,2,0.0229139,0,0,14,0.0229139,0,0,15,0.0315608,0,0,16,0.022914,0,0,17,0.0229139,0,5,0,0.0315608,0,5,1,0.022914,0,5,2,0.0229139,0,5,3,0.0229139,0,5,4,0.0315608,0,5,5,0.0229139,0,5,14,0.0229139,0,5,42,0.0229139,0,5,43,0.0229139,0,5,44,0.0229139,0,5,45,0.0229139,0,7,0,0.0315608,0,7,1,0.022914,0,7,2,0.0315608,0,7,3,0.0229139,0,7,42,0.0229139,0,7,49,0.0229139,1,1,7,0.022914,1,1,21,0.022914,1,1,49,0.0229139,2,3,0,0.0315608,2,3,7,0.0229139,2,3,21,0.0229139,3,6,7,0.0229139,4,3,49,0.0229139,4,6,0,0.022914,5,3,56,0.022914,5,3,57,0.0229139,5,3,58,0.022914,5,3,59,0.022914,5,3,60,0.022914,5,3,61,0.022914,5,3,62,0.0229139,5,3,63,0.0229139,
f1e1
WHITE
3,14,2,14,14,14,14,14,14,0,2,5,14,14,14,1,14,14,14,14,9,3,14,0,0,8,14,14,8,14,14,8,14,8,14,14,14,14,14,14,14,14,14,14,13,0,0,14,14,1,14,14,14,14,10,14,12,14,14,11,14,14,14,11,0,0,0,0,-1,
1,2,7,0.165315,1,3,7,0.173427,1,3,14,0.165315,1,3,21,0.165315,6,1,56,0.165315,6,1,63,0.165315,
e7d8
BLACK
3,14,14,14,3,14,14,4,14,2,14,14,14,14,9,14,14,8,8,5,14,14,14,14,14,14,14,14,14,14,0,14,0,14,14,0,14,14,0,8,8,14,11,1,14,14,14,14,9,14,14,14,14,10,8,14,14,14,14,13,14,10,14,11,0,0,0,0,-1,
0,0,0,0.0246729,0,0,1,0.0246729,0,0,2,0.0246729,0,0,14,0.0246729,0,0,15,0.0246729,0,0,16,0.0246729,0,4,0,0.0246729,0,4,1,0.0246729,0,4,2,0.0246729,0,4,3,0.0246729,0,4,4,0.0246729,0,4,5,0.0246729,0,4,6,0.0246729,0,4,14,0.0174207,0,4,15,0.0246729,0,4,42,0.0246729,0,4,43,0.0246729,0,4,44,0.0246729,0,7,0,0.0246729,0,7,1,0.0246729,0,7,2,0.0246729,0,7,3,0.0246729,0,7,42,0.0246729,0,7,43,0.0174206,0,7,49,0.0246729,1,1,7,0.0246729,1,1,21,0.0246729,1,1,49,0.0246729,2,3,0,0.0246729,2,3,7,0.0246729,2,3,21,0.0174207,3,6,7,0.0246729,4,3,49,0.0246729,4,6,0,0.0246729,5,3,56,0.0174206,5,3,57,0.0246729,5,3,58,0.0246729,5,3,59,0.0246729,5,3,60,0.0246729,5,3,61,0.0174207,5,3,62,0.0246729,5,3,63,0.0246729,
d6e8
WHITE
3,14,2,9,5,14,14,14,14,0,2,14,14,14,14,1,14,14,14,14,14,3,14,0,0,8,14,14,8,14,14,8,14,8,14,14,14,14,14,14,14,14,14,14,13,0,0,14,14,1,14,14,14,14,10,14,12,14,14,11,14,14,14,11,0,0,0,0,-1,
0,0,0,0.028804,0,0,1,0.028804,0,0,14,0.0288041,0,2,7,0.0288041,0,2,8,0.0214148,0,2,9,0.028804,0,2,10,0.0288041,0,2,11,0.0288041,0,4,0,0.028804,0,4,14,0.0214148,1,1,0,0.0288041,1,2,7,0.0288041,1,2,8,0.0288041,1,2,21,0.0288041,1,2,35,0.0288041,1,2,49,0.028804,1,7,58,0.028804,1,7,60,0.0288041,2,5,0,0.028804,2,5,1,0.0288041,2,5,14,0.0288041,2,5,28,0.028804,2,5,29,0.0288041,2,5,42,0.0214148,2,5,43,0.0288041,2,5,44,0.0288041,2,5,45,0.0288041,2,5,46,0.0214148,3,0,0,0.0288041,3,0,7,0.0288041,5,5,0,0.0288041,5,5,7,0.0288041,6,1,56,0.0288041,6,1,61,0.028804,6,1,62,0.028804,6,1,63,0.0214148,
f7g6
BLACK
3,14,14,14,3,14,14,4,14,2,14,14,14,14,9,14,14,8,8,5,14,14,14,14,14,14,14,14,14,14,0,14,0,14,14,0,14,14,0,8,8,14,11,14,14,14,10,14,9,14,14,14,14,14,8,14,14,14,14,13,1,10,14,11,0,0,0,0,-1,
0,4,2,0.330653,2,3,0,0.338693,2,3,21,0.330653,
d3e2
WHITE
3,14,2,9,5,14,14,14,14,0,14,14,14,14,14,1,14,2,14,14,14,3,14,0,0,8,14,14,8,14,14,8,14,8,14,14,14,14,14,14,14,14,14,14,14,0,0,14,14,1,14,13,14,14,10,14,12,14,14,11,14,14,14,11,0,0,0,0,-1,
0,0,0,0.0251729,0,0,1,0.0251729,0,0,14,0.0251729,0,2,7,0.0251729,0,2,8,0.0251729,0,2,9,0.0338589,0,2,10,0.0251729,0,2,11,0.0251729,0,4,0,0.0338589,0,4,14,0.0251729,0,4,42,0.0251729,0,4,49,0.0251729,1,7,58,0.0338589,1,7,60,0.0251729,2,1,7,0.0251729,2,1,8,0.0251729,2,1,9,0.0251729,2,1,10,0.0251729,2,1,11,0.0251729,2,1,21,0.0251729,2,1,22,0.0251729,2,1,35,0.0251729,2,5,0,0.0338589,2,5,1,0.0251729,2,5,14,0.0251729,2,5,28,0.0338589,2,5,29,0.0251729,2,5,42,0.0251729,2,5,43,0.0251729,2,5,44,0.0251729,3,0,0,0.0251729,3,0,7,0.0251729,5,5,0,0.0251729,5,5,7,0.0251729,6,1,56,0.0251729,6,1,61,0.0251729,6,1,62,0.0251729,6,1,63,0.0251729,
a7b5
BLACK
3,14,14,14,3,14,14,4,14,2,14,14,5,14,9,14,14,8,8,14,14,14,14,14,14,14,14,14,14,14,0,14,0,9,14,0,14,14,0,8,8,14,11,14,14,14,10,14,14,14,14,14,14,14,8,14,14,14,14,13,1,10,14,11,0,0,0,0,-1,
0,0,0,0.0344327,0,0,1,0.0344327,0,0,2,0.0265984,0,0,14,0.0344327,0,0,15,0.0344327,0,0,16,0.0265984,0,4,14,0.0265984,0,4,15,0.0344327,0,4,42,0.0344326,0,4,43,0.0344327,0,4,44,0.0344326,0,7,0,0.0344327,0,7,1,0.0265984,0,7,2,0.0344327,0,7,3,0.0344327,0,7,42,0.0265985,0,7,43,0.0265984,0,7,49,0.0344327,1,1,7,0.0344326,1,1,21,0.0265984,1,1,49,0.0344327,1,4,7,0.0344327,1,4,14,0.0265984,1,4,21,0.0344327,1,4,35,0.0265984,3,6,7,0.0265984,4,3,0,0.0344327,4,3,49,0.0265984,7,4,60,0.0344327,7,4,61,0.0265984,7,4,62,0.0265984,7,4,63,0.0344326,
d5d6
WHITE
3,14,2,9,5,14,14,14,14,0,14,14,14,14,14,14,14,2,14,14,8,3,14,0,0,8,14,14,14,14,1,8,14,8,14,14,14,14,14,14,14,14,14,14,14,0,0,14,14,1,14,13,14,14,10,14,12,14,14,11,14,14,14,11,0,0,0,0,-1,
0,0,0,0.0264129,0,0,1,0.0348072,0,0,14,0.0264129,0,2,7,0.0264129,0,2,8,0.0264129,0,4,0,0.0348072,0,4,14,0.0264129,0,4,42,0.0264129,2,1,7,0.0348072,2,1,8,0.0348072,2,1,9,0.0264129,2,1,10,0.0264129,2,1,11,0.0264129,2,1,21,0.0264129,2,1,22,0.0264129,2,1,35,0.0264129,2,5,0,0.0348072,2,5,1,0.0264129,2,5,14,0.0264129,2,5,28,0.0348072,2,5,29,0.0264129,2,5,42,0.0264129,3,0,0,0.0264129,3,0,7,0.0264129,3,6,57,0.0264129,3,6,59,0.0264129,3,6,60,0.0348072,3,6,61,0.0264128,3,6,62,0.0264129,5,5,0,0.0264129,5,5,7,0.0264129,6,1,56,0.0264129,6,1,61,0.0348072,6,1,62,0.0348072,6,1,63,0.0264129,
c3c2
BLACK
3,14,14,14,3,14,14,4,14,2,8,14,5,14,9,14,14,8,14,14,14,14,14,14,14,14,14,14,14,14,0,14,0,9,14,14,14,14,0,8,8,14,11,0,14,14,10,14,14,14,14,14,14,14,8,14,14,14,14,13,1,10,14,11,0,0,0,0,-1,
0,0,0,0.0319008,0,0,1,0.0319008,0,0,2,0.0319008,0,0,14,0.0319008,0,0,15,0.0319008,0,0,16,0.0319008,0,4,14,0.0242074,0,4,15,0.0319008,0,4,42,0.0319008,0,4,43,0.0319008,0,4,44,0.0319008,0,7,0,0.0319008,0,7,1,0.0242075,0,7,2,0.0319008,0,7,3,0.0319008,0,7,42,0.0242075,0,7,43,0.0242075,0,7,49,0.0319008,1,1,7,0.0319008,1,1,8,0.0319008,1,1,9,0.0242074,1,1,10,0.0319008,1,1,11,0.0242074,1,1,21,0.0242074,1,1,49,0.0319008,1,4,7,0.0319008,1,4,14,0.0242074,1,4,21,0.0319008,1,4,42,0.0242074,3,6,7,0.0242075,5,3,0,0.0319008,7,4,60,0.0319008,7,4,62,0.0242075,7,4,63,0.0319008,
b2c1
WHITE
3,14,2,9,5,14,14,14,14,0,14,14,14,14,14,14,14,2,14,14,8,3,14,0,0,8,14,14,14,14,1,8,14,8,14,14,14,14,14,14,14,14,14,14,14,14,0,14,14,1,14,13,14,0,14,14,12,14,14,11,14,10,14,11,0,0,0,0,-1,
0,0,0,0.0319008,0,0,1,0.0319008,0,0,14,0.0319008,0,2,7,0.0242074,0,2,8,0.0242075,0,4,0,0.0319008,0,4,14,0.0242074,0,4,42,0.0319008,2,1,7,0.0319008,2,1,8,0.0319008,2,1,9,0.0242075,2,1,21,0.0319008,2,1,22,0.0319008,2,1,35,0.0242074,2,5,0,0.0319008,2,5,1,0.0242074,2,5,2,0.0319008,2,5,14,0.0319008,2,5,28,0.0319008,2,5,29,0.0319008,2,5,42,0.0242075,3,0,0,0.0319008,3,0,7,0.0242075,3,6,57,0.0319008,3,6,58,0.0319008,3,6,59,0.0319008,3,6,60,0.0319008,3,6,61,0.0242074,3,6,62,0.0242075,5,6,0,0.0319008,6,1,56,0.0319008,6,1,61,0.0319008,6,1,62,0.0319008,6,1,63,0.0242074,
h8h7
BLACK
3,14,2,14,3,14,14,4,14,14,8,14,5,14,9,14,14,8,14,14,14,14,14,14,14,14,14,14,14,14,0,14,0,9,14,14,14,14,0,8,8,14,11,0,14,14,10,14,14,14,14,14,14,14,8,11,14,14,14,13,1,10,14,14,0,0,0,0,-1,
0,0,0,0.0370671,0,0,1,0.0370671,0,0,2,0.0370671,0,0,14,0.0370671,0,2,7,0.0370671,0,2,8,0.0294913,0,2,9,0.0370671,0,2,49,0.0370671,0,2,50,0.0370671,0,4,14,0.0294913,0,4,15,0.0370671,0,4,42,0.0370671,0,7,0,0.0370671,0,7,1,0.0294913,0,7,2,0.0370671,0,7,3,0.0370671,0,7,42,0.0370671,0,7,43,0.0294913,0,7,49,0.0370671,1,4,7,0.0370671,1,4,14,0.0294913,1,4,21,0.0370671,1,4,42,0.0370671,3,6,7,0.0370671,5,3,0,0.0370671,7,4,60,0.0370671,7,4,62,0.0370671,7,4,63,0.0370671,
e2d2
WHITE
14,14,2,9,5,14,14,14,3,0,14,14,14,14,14,14,14,2,14,14,8,3,14,0,0,8,14,14,14,14,1,8,14,8,14,14,14,14,14,14,14,14,14,14,14,14,0,14,14,1,14,14,13,0,14,14,12,14,14,11,14,10,14,11,0,0,0,0,-1,
0,2,7,0.0314236,0,2,8,0.0314235,0,4,0,0.0400471,0,4,14,0.0314236,1,0,0,0.0314235,1,0,28,0.0314235,2,1,7,0.0314235,2,1,8,0.0314235,2,1,9,0.0314236,2,1,21,0.0314235,2,1,22,0.0314235,2,5,0,0.0314235,2,5,1,0.0314235,2,5,2,0.0314235,2,5,14,0.0314235,2,5,28,0.0400471,2,5,29,0.0314236,2,5,42,0.0314234,3,0,0,0.0314235,3,0,7,0.0314235,3,6,57,0.0314235,3,6,58,0.0314235,3,6,59,0.0314235,3,6,60,0.0400471,3,6,61,0.0314235,3,6,62,0.0314235,5,6,0,0.0314235,6,1,56,0.0314235,6,1,61,0.0314235,6,1,62,0.0314235,6,1,63,0.0314236,
g2e3
BLACK
3,14,2,14,3,14,14,4,14,14,8,5,14,14,14,14,14,8,14,14,9,14,14,14,14,14,14,14,14,14,0,14,0,9,14,14,14,14,0,8,8,14,11,0,14,14,10,14,14,14,14,14,14,14,8,11,14,14,14,13,1,10,14,14,0,0,0,0,-1,
0,0,0,0.0327426,0,0,1,0.0411535,0,0,2,0.0327426,0,0,14,0.0327426,0,2,49,0.0327425,0,2,50,0.0411535,0,4,0,0.0411535,0,4,1,0.0327426,0,4,14,0.0327425,0,4,15,0.0411535,0,4,42,0.0327426,0,7,0,0.0411535,0,7,1,0.0327425,0,7,2,0.0327426,0,7,3,0.0327425,0,7,42,0.0327426,0,7,43,0.0327425,0,7,49,0.0327426,0,7,50,0.0327426,0,7,51,0.0327426,0,7,52,0.0327426,0,7,53,0.0327426,1,3,7,0.0411535,1,3,14,0.0327426,3,6,7,0.0327426,5,3,0,0.0327426,7,4,60,0.0327426,7,4,62,0.0327426,7,4,63,0.0327426,
e8f6
WHITE
14,14,2,14,5,14,14,14,3,0,14,14,14,14,14,14,14,2,9,14,8,3,14,0,0,8,14,14,14,14,1,8,14,8,14,14,14,14,14,14,14,14,14,1,14,14,0,14,14,14,14,14,13,0,14,14,12,14,14,11,14,10,14,11,0,0,0,0,-1,
0,2,7,0.0242074,0,2,8,0.0242075,0,4,14,0.0242075,1,0,0,0.0319008,1,0,28,0.0242074,1,1,7,0.0319008,2,1,7,0.0319008,2,1,8,0.0319008,2,1,9,0.0319008,2,1,21,0.0319008,2,1,22,0.0319008,2,5,0,0.0319008,2,5,1,0.0319008,2,5,2,0.0319008,2,5,14,0.0319008,2,5,28,0.0319008,2,5,29,0.0319008,2,5,42,0.0242074,3,0,0,0.0319008,3,0,7,0.0242075,3,6,57,0.0319008,3,6,58,0.0319008,3,6,59,0.0319008,3,6,60,0.0319008,3,6,61,0.0242074,3,6,62,0.0242074,5,3,57,0.0319008,5,3,58,0.0319008,5,3,59,0.0242075,5,3,60,0.0319008,5,3,61,0.0242075,5,3,62,0.0242074,5,3,63,0.0319008,5,6,0,0.0319008,
c6b6
BLACK
3,14,2,14,3,14,14,4,14,14,8,5,14,14,14,14,14,8,14,14,9,14,14,14,14,14,14,14,14,14,0,14,0,9,14,14,14,14,0,8,8,11,14,0,14,1,10,14,14,14,14,14,14,14,8,11,14,14,14,13,14,10,14,14,0,0,0,0,-1,
0,0,0,0.0288041,0,0,1,0.028804,0,0,2,0.0288041,0,0,14,0.0288041,0,2,49,0.0288041,0,2,50,0.028804,0,4,0,0.028804,0,4,1,0.0288041,0,4,14,0.0214148,0,4,15,0.028804,0,4,42,0.0288041,0,7,0,0.028804,0,7,1,0.0288041,0,7,2,0.028804,0,7,3,0.028804,0,7,42,0.0288041,0,7,43,0.0214148,0,7,49,0.0288041,0,7,50,0.0288041,0,7,51,0.0288041,0,7,52,0.0214148,0,7,53,0.0288041,0,7,54,0.0214148,0,7,55,0.0214148,1,3,7,0.028804,1,3,14,0.0288041,3,6,7,0.0288041,4,0,7,0.0288041,5,3,0,0.0288041,5,5,56,0.0288041,5,5,57,0.0288041,5,5,58,0.028804,5,5,59,0.0288041,5,5,60,0.0288041,5,5,61,0.0288041,5,5,63,0.028804,
h1g1
WHITE
14,14,2,14,5,14,14,14,3,0,14,14,14,14,14,14,14,2,9,14,8,14,3,0,0,8,14,14,14,14,1,8,14,8,14,14,14,14,14,14,14,14,14,1,14,14,0,14,14,14,14,14,13,0,14,14,14,12,14,11,14,10,14,11,0,0,0,0,-1,
0,2,7,0.0314235,0,2,8,0.0314236,0,4,14,0.0314236,1,0,0,0.0400471,1,0,28,0.0314235,1,1,7,0.0314235,2,1,7,0.0400471,2,1,8,0.0314235,2,1,9,0.0314236,2,1,21,0.0314235,2,1,22,0.0314235,2,6,28,0.0314235,2,6,29,0.0314235,2,6,42,0.0314235,2,6,43,0.0314235,3,0,0,0.0314235,3,0,7,0.0314236,3,6,57,0.0314235,3,6,58,0.0314235,3,6,59,0.0314235,3,6,60,0.0400471,3,6,61,0.0314235,3,6,62,0.0314235,5,3,57,0.0314235,5,3,58,0.0314235,5,3,59,0.0314235,5,3,60,0.0314236,5,3,61,0.0314234,5,3,62,0.0314235,5,3,63,0.0314235,5,6,0,0.0314235,
b6b7
BLACK
3,14,2,14,3,14,4,14,14,14,8,5,14,14,14,14,14,8,14,14,9,14,14,14,14,14,14,14,14,14,0,14,0,9,14,14,14,14,0,8,8,14,14,0,14,1,10,14,14,11,14,14,14,14,8,11,14,14,14,13,14,10,14,14,0,0,0,0,-1,
0,0,0,0.0370671,0,0,1,0.0370671,0,0,2,0.0370671,0,0,14,0.0370671,0,2,49,0.0370671,0,2,50,0.0370671,0,4,0,0.0370671,0,4,1,0.0370671,0,4,14,0.0294913,0,4,42,0.0370671,0,6,0,0.0370671,0,6,1,0.0370671,0,6,7,0.0370671,0,6,14,0.0370671,0,6,42,0.0294913,0,6,49,0.0294913,0,6,50,0.0370671,1,3,7,0.0370671,1,3,14,0.0370671,3,6,7,0.0294913,5,3,0,0.0370671,5,5,56,0.0370671,5,5,57,0.0370671,5,5,58,0.0370671,5,5,59,0.0370671,5,5,60,0.0294913,5,5,61,0.0370671,5,5,63,0.0370671,
c1b2
WHITE
14,14,2,14,5,14,14,14,3,0,14,14,14,14,3,14,14,2,9,14,8,14,14,0,0,8,14,14,14,14,1,8,14,8,14,14,14,14,14,14,14,14,14,1,14,14,0,14,14,14,14,14,13,0,10,14,14,12,14,11,14,14,14,11,0,0,0,0,-1,
0,2,7,0.0231423,0,2,8,0.0231423,0,4,14,0.0231423,1,0,0,0.0311276,1,0,28,0.0231423,1,1,7,0.0311276,1,6,0,0.0231423,1,6,14,0.0311276,1,6,28,0.0231423,1,6,42,0.0231423,1,6,43,0.0231423,1,6,44,0.0231423,1,6,45,0.0231423,2,1,7,0.0311276,2,1,8,0.0311276,2,1,9,0.0231423,2,1,21,0.0311276,2,1,22,0.0311276,3,0,0,0.0311276,3,0,7,0.0231423,3,6,57,0.0311276,3,6,58,0.0311276,3,6,59,0.0311276,3,6,60,0.0311276,3,6,61,0.0231423,3,6,62,0.0231423,5,3,57,0.0311276,5,3,58,0.0311276,5,3,59,0.0231423,5,3,60,0.0231423,5,3,61,0.0231423,5,3,62,0.0231423,5,3,63,0.0311276,6,5,0,0.0311276,6,5,65,0.0311276,6,5,68,0.0231423,6,5,71,0.0311276,
e3c4
BLACK
3,14,14,14,3,14,4,14,14,2,8,5,14,14,14,14,14,8,14,14,14,14,14,14,14,14,9,14,14,14,0,14,0,9,14,14,14,14,0,8,8,14,14,0,14,1,10,14,14,11,14,14,14,14,8,11,14,14,14,13,14,10,14,14,0,0,0,0,-1,
1,3,14,0.341009,1,3,35,0.658991,
d2c1
WHITE
14,14,2,14,5,14,14,14,3,0,14,14,14,14,3,14,14,2,9,14,8,14,14,0,0,8,14,14,14,14,1,8,14,8,14,14,14,1,14,14,14,14,14,14,14,14,0,14,14,14,14,14,14,0,10,14,14,12,14,11,14,13,14,11,0,0,0,0,-1,
0,2,7,0.0319008,0,2,8,0.0319008,0,4,14,0.0242074,1,0,0,0.0319008,1,0,28,0.0242075,1,1,7,0.0319008,1,6,0,0.0242074,1,6,14,0.0319008,1,6,28,0.0319008,1,6,42,0.0319008,1,6,43,0.0242074,1,6,44,0.0319008,1,6,45,0.0242075,2,1,7,0.0242074,2,1,8,0.0319008,2,1,9,0.0242074,2,1,21,0.0319008,2,1,22,0.0242074,3,0,0,0.0319008,3,0,7,0.0319008,3,6,57,0.0319008,3,6,58,0.0319008,3,6,59,0.0319008,3,6,60,0.0319008,3,6,61,0.0242075,3,6,62,0.0242074,4,5,56,0.0319008,4,5,57,0.0319008,4,5,58,0.0319008,4,5,59,0.0319008,4,5,60,0.0319008,4,5,61,0.0319008,4,5,62,0.0242075,4,5,63,0.0319008,
b5d6 (capture)
BLACK
3,14,5,14,3,14,4,14,14,2,8,14,14,14,14,14,14,8,14,14,14,14,14,14,14,14,9,14,14,14,0,14,0,14,14,14,14,14,0,8,8,14,14,9,14,1,10,14,14,11,14,14,14,14,8,11,14,14,14,13,14,10,14,14,0,0,0,0,-1,
0,0,0,0.028804,0,0,1,0.028804,0,0,2,0.0288041,0,0,14,0.0214148,0,4,0,0.028804,0,4,1,0.0288041,0,4,2,0.0288041,0,4,3,0.0288041,0,4,4,0.0288041,0,4,5,0.0288041,0,4,6,0.028804,0,4,14,0.0214148,0,4,42,0.0288041,0,6,0,0.028804,0,6,1,0.0288041,0,6,7,0.0288041,0,6,14,0.0288041,0,6,42,0.0288041,0,6,49,0.0214148,0,6,50,0.0288041,0,6,51,0.0288041,0,6,52,0.0214148,0,6,53,0.028804,0,6,54,0.0288041,1,1,7,0.0288041,1,1,8,0.0288041,1,1,9,0.0288041,1,1,49,0.028804,3,6,7,0.0288041,5,5,56,0.028804,5,5,57,0.028804,5,5,58,0.028804,5,5,59,0.0288041,5,5,60,0.0214148,5,5,61,0.0288041,5,5,63,0.028804,
f6d5
WHITE
14,14,2,14,5,14,14,14,3,0,14,14,14,14,3,14,14,2,14,14,1,14,14,0,0,8,14,14,9,14,14,8,14,8,14,14,14,1,14,14,14,14,14,14,14,14,0,14,14,14,14,14,14,0,10,14,14,12,14,11,14,13,14,11,0,0,0,0,-1,
0,2,7,0.0319008,0,4,0,0.0319008,0,4,14,0.0242074,1,0,0,0.0319008,1,0,28,0.0242075,1,6,0,0.0242074,1,6,1,0.0242075,1,6,2,0.0242075,1,6,14,0.0319008,1,6,28,0.0319008,1,6,42,0.0319008,1,6,43,0.0242074,1,6,44,0.0319008,1,6,45,0.0242074,2,1,7,0.0319008,2,1,8,0.0319008,2,1,9,0.0319008,2,1,21,0.0319008,2,1,22,0.0319008,2,4,56,0.0242074,2,4,58,0.0242074,2,4,59,0.0319008,2,4,60,0.0319008,2,4,61,0.0319008,2,4,62,0.0319008,3,0,0,0.0319008,3,0,7,0.0319008,4,5,56,0.0319008,4,5,57,0.0319008,4,5,58,0.0242075,4,5,59,0.0319008,4,5,60,0.0319008,4,5,62,0.0242075,4,5,63,0.0319008,
c4d2
BLACK
3,14,5,14,3,14,4,14,14,2,8,9,14,14,14,14,14,8,14,14,14,14,14,14,14,14,14,14,14,14,0,14,0,14,14,1,14,14,0,8,8,14,14,9,14,14,10,14,14,11,14,14,14,14,8,11,14,14,14,13,14,10,14,14,0,0,0,0,-1,
0,0,0,0.0292,0,0,1,0.0292,0,0,2,0.0211999,0,0,14,0.0292,0,2,7,0.0211999,0,4,0,0.0292,0,4,1,0.0212,0,4,2,0.0292,0,4,3,0.0211999,0,4,4,0.0212,0,4,5,0.0292,0,4,6,0.0292,0,4,14,0.0211999,0,4,42,0.0292,0,6,0,0.0292,0,6,1,0.0292,0,6,7,0.0211999,0,6,14,0.0212,0,6,42,0.0212,0,6,49,0.0212,0,6,50,0.0211999,0,6,51,0.0212,0,6,52,0.0212,0,6,53,0.0292,0,6,54,0.0212,1,1,7,0.0211999,1,1,8,0.0292,1,1,9,0.0212,1,1,10,0.0292,1,1,11,0.0211999,1,1,49,0.0292,3,6,7,0.0211999,4,3,56,0.0292,4,3,57,0.0292,4,3,58,0.0292,4,3,59,0.0292,4,3,60,0.0212,4,3,61,0.0212,4,3,62,0.0212,4,3,63,0.0292,
d5b6
WHITE
14,14,2,14,5,14,14,14,3,0,14,14,14,14,3,14,14,2,14,14,1,14,9,0,0,8,14,14,14,14,14,8,14,8,14,14,14,14,14,14,14,14,14,14,14,14,0,14,14,14,14,14,1,0,10,14,14,12,14,11,14,13,14,11,0,0,0,0,-1,
0,2,7,0.0283976,0,4,7,0.0283977,1,0,0,0.0361908,1,0,28,0.0283976,1,6,0,0.0283977,1,6,14,0.0361908,1,6,28,0.0361909,1,6,42,0.0283977,1,6,43,0.0283976,1,6,44,0.0361909,1,6,45,0.0283977,2,1,7,0.0361908,2,1,8,0.0361908,2,1,9,0.0361908,2,1,21,0.0361908,2,1,22,0.0361908,2,4,56,0.0283976,2,4,57,0.0361908,2,4,58,0.0283976,2,4,59,0.0361908,2,4,60,0.0361908,2,4,61,0.0361908,2,4,62,0.0361908,3,0,0,0.0361909,3,0,7,0.0283977,6,4,56,0.0361909,6,4,59,0.0283977,6,4,60,0.0361908,6,4,61,0.0361908,6,4,62,0.0361908,
d6c8
BLACK
3,14,5,14,3,14,4,14,14,2,8,9,14,14,14,14,14,8,14,14,14,14,14,14,14,14,14,14,14,14,0,14,0,14,14,14,14,14,0,8,8,1,14,14,14,14,10,14,14,11,14,14,14,14,8,11,14,14,9,13,14,10,14,14,0,0,0,0,-1,
0,0,0,0.028804,0,0,1,0.028804,0,0,2,0.0288041,0,0,14,0.028804,0,2,7,0.0288041,0,4,0,0.028804,0,4,1,0.0288041,0,4,2,0.0288041,0,4,3,0.0214148,0,4,4,0.0288041,0,4,5,0.0288041,0,4,6,0.028804,0,4,14,0.0214148,0,4,42,0.0288041,0,6,0,0.028804,0,6,1,0.028804,0,6,7,0.0288041,0,6,14,0.0288041,0,6,42,0.0288041,0,6,49,0.0214148,0,6,50,0.0288041,0,6,51,0.0288041,0,6,52,0.0214148,1,1,7,0.0288041,1,1,8,0.0288041,1,1,9,0.0214148,1,1,10,0.028804,1,1,11,0.0288041,1,1,49,0.028804,3,6,7,0.0288041,5,1,56,0.0288041,5,1,57,0.0288041,5,1,58,0.028804,5,1,61,0.0288041,5,1,62,0.0288041,5,1,63,0.0288041,
b6c4
WHITE
14,14,2,14,5,1,14,14,3,0,14,14,14,14,3,14,14,2,14,14,14,14,14,0,0,8,14,14,14,14,14,8,14,8,14,14,14,9,14,14,14,14,14,14,14,14,0,14,14,14,14,14,1,0,10,14,14,12,14,11,14,13,14,11,0,0,0,0,-1,
0,2,7,0.0242074,0,2,8,0.0242074,0,2,9,0.0319008,0,2,10,0.0319008,0,2,11,0.0319008,0,4,0,0.0319008,0,4,7,0.0319008,0,5,56,0.0319008,0,5,57,0.0242075,0,5,58,0.0319008,0,5,59,0.0242074,1,0,0,0.0319008,1,0,28,0.0242075,1,6,0,0.0242074,1,6,1,0.0242075,1,6,2,0.0242074,1,6,14,0.0319008,1,6,28,0.0319008,1,6,42,0.0242075,1,6,43,0.0242074,1,6,44,0.0319008,1,6,45,0.0242075,2,1,7,0.0319008,2,1,8,0.0319008,2,1,9,0.0319008,2,1,21,0.0319008,2,1,22,0.0319008,3,0,0,0.0319008,3,0,7,0.0319008,6,4,56,0.0319008,6,4,59,0.0319008,6,4,60,0.0319008,6,4,61,0.0319008,6,4,62,0.0319008,
d8c7
BLACK
3,14,5,14,3,14,4,14,14,2,8,9,14,14,14,14,14,8,14,14,14,14,14,14,14,14,1,14,14,14,0,14,0,14,14,14,14,14,0,8,8,14,14,14,14,14,10,14,14,11,13,14,14,14,8,11,14,14,9,14,14,10,14,14,0,0,0,0,-1,
0,0,0,0.0251729,0,0,1,0.0251729,0,0,2,0.0251729,0,0,14,0.0251729,0,2,7,0.0251729,0,4,0,0.0338589,0,4,1,0.0251729,0,4,2,0.0251729,0,4,3,0.0251729,0,4,4,0.0251729,0,4,5,0.0251729,0,4,6,0.0251729,0,4,14,0.0251729,0,4,42,0.0251729,0,6,0,0.0338589,0,6,1,0.0251729,0,6,7,0.0251729,0,6,14,0.0251729,0,6,42,0.0251729,0,6,49,0.0251729,0,6,50,0.0251729,0,6,51,0.0251729,0,6,52,0.0251729,0,6,53,0.0338589,0,6,54,0.0251729,1,1,7,0.0251729,1,1,8,0.0251729,1,1,9,0.0251729,1,1,10,0.0251729,1,1,11,0.0251729,1,1,49,0.0251729,3,2,56,0.0251729,3,2,57,0.0251729,3,2,58,0.0338589,3,2,60,0.0251729,3,2,62,0.0251729,3,2,63,0.0338589,3,6,7,0.0251729,
e1e8
WHITE
14,14,2,11,14,1,14,14,3,0,14,14,14,5,3,14,14,2,14,14,14,14,14,0,0,8,14,14,14,14,14,8,14,8,14,14,14,9,14,14,14,14,14,14,14,14,0,14,14,14,14,14,1,0,10,14,14,12,14,14,14,13,14,11,0,0,0,0,-1,
0,2,7,0.0314236,0,2,8,0.0314236,0,2,9,0.0314235,0,2,10,0.0314235,0,2,11,0.0314235,0,5,56,0.0400471,0,5,57,0.0314236,0,5,58,0.0314235,0,5,59,0.0314235,1,0,0,0.0314235,1,0,28,0.0314234,1,5,0,0.0314235,1,5,21,0.0314235,1,5,42,0.0314235,1,6,0,0.0314235,1,6,1,0.0314235,1,6,2,0.0314235,1,6,14,0.0400471,1,6,28,0.0314236,2,1,7,0.0314235,2,1,8,0.0314235,2,1,9,0.0314236,2,1,21,0.0314235,2,1,22,0.0314235,3,0,0,0.0314235,3,0,7,0.0314235,6,4,56,0.0314235,6,4,59,0.0314235,6,4,60,0.0400471,6,4,61,0.0314235,6,4,62,0.0314235,
f8e7
BLACK
3,14,5,14,14,14,4,14,14,2,8,9,14,14,14,14,14,8,14,14,14,14,14,14,14,14,1,14,14,14,0,14,0,14,14,14,14,14,0,8,8,14,14,14,14,14,10,14,14,11,13,14,10,14,8,11,14,14,9,14,3,14,14,14,0,0,0,0,-1,
0,0,0,0.0311276,0,0,1,0.0311276,0,0,2,0.0231423,0,0,14,0.0311276,0,2,7,0.0231423,0,6,0,0.0311276,0,6,1,0.0311276,0,6,7,0.0231423,0,6,14,0.0231423,0,6,42,0.0231423,0,6,43,0.0311276,0,6,44,0.0311276,0,6,49,0.0231423,0,6,50,0.0231423,0,6,51,0.0231423,0,6,52,0.0231423,0,6,53,0.0311276,0,6,54,0.0231423,1,1,7,0.0231423,1,1,8,0.0231423,1,1,9,0.0231423,1,1,10,0.0311276,1,1,11,0.0231423,1,1,49,0.0311276,3,2,56,0.0231423,3,2,57,0.0231423,3,2,58,0.0311276,3,2,60,0.0311276,3,2,62,0.0231423,3,2,63,0.0311276,3,6,7,0.0231423,7,4,14,0.0311276,7,4,15,0.0311276,7,4,16,0.0231423,7,4,28,0.0311276,7,4,42,0.0311276,7,4,43,0.0311276,
a1b1
WHITE
14,14,14,11,14,1,14,14,3,0,14,2,14,5,3,14,14,2,14,14,14,14,14,0,0,8,14,14,14,14,14,8,14,8,14,14,14,9,14,14,14,14,14,14,14,14,0,14,14,14,14,14,1,0,10,14,14,12,14,14,14,13,11,14,0,0,0,0,-1,
0,5,56,0.0311276,0,5,57,0.0231423,0,5,58,0.0311276,1,0,0,0.0311276,1,0,28,0.0231423,1,3,7,0.0311276,1,3,8,0.0311276,1,3,9,0.0231423,1,3,10,0.0231423,1,3,21,0.0311276,1,3,35,0.0311276,1,3,49,0.0311276,1,3,50,0.0311276,1,5,0,0.0231423,1,5,21,0.0231423,1,5,42,0.0231423,1,6,0,0.0231423,1,6,1,0.0231423,1,6,2,0.0231423,1,6,14,0.0311276,1,6,28,0.0231423,2,1,7,0.0311276,2,1,8,0.0311276,2,1,9,0.0231423,2,1,21,0.0311276,2,1,22,0.0311276,3,0,0,0.0231423,3,0,7,0.0231423,6,4,56,0.0231423,6,4,59,0.0231423,6,4,60,0.0311276,6,4,61,0.0311276,6,4,62,0.0311276,6,5,7,0.0231423,6,5,66,0.0231423,6,5,69,0.0231423,6,5,72,0.0311276,
d2f1
BLACK
14,3,5,14,14,9,4,14,14,2,8,14,14,14,14,14,14,8,14,14,14,14,14,14,14,14,1,14,14,14,0,14,0,14,14,14,14,14,0,8,8,14,14,14,14,14,10,14,14,11,13,14,10,14,8,11,14,14,9,14,3,14,14,14,0,0,0,0,-1,
0,1,42,0.0344327,0,6,0,0.0344327,0,6,1,0.0344327,0,6,7,0.0344326,0,6,14,0.0265984,0,6,42,0.0344327,0,6,49,0.0265984,0,6,50,0.0265984,0,6,51,0.0265984,0,6,52,0.0344327,0,6,53,0.0344327,0,6,54,0.0265984,1,1,7,0.0265984,1,1,8,0.0265984,1,1,9,0.0344326,1,1,10,0.0344327,1,1,11,0.0265984,1,1,35,0.0265984,1,1,49,0.0344327,3,2,56,0.0265984,3,2,57,0.0265984,3,2,58,0.0344327,3,2,60,0.0344327,3,2,62,0.0344326,3,2,63,0.0344327,3,6,7,0.0265984,7,4,14,0.0344327,7,4,15,0.0344327,7,4,16,0.0265985,7,4,28,0.0344327,7,4,42,0.0344327,7,4,43,0.0344326,
e8e7 (capture)
WHITE
14,14,14,14,14,1,14,14,3,0,14,11,14,5,3,14,14,2,14,14,14,14,14,0,0,8,14,14,14,14,14,8,14,8,14,14,14,9,14,14,14,14,14,14,14,14,0,14,14,14,14,14,14,0,10,14,14,12,1,14,14,13,11,14,0,0,0,0,-1,
0,5,59,0.244024,1,5,0,0.251992,1,5,21,0.251992,1,5,35,0.251992,
c7b8
BLACK
14,3,5,14,14,9,4,14,14,2,8,14,14,14,14,14,14,8,14,14,14,14,14,14,14,14,1,14,14,14,0,14,0,14,14,14,14,14,0,8,8,14,14,14,14,14,10,14,14,11,14,14,3,14,8,11,14,13,9,14,14,14,14,14,0,0,0,0,-1,
0,1,42,0.0338589,0,6,0,0.0251729,0,6,1,0.0338589,0,6,7,0.0338588,0,6,14,0.0251729,0,6,42,0.0251729,0,6,49,0.0251729,0,6,50,0.0251729,0,6,51,0.0251729,0,6,52,0.0251729,0,6,53,0.0251729,0,6,54,0.0251729,1,1,7,0.0251729,1,1,8,0.0251729,1,1,9,0.0251729,1,1,10,0.0251729,1,1,11,0.0251729,1,1,35,0.0251729,1,1,49,0.0251729,3,2,56,0.0251729,3,2,57,0.0251729,3,2,58,0.0251729,3,2,60,0.0338589,3,2,62,0.0251729,3,2,63,0.0251729,3,6,7,0.0251729,6,4,0,0.0251729,6,4,14,0.0251729,6,4,15,0.0251729,6,4,28,0.0251729,6,4,29,0.0251729,6,4,30,0.0251729,6,4,31,0.0251729,6,4,32,0.0251729,6,4,33,0.0251729,6,4,42,0.0251729,6,4,43,0.0251729,6,4,44,0.0338589,
b2d4
WHITE
14,14,14,14,14,1,5,14,3,0,14,11,14,14,3,14,14,2,14,14,14,14,14,0,0,8,14,14,14,14,14,8,14,8,14,14,10,9,14,14,14,14,14,14,14,14,0,14,14,14,14,14,14,0,14,14,14,12,1,14,14,13,11,14,0,0,0,0,-1,
0,5,56,0.0046049,0,5,57,0.00349438,0,5,58,0.00460491,0,5,59,0.00349438,0,6,14,0.00460491,1,0,0,0.0046049,1,0,28,0.00349438,1,6,0,0.00349438,1,6,1,0.00349432,1,6,2,0.00349438,1,6,14,0.0046049,1,6,42,0.00349438,1,6,43,0.00349438,1,6,44,0.00349432,2,1,7,0.0046049,2,1,8,0.0046049,2,1,9,0.00349438,2,1,21,0.00460494,2,1,22,0.00460491,3,0,0,0.00349438,3,0,7,0.00349438,5,6,0,0.00460491,6,5,7,0.44386,6,5,66,0.00460494,6,5,69,0.00349438,6,5,72,0.44386,7,2,60,0.0046049,7,2,61,0.00349432,7,2,62,0.00460491,7,2,63,0.00349438,
c2b1R
BLACK
-1 WINNER!
