3,1,2,4,5,2,1,3,0,0,0,0,0,0,0,0,14,14,14,14,14,14,14,14,14,14,14,14,14,14,14,14,14,14,14,14,14,14,14,14,14,14,14,14,14,14,14,14,8,8,8,8,8,8,8,8,11,9,10,12,13,10,9,11,1,1,1,1,-1,
0,1,57,0.0501002,0,1,58,0.0501002,0,6,57,0.0501002,0,6,58,0.0501002,1,0,0,0.0501002,1,0,1,0.0501002,1,1,0,0.0501002,1,1,1,0.0501002,1,2,0,0.0480961,1,2,1,0.0501002,1,3,0,0.0501002,1,3,1,0.0501002,1,4,0,0.0501002,1,4,1,0.0501002,1,5,0,0.0501002,1,5,1,0.0501002,1,6,0,0.0501002,1,6,1,0.0501002,1,7,0,0.0501002,1,7,1,0.0501002,
h2h3
WHITE
3,1,2,5,4,2,1,3,0,0,0,0,0,0,0,0,14,14,14,14,14,14,14,14,14,14,14,14,14,14,14,14,14,14,14,14,14,14,14,14,8,14,14,14,14,14,14,14,14,8,8,8,8,8,8,8,11,9,10,13,12,10,9,11,1,1,1,1,-1,
0,1,57,0.0501002,0,1,58,0.0501002,0,6,57,0.0501002,0,6,58,0.0501002,1,0,0,0.0501002,1,0,1,0.0501002,1,1,0,0.0501002,1,1,1,0.0501002,1,2,0,0.0480961,1,2,1,0.0501002,1,3,0,0.0501002,1,3,1,0.0501002,1,4,0,0.0501002,1,4,1,0.0501002,1,5,0,0.0501002,1,5,1,0.0501002,1,6,0,0.0501002,1,6,1,0.0501002,1,7,0,0.0501002,1,7,1,0.0501002,
g8h6
BLACK
3,1,2,4,5,2,1,3,0,0,0,0,0,0,0,14,14,14,14,14,14,14,14,0,14,14,14,14,14,14,14,14,14,14,14,14,14,14,14,14,14,14,14,14,14,14,14,9,8,8,8,8,8,8,8,8,11,9,10,12,13,10,14,11,1,1,1,1,-1,
0,1,57,0.0521042,0,1,58,0.0521042,0,6,58,0.0521042,0,7,0,0.0521042,1,0,0,0.0521042,1,0,1,0.0541082,1,1,0,0.0521042,1,1,1,0.0541082,1,2,0,0.0521042,1,2,1,0.0521042,1,3,0,0.0521042,1,3,1,0.0521042,1,4,0,0.0541082,1,4,1,0.0521042,1,5,0,0.0521042,1,5,1,0.0541082,1,6,0,0.0521042,1,6,1,0.0541082,2,7,0,0.0521042,
f2f4
WHITE
3,14,2,5,4,2,1,3,0,0,0,0,0,0,0,0,1,14,14,14,14,14,14,14,14,14,14,14,14,14,14,14,14,14,8,14,14,14,14,14,8,14,14,14,14,14,14,14,14,8,14,8,8,8,8,8,11,9,10,13,12,10,9,11,1,1,1,1,42,
0,0,14,0.0480961,0,6,57,0.0501002,0,6,58,0.0501002,1,1,0,0.0501002,1,1,1,0.0501002,1,2,0,0.0501002,1,2,1,0.0501002,1,3,0,0.0501002,1,3,1,0.0501002,1,4,0,0.0501002,1,4,1,0.0501002,1,5,0,0.0501002,1,5,1,0.0501002,1,6,0,0.0501002,1,6,1,0.0501002,1,7,0,0.0501002,1,7,1,0.0501002,2,0,56,0.0501002,2,0,57,0.0501002,2,0,62,0.0501002,
f7f6
BLACK
3,1,2,4,5,2,1,3,0,0,0,0,0,14,0,14,14,14,14,14,14,14,14,0,14,14,14,14,14,0,14,14,14,14,14,14,14,14,14,14,14,14,14,14,14,8,14,9,8,8,8,8,8,14,8,8,11,9,10,12,13,10,14,11,1,1,1,1,-1,
0,1,57,0.0521042,0,1,58,0.0521042,0,4,7,0.0521042,0,6,58,0.0521042,0,7,0,0.0521042,1,0,0,0.0521042,1,0,1,0.0541082,1,1,0,0.0521042,1,1,1,0.0541082,1,2,0,0.0521042,1,2,1,0.0521042,1,3,0,0.0521042,1,3,1,0.0521042,1,4,0,0.0541082,1,4,1,0.0521042,1,6,0,0.0521042,1,6,1,0.0541082,2,7,0,0.0521042,3,5,0,0.0541082,
g2g4
WHITE
3,14,2,5,4,2,1,3,0,0,14,0,0,0,0,0,1,14,0,14,14,14,14,14,14,14,14,14,14,14,14,14,14,8,8,14,14,14,14,14,8,14,14,14,14,14,14,14,14,14,14,8,8,8,8,8,11,9,10,13,12,10,9,11,1,1,1,1,41,
0,0,14,0.0460922,0,3,49,0.0480962,0,6,57,0.0480962,0,6,58,0.0480962,1,1,0,0.0480962,1,1,1,0.0480962,1,3,0,0.0480962,1,3,1,0.0480962,1,4,0,0.0480962,1,4,1,0.0480962,1,5,0,0.0460922,1,5,1,0.0480962,1,6,0,0.0460922,1,6,1,0.0480962,1,7,0,0.0480962,1,7,1,0.0480962,2,0,56,0.0480962,2,0,57,0.0460922,2,0,62,0.0460922,2,0,63,0.0480962,2,2,0,0.0480962,
b8c6
BLACK
3,1,2,4,5,2,1,3,0,0,0,0,0,14,14,14,14,14,14,14,14,14,14,0,14,14,14,14,14,0,0,14,14,14,14,14,14,14,14,14,14,14,9,14,14,8,14,9,8,8,8,8,8,14,8,8,11,14,10,12,13,10,14,11,1,1,1,1,-1,
0,1,57,0.0521042,0,1,58,0.0521042,0,4,7,0.0521042,0,5,7,0.0541082,0,6,58,0.0521042,0,7,0,0.0521042,1,0,0,0.0521042,1,0,1,0.0541082,1,1,0,0.0521042,1,1,1,0.0541082,1,2,0,0.0521042,1,2,1,0.0521042,1,3,0,0.0521042,1,3,1,0.0521042,1,4,0,0.0541082,1,4,1,0.0521042,2,7,0,0.0521042,3,5,0,0.0521042,3,6,0,0.0541082,
c2c3
WHITE
3,14,2,5,4,2,14,3,0,0,14,0,0,0,0,0,1,14,0,14,14,1,14,14,14,14,14,14,14,14,14,14,14,8,8,14,14,14,14,14,8,14,14,14,14,8,14,14,14,14,14,8,8,14,8,8,11,9,10,13,12,10,9,11,1,1,1,1,-1,
0,0,14,0.0420842,0,3,49,0.0440882,0,7,42,0.0440882,1,1,0,0.0440882,1,1,1,0.0440882,1,3,0,0.0440882,1,3,1,0.0440882,1,4,0,0.0440882,1,4,1,0.0440882,1,6,0,0.0420842,1,6,1,0.0440882,1,7,0,0.0440882,1,7,1,0.0440882,2,0,56,0.0420842,2,0,57,0.0420842,2,0,62,0.0420842,2,0,63,0.0440882,2,2,0,0.0440882,2,5,56,0.0440882,2,5,57,0.0420842,2,5,58,0.0420842,2,5,59,0.0440882,2,5,62,0.0440882,
h8g8
BLACK
3,1,2,4,5,2,1,3,0,0,14,0,0,14,14,14,14,14,0,14,14,14,14,0,14,14,14,14,14,0,0,14,14,14,14,14,14,14,14,14,14,14,9,14,14,8,14,9,8,8,8,8,8,14,8,8,11,14,10,12,13,10,11,14,1,1,0,1,-1,
0,1,58,0.0501002,0,3,49,0.0501002,0,3,50,0.0501002,0,3,51,0.0501002,0,4,7,0.0501002,0,5,7,0.0501002,0,6,58,0.0501002,0,7,0,0.0501002,1,0,0,0.0501002,1,0,1,0.0501002,1,1,0,0.0501002,1,1,1,0.0501002,1,3,0,0.0501002,1,3,1,0.0501002,1,4,0,0.0501002,1,4,1,0.0501002,2,2,0,0.0501002,2,7,0,0.0480961,3,5,0,0.0501002,3,6,0,0.0501002,
e1f2
WHITE
14,3,2,5,4,2,14,3,0,0,14,0,0,0,0,0,1,14,0,14,14,1,14,14,14,14,14,14,14,14,14,14,14,8,8,14,14,14,14,14,8,14,14,14,14,8,14,14,14,14,13,8,8,14,8,8,11,9,10,14,12,10,9,11,0,1,0,0,-1,
0,1,42,0.0460922,0,3,49,0.0460922,0,7,42,0.0460922,1,1,0,0.0440882,1,1,1,0.0460922,1,3,0,0.0460922,1,3,1,0.0460922,1,4,0,0.0460922,1,4,1,0.0440882,1,6,0,0.0440882,1,6,1,0.0460922,1,7,0,0.0460922,1,7,1,0.0460922,2,0,56,0.0440882,2,0,57,0.0440882,2,0,63,0.0460922,2,2,0,0.0460922,2,5,56,0.0460922,2,5,57,0.0440882,2,5,58,0.0440881,2,5,59,0.0460922,2,5,62,0.0460922,
c6b8
BLACK
3,1,2,4,14,2,1,3,0,0,14,0,0,5,14,14,14,14,0,14,14,14,14,0,14,14,14,14,14,0,0,14,14,14,14,14,14,14,14,14,14,14,14,14,14,8,14,9,8,8,8,8,8,14,8,8,11,9,10,12,13,10,11,14,0,0,0,1,-1,
0,1,58,0.0400802,0,3,14,0.0400802,0,3,49,0.0400801,0,3,50,0.0400801,0,3,51,0.0400801,0,5,7,0.0400801,0,6,58,0.0400801,0,7,0,0.0400802,1,0,0,0.0400802,1,0,1,0.0400802,1,1,0,0.0400802,1,1,1,0.0400802,1,3,0,0.0400802,1,3,1,0.0400802,1,4,0,0.0400802,1,4,1,0.0400802,1,5,0,0.0380762,1,5,7,0.0400802,1,5,14,0.0400802,1,5,35,0.0400801,1,5,49,0.0400802,2,2,0,0.0400801,2,7,0,0.0400801,3,5,0,0.0400802,3,6,0,0.0400802,
d1e1
WHITE
14,3,2,5,4,2,1,3,0,0,14,0,0,0,0,0,1,14,0,14,14,14,14,14,14,14,14,14,14,14,14,14,14,8,8,14,14,14,14,14,8,14,14,14,14,8,14,14,14,14,13,8,8,14,8,8,11,9,10,12,14,10,9,11,0,1,0,0,-1,
0,1,42,0.0501002,0,3,49,0.0501002,0,6,57,0.0501002,0,6,58,0.0501002,1,1,0,0.0501002,1,1,1,0.0501002,1,3,0,0.0501002,1,3,1,0.0501002,1,4,0,0.0501002,1,4,1,0.0501002,1,5,0,0.0501002,1,5,1,0.0501002,1,6,0,0.0501002,1,6,1,0.0501002,1,7,0,0.0501002,1,7,1,0.0501002,2,0,56,0.0501002,2,0,57,0.0480961,2,0,63,0.0501002,2,2,0,0.0501002,
a7a6
BLACK
3,1,2,14,4,2,1,3,0,0,14,0,0,5,14,14,14,14,0,14,14,14,14,0,14,14,14,14,14,0,0,14,14,14,14,14,14,14,14,14,8,14,14,14,14,8,14,9,14,8,8,8,8,14,8,8,11,9,10,12,13,10,11,14,0,0,0,1,-1,
0,1,58,0.0460922,0,4,42,0.0480962,0,5,7,0.0480962,0,6,58,0.0480962,0,7,0,0.0480962,1,0,0,0.0460922,1,0,1,0.0480962,1,1,0,0.0480962,1,1,1,0.0480962,1,3,0,0.0480962,1,3,1,0.0480962,1,4,0,0.0480962,1,4,1,0.0480962,1,5,0,0.0460922,1,5,7,0.0480962,1,5,14,0.0480962,1,5,49,0.0460922,2,2,0,0.0480962,2,7,0,0.0460922,3,5,0,0.0480962,3,6,0,0.0480962,
a2a4
WHITE
14,3,2,5,4,2,1,3,0,0,14,0,0,0,0,14,1,14,0,14,14,14,14,0,14,14,14,14,14,14,14,14,14,8,8,14,14,14,14,8,8,14,14,14,14,8,14,14,14,14,13,8,8,14,8,14,11,9,10,12,14,10,9,11,0,1,0,0,47,
0,1,42,0.0521042,0,3,49,0.0521042,0,6,58,0.0521042,0,7,0,0.0521042,1,1,0,0.0521042,1,1,1,0.0541082,1,3,0,0.0521042,1,3,1,0.0521042,1,4,0,0.0541082,1,4,1,0.0521042,1,5,0,0.0521042,1,5,1,0.0541082,1,6,0,0.0521042,1,6,1,0.0541082,2,0,56,0.0521042,2,0,57,0.0521042,2,0,63,0.0541082,2,2,0,0.0521042,2,7,0,0.0521042,
e7e5
BLACK
3,1,2,14,4,2,1,3,14,0,14,0,0,5,14,14,14,14,0,14,14,14,14,0,0,14,14,14,14,0,0,14,14,14,14,14,8,14,14,14,8,14,14,14,14,8,14,9,14,8,8,8,14,14,8,8,11,9,10,12,13,10,11,14,0,0,0,1,44,
0,0,0,0.0440882,0,0,1,0.0420842,0,1,58,0.0420842,0,4,42,0.0440882,0,5,7,0.0440882,0,6,58,0.0440882,0,7,0,0.0440882,1,1,0,0.0420842,1,1,1,0.0440882,1,3,0,0.0440882,1,3,1,0.0440882,1,4,0,0.0440882,1,4,1,0.0420842,1,5,0,0.0420842,1,5,7,0.0440882,1,5,14,0.0440882,1,5,49,0.0420842,2,2,0,0.0440882,2,7,0,0.0420842,3,0,0,0.0440882,3,5,0,0.0440882,3,5,49,0.0440882,3,6,0,0.0440882,
c3c4
WHITE
14,3,2,5,4,2,1,3,0,0,14,14,0,0,0,14,1,14,0,14,14,14,14,0,14,14,14,0,14,14,14,14,14,8,8,14,14,8,14,8,8,14,14,14,14,14,14,14,14,14,13,8,8,14,8,14,11,9,10,12,14,10,9,11,0,1,0,0,-1,
0,1,42,0.0380762,0,2,7,0.0380761,0,2,8,0.0400802,0,2,9,0.0380762,0,2,10,0.0380761,0,2,11,0.0380762,0,3,0,0.0380762,0,3,49,0.0380762,0,4,49,0.0400802,0,6,58,0.0380762,0,7,0,0.0380762,1,1,0,0.0380762,1,1,1,0.0400802,1,4,0,0.0400802,1,4,1,0.0380762,1,5,0,0.0380762,1,5,1,0.0380762,1,6,0,0.0380761,1,6,1,0.0380761,2,0,56,0.0380762,2,0,57,0.0380761,2,0,63,0.0400802,2,2,0,0.0380761,2,7,0,0.0380762,3,3,0,0.0380761,3,3,49,0.0380762,
g7g6
BLACK
3,1,2,14,4,2,1,3,14,0,14,0,0,5,14,14,14,14,14,14,14,14,14,0,0,14,0,14,14,0,0,14,14,14,14,14,8,14,14,14,8,14,14,14,14,8,8,9,14,8,8,8,14,14,14,8,11,9,10,12,13,10,11,14,0,0,0,1,-1,
0,0,0,0.0420842,0,0,1,0.0400802,0,1,57,0.0400801,0,1,58,0.0400802,0,4,42,0.0420842,0,5,7,0.0420841,0,6,58,0.0420842,0,7,0,0.0420842,1,1,0,0.0420842,1,1,1,0.0420842,1,3,0,0.0420842,1,3,1,0.0420842,1,4,0,0.0420842,1,4,1,0.0420842,1,5,0,0.0400802,1,5,7,0.0420842,1,5,14,0.0420842,1,5,49,0.0420842,2,7,0,0.0400802,3,0,0,0.0420842,3,2,0,0.0420842,3,5,0,0.0420842,3,5,49,0.0420842,3,6,0,0.0420842,
g4g5
WHITE
14,3,2,5,4,2,1,3,0,14,14,14,0,0,0,14,1,0,0,14,14,14,14,0,14,8,14,0,14,14,14,14,14,14,8,14,14,8,14,8,8,14,14,14,14,14,14,14,14,14,13,8,8,14,8,14,11,9,10,12,14,10,9,11,0,1,0,0,-1,
0,1,0,0.0360722,0,1,42,0.0380761,0,2,7,0.0380761,0,2,8,0.0380762,0,2,9,0.0360721,0,2,10,0.0380761,0,2,11,0.0380761,0,2,49,0.0360721,0,3,0,0.0380761,0,3,49,0.0380761,0,4,49,0.0380761,0,6,58,0.0360722,0,7,0,0.0360721,1,4,0,0.0380762,1,4,1,0.0360721,1,5,0,0.0360721,1,5,1,0.0380761,1,6,0,0.0360722,1,6,1,0.0380762,2,0,56,0.0360721,2,0,57,0.0360721,2,0,63,0.0380761,2,2,0,0.0380762,2,2,49,0.0360721,2,7,0,0.0360721,3,3,0,0.0360722,3,3,49,0.0360721,
a8a7
BLACK
3,1,2,14,4,2,1,3,14,0,14,0,0,5,14,14,14,14,14,14,14,14,14,0,0,14,0,14,14,0,14,14,14,14,14,14,8,14,0,14,8,14,14,14,14,8,8,9,11,8,8,8,14,14,14,8,14,9,10,12,13,10,11,14,0,0,0,0,-1,
0,0,0,0.0400802,0,0,1,0.0380762,0,1,57,0.0400802,0,1,58,0.0400801,0,4,42,0.0400801,0,5,7,0.0400802,0,6,58,0.0400801,0,7,0,0.0400802,1,1,0,0.0400802,1,1,1,0.0400802,1,3,0,0.0400802,1,3,1,0.0400801,1,4,0,0.0400802,1,4,1,0.0400801,1,5,0,0.0400802,1,5,7,0.0400802,1,5,14,0.0400801,1,5,49,0.0400802,2,7,0,0.0400802,3,0,0,0.0400802,3,2,0,0.0400802,3,5,0,0.0400801,3,5,49,0.0400802,4,6,7,0.0400801,4,6,49,0.0400802,
f2e3
WHITE
14,3,2,5,4,2,1,14,0,14,14,14,0,0,0,3,1,0,0,14,14,14,14,0,14,8,14,0,14,14,14,14,14,14,8,14,14,8,14,8,8,14,14,13,14,14,14,14,14,14,14,8,8,14,8,14,11,9,10,12,14,10,9,11,0,0,0,0,-1,
0,1,0,0.0360722,0,1,42,0.0380761,0,2,7,0.0380761,0,2,8,0.0380762,0,2,9,0.0360721,0,2,10,0.0380761,0,2,11,0.0380761,0,2,49,0.0360721,0,3,0,0.0380761,0,3,49,0.0380761,0,4,49,0.0380761,0,6,58,0.0360722,1,4,0,0.0380762,1,4,1,0.0360722,1,5,0,0.0360721,1,5,1,0.0380761,1,6,0,0.0360722,1,6,1,0.0380762,1,7,28,0.0360721,2,0,56,0.0360721,2,0,57,0.0360721,2,0,63,0.0380761,2,2,0,0.0380762,2,2,49,0.0360721,2,7,0,0.0360721,3,3,0,0.0360721,3,3,49,0.0360721,
d8e7
BLACK
3,1,2,14,4,2,1,3,14,0,14,0,0,14,14,14,14,14,14,14,5,14,14,0,0,14,0,14,14,0,14,14,14,14,14,14,8,14,0,14,8,14,14,14,14,8,8,9,11,8,8,8,12,14,14,8,14,9,10,14,13,10,11,14,0,0,0,0,-1,
0,0,0,0.0400802,0,0,1,0.0380761,0,1,57,0.0380762,0,1,58,0.0380762,0,4,7,0.0380761,0,4,8,0.0380761,0,4,9,0.0380761,0,4,42,0.0380762,0,5,7,0.0400802,0,6,58,0.0380762,0,7,0,0.0380761,1,1,0,0.0380762,1,1,1,0.0400802,1,3,0,0.0380762,1,3,1,0.0380762,2,4,0,0.0380762,2,4,14,0.0380761,2,4,21,0.0380762,2,4,42,0.0380762,2,7,0,0.0380762,3,0,0,0.0400802,3,2,0,0.0380761,3,5,0,0.0380762,3,5,49,0.0400802,4,6,7,0.0380762,4,6,49,0.0380762,
b1c3
WHITE
14,3,2,5,14,2,1,14,0,14,14,4,0,0,0,3,1,0,0,14,14,14,14,0,14,8,14,0,14,14,14,14,14,14,8,14,14,8,14,8,8,14,14,13,14,9,14,14,14,14,14,8,8,14,8,14,11,9,10,12,14,10,14,11,0,0,0,0,-1,
0,1,0,0.0340681,0,1,42,0.0340682,0,2,49,0.0340681,0,3,14,0.0360721,0,3,49,0.0340682,0,6,58,0.0340682,1,3,0,0.0340681,1,3,7,0.0340681,1,3,8,0.0340681,1,3,9,0.0340681,1,3,10,0.0340681,1,3,21,0.0340682,1,3,42,0.0340682,1,3,43,0.0360722,1,4,0,0.0360722,1,4,1,0.0340682,1,5,0,0.0340681,1,5,1,0.0360721,1,6,0,0.0340681,1,6,1,0.0360721,1,7,28,0.0340682,2,0,56,0.0340681,2,0,57,0.0340681,2,0,63,0.0360722,2,2,0,0.0340681,2,2,49,0.0340682,2,7,0,0.0340682,3,3,0,0.0340681,3,3,49,0.0340681,
e7e6
BLACK
3,14,2,14,4,2,1,3,14,0,14,0,0,14,14,14,14,14,1,14,5,14,14,0,0,14,0,14,14,0,14,14,14,14,14,14,8,14,0,14,8,14,14,14,12,8,8,9,11,8,8,8,14,14,14,8,14,9,10,14,13,10,11,14,0,0,0,0,-1,
0,0,0,0.0320641,0,0,1,0.0320641,0,0,14,0.0320641,0,4,7,0.0320641,0,4,8,0.0320641,0,4,9,0.0320641,0,4,42,0.0320641,0,5,7,0.0320641,0,6,58,0.0320641,0,7,0,0.0320641,1,1,0,0.0320641,1,1,1,0.0340681,1,3,0,0.0320641,1,3,1,0.0320641,2,2,56,0.0320641,2,2,57,0.0320641,2,2,58,0.0320641,2,2,60,0.0320641,2,2,61,0.0320641,2,2,62,0.0340681,2,4,0,0.0320641,2,4,14,0.0320641,2,4,21,0.0320641,2,4,42,0.0320641,2,7,0,0.0320641,3,0,0,0.0340681,3,2,0,0.0320641,3,5,0,0.0320641,3,5,49,0.0320641,4,6,7,0.0320641,4,6,49,0.0320641,
e1d1
WHITE
14,3,2,5,14,2,1,14,0,14,14,14,0,0,0,3,1,0,0,4,14,14,14,0,14,8,14,0,14,14,14,14,14,14,8,14,14,8,14,8,8,14,14,13,14,9,14,14,14,14,14,8,8,14,8,14,11,9,10,14,12,10,14,11,0,0,0,0,-1,
0,1,0,0.0260521,0,1,42,0.0280561,0,2,7,0.0280561,0,2,8,0.0280561,0,2,9,0.0260521,0,2,10,0.0280561,0,2,11,0.0280561,0,2,49,0.0260521,0,3,0,0.0280561,0,3,14,0.0280561,0,3,49,0.0280561,0,6,58,0.0260521,1,4,0,0.0280561,1,4,1,0.0260521,1,5,0,0.0260521,1,5,1,0.0280561,1,6,0,0.0260521,1,6,1,0.0280561,1,7,28,0.0260521,2,0,56,0.0260521,2,0,57,0.0260521,2,0,63,0.0280561,2,2,0,0.0260521,2,2,49,0.0260521,2,3,7,0.0260521,2,3,8,0.0280561,2,3,14,0.0280561,2,3,15,0.0260521,2,3,16,0.0260521,2,3,28,0.0280561,2,3,35,0.0260521,2,3,49,0.0280561,2,3,50,0.0280561,2,3,51,0.0280561,2,7,0,0.0260521,3,3,0,0.0260521,3,3,49,0.0260521,
e8f7
BLACK
3,14,2,4,14,2,1,3,14,0,14,0,0,14,14,14,14,14,1,14,5,14,14,0,0,14,0,14,14,0,14,14,14,14,14,14,8,14,0,14,8,14,14,14,12,8,8,9,11,8,8,8,14,13,14,8,14,9,10,14,14,10,11,14,0,0,0,0,-1,
0,0,0,0.0360721,0,0,1,0.0340681,0,0,14,0.0340681,0,3,14,0.0340682,0,3,49,0.0340681,0,3,50,0.0340682,0,5,7,0.0340682,0,6,58,0.0340681,0,7,0,0.0340682,1,1,0,0.0340681,1,1,1,0.0360722,1,3,0,0.0340681,1,3,1,0.0340682,2,2,56,0.0340681,2,2,57,0.0340682,2,2,58,0.0360721,2,2,60,0.0340681,2,2,61,0.0360722,2,4,0,0.0340681,2,4,14,0.0340681,2,4,21,0.0340682,2,4,42,0.0340681,2,7,0,0.0340681,3,0,0,0.0360722,3,2,0,0.0340682,3,5,0,0.0340682,3,5,49,0.0360721,4,6,7,0.0340681,4,6,49,0.0340681,
d2d4
WHITE
14,3,2,14,14,2,1,14,0,14,5,14,0,0,0,3,1,0,0,4,14,14,14,0,14,8,14,0,14,14,14,14,14,14,8,14,8,8,14,8,8,14,14,13,14,9,14,14,14,14,14,8,14,14,8,14,11,9,10,14,12,10,14,11,0,0,0,0,44,
0,1,0,0.0260521,0,1,42,0.0280561,0,2,7,0.0280561,0,2,8,0.0280561,0,2,9,0.0260521,0,2,10,0.0280561,0,2,11,0.0280561,0,2,49,0.0260521,0,6,58,0.0260521,1,2,14,0.0280561,1,2,21,0.0280561,1,2,42,0.0280561,1,4,0,0.0280561,1,4,1,0.0260521,1,5,0,0.0260521,1,5,1,0.0280561,1,6,0,0.0260521,1,6,1,0.0280561,1,7,28,0.0260521,2,0,56,0.0260521,2,0,57,0.0260521,2,2,0,0.0260521,2,2,49,0.0260521,2,3,7,0.0260521,2,3,8,0.0280561,2,3,14,0.0280561,2,3,15,0.0260521,2,3,16,0.0260521,2,3,28,0.0280561,2,3,29,0.0280561,2,3,49,0.0280561,2,3,50,0.0280561,2,3,51,0.0280561,2,7,0,0.0260521,3,3,0,0.0260521,3,3,7,0.0260521,3,3,49,0.0260521,
e5d4 (capture)
BLACK
3,14,2,4,14,2,1,3,14,0,14,14,0,14,14,14,14,14,1,14,5,14,14,0,0,14,0,8,14,0,14,14,14,14,14,14,14,14,0,14,8,14,14,14,12,8,8,9,11,8,8,8,14,13,14,8,14,9,10,14,14,10,11,14,0,0,0,0,-1,
2,4,14,0.200401,2,4,21,0.200401,2,4,35,0.198397,2,4,42,0.200401,2,4,49,0.200401,
e3f2
WHITE
14,3,2,14,14,2,1,14,0,14,5,14,0,0,0,3,1,0,0,4,14,14,14,0,14,8,14,14,14,14,14,14,14,14,8,14,0,8,14,8,8,14,14,14,14,9,14,14,14,14,13,8,14,14,8,14,11,9,10,14,12,10,14,11,0,0,0,0,-1,
0,1,0,0.0240481,0,1,42,0.0260521,0,2,7,0.0240481,0,2,8,0.0260521,0,2,9,0.0240481,0,2,10,0.0240481,0,2,11,0.0260521,0,2,49,0.0240481,0,6,58,0.0240481,1,2,14,0.0260521,1,2,21,0.0260521,1,2,42,0.0260521,1,4,0,0.0260521,1,4,1,0.0240481,1,5,0,0.0240481,1,5,1,0.0260521,1,6,0,0.0240481,1,6,1,0.0260521,1,7,28,0.0240481,2,0,56,0.0240481,2,0,57,0.024048,2,2,0,0.0240481,2,2,49,0.0240481,2,3,0,0.0260521,2,3,1,0.0240481,2,3,2,0.0260521,2,3,3,0.0260521,2,3,7,0.0240481,2,3,8,0.0260521,2,3,14,0.0240481,2,3,15,0.0240481,2,3,16,0.0240481,2,3,28,0.0240481,2,3,29,0.0260521,2,3,49,0.0260521,2,3,50,0.0260521,2,3,51,0.0260521,2,7,0,0.0240481,4,4,0,0.0260521,4,4,7,0.0260521,
f8d6
BLACK
3,14,2,4,14,2,1,3,14,0,14,14,0,5,14,14,14,14,1,14,14,14,14,0,0,14,0,8,14,0,14,14,14,14,14,14,14,14,0,14,8,14,14,10,12,8,8,9,11,8,8,8,14,13,14,8,14,9,10,14,14,14,11,14,0,0,0,0,-1,
0,0,0,0.0320641,0,0,1,0.0300601,0,0,14,0.0300601,0,2,7,0.0300601,0,2,8,0.0300601,0,3,0,0.0300601,0,3,1,0.0300601,0,3,2,0.0300601,0,3,14,0.0300601,0,3,49,0.0300601,0,3,50,0.0300601,0,5,7,0.0300601,0,6,58,0.0300601,0,7,0,0.0300601,1,1,0,0.0300601,1,1,1,0.0320641,1,4,0,0.0300601,1,4,1,0.0300601,1,5,0,0.0300601,1,5,7,0.0300601,1,5,14,0.0300601,1,5,35,0.0300601,2,2,56,0.0300601,2,2,57,0.0300601,2,2,58,0.0300601,2,2,60,0.0300601,2,2,61,0.0320642,2,7,0,0.0300601,3,0,0,0.0320641,3,2,0,0.0300601,3,5,0,0.0300601,4,6,7,0.0300601,4,6,49,0.0300601,
c1e3
WHITE
14,3,14,14,14,2,1,14,0,14,5,14,0,0,0,3,1,0,0,4,2,14,14,0,14,8,14,14,14,14,14,14,14,14,8,14,0,8,14,8,8,14,14,10,14,9,14,14,14,14,13,8,14,14,8,14,11,9,10,14,12,14,14,11,0,0,0,0,-1,
0,1,0,0.0240481,0,1,14,0.024048,0,1,15,0.0260521,0,1,16,0.0260521,0,1,42,0.0260521,0,6,58,0.0240481,1,2,14,0.0260521,1,2,21,0.0260521,1,2,28,0.0240481,1,2,42,0.0260521,1,5,0,0.0240481,1,5,1,0.0260521,1,6,0,0.0240481,1,6,1,0.0260521,1,7,28,0.0240481,2,0,56,0.0240481,2,0,57,0.0240481,2,2,0,0.0240481,2,2,49,0.0240481,2,3,0,0.0260521,2,3,1,0.0240481,2,3,2,0.0260521,2,3,7,0.0240481,2,3,8,0.0260521,2,3,28,0.0260521,2,3,29,0.0260521,2,3,49,0.0260521,2,3,50,0.0260521,2,3,51,0.0260521,2,4,7,0.0240481,2,4,8,0.0240481,2,4,9,0.0240481,2,4,35,0.0240481,2,4,36,0.0260521,2,4,49,0.0240481,2,4,50,0.0240481,2,7,0,0.0240481,4,4,0,0.0260521,4,4,7,0.0260521,4,4,49,0.0240481,
e6e4
BLACK
3,14,14,4,14,2,1,3,14,0,14,14,0,5,14,14,14,14,1,14,2,14,14,0,0,14,0,8,12,0,14,14,14,14,14,14,14,14,0,14,8,14,14,10,14,8,8,9,11,8,8,8,14,13,14,8,14,9,10,14,14,14,11,14,0,0,0,0,-1,
0,0,0,0.0300601,0,0,1,0.0300601,0,0,14,0.0300601,0,0,15,0.0300601,0,3,0,0.0300601,0,3,1,0.0300601,0,3,2,0.0300601,0,3,14,0.0300601,0,3,42,0.0320641,0,3,43,0.0300601,0,3,49,0.0300601,0,3,50,0.0300601,0,5,7,0.0300601,0,6,58,0.0300601,0,7,0,0.0300601,1,1,0,0.0300601,1,1,1,0.0320641,1,5,7,0.0300601,1,5,35,0.0300601,2,2,56,0.0300601,2,2,57,0.0300601,2,2,58,0.0300601,2,2,60,0.0300601,2,2,61,0.0300601,2,4,35,0.0300601,2,4,36,0.0320641,2,4,49,0.0300601,2,7,0,0.0300601,3,0,0,0.0320642,3,2,0,0.0300601,3,5,0,0.0300601,4,6,7,0.0300601,4,6,49,0.0300601,
d1d2
WHITE
14,3,14,14,14,2,1,14,0,14,5,14,0,0,0,3,1,0,0,14,2,14,14,0,14,8,14,14,14,14,14,14,14,14,8,4,0,8,14,8,8,14,14,10,14,9,14,14,14,14,13,8,12,14,8,14,11,9,10,14,14,14,14,11,0,0,0,0,-1,
0,1,0,0.0220441,0,1,14,0.02004,0,1,15,0.0220441,0,1,16,0.0220441,0,1,42,0.0220441,0,6,58,0.0220441,1,2,7,0.0220441,1,2,14,0.0220441,1,2,21,0.0220441,1,2,28,0.0220441,1,2,42,0.0220441,1,5,0,0.02004,1,5,1,0.0220441,1,6,0,0.0220441,1,6,1,0.0220441,1,7,28,0.0220441,2,0,56,0.0220441,2,0,57,0.02004,2,2,0,0.0220441,2,2,49,0.0220441,2,4,7,0.02004,2,4,8,0.0220441,2,4,9,0.0220441,2,4,35,0.0200401,2,4,36,0.0220441,2,4,49,0.0220441,2,4,50,0.0220441,2,7,0,0.0200401,4,3,0,0.0220441,4,3,7,0.0220441,4,3,8,0.0220441,4,3,9,0.0220441,4,3,21,0.0220441,4,3,22,0.0220441,4,3,28,0.0220441,4,3,29,0.0220441,4,3,30,0.0220441,4,3,31,0.0220441,4,3,35,0.0220441,4,3,42,0.0220441,4,3,49,0.0220441,4,3,50,0.0220441,4,3,51,0.0220441,4,4,0,0.0220441,4,4,7,0.0220441,4,4,49,0.02004,
h6f5
BLACK
3,14,14,14,14,2,1,3,14,0,14,4,0,5,14,14,14,14,1,14,2,14,14,0,0,14,0,8,12,0,14,14,14,14,14,14,14,9,0,14,8,14,14,10,14,8,8,14,11,8,8,8,14,13,14,8,14,9,10,14,14,14,11,14,0,0,0,0,-1,
0,0,0,0.0360722,0,0,1,0.0340681,0,0,14,0.0340681,0,0,15,0.0340681,0,0,16,0.0360721,0,0,17,0.0340682,0,5,7,0.0340682,0,6,58,0.0340681,0,7,0,0.0340681,1,1,0,0.0340681,1,1,1,0.0360722,1,3,0,0.0340681,1,3,1,0.0340681,1,3,21,0.0340682,1,3,28,0.0340682,1,3,35,0.0340681,1,3,42,0.0340682,1,5,35,0.0340681,2,2,56,0.0340681,2,2,57,0.0340682,2,2,58,0.0340682,2,2,60,0.0340681,2,2,61,0.0360721,2,2,62,0.0360721,2,4,49,0.0340682,2,7,0,0.0340681,3,0,0,0.0360722,3,2,0,0.0340682,4,6,49,0.0340681,
a1a3
WHITE
14,3,14,14,14,2,1,14,0,14,5,14,0,0,0,3,14,0,0,14,2,14,14,0,14,8,1,14,14,14,14,14,14,14,8,4,0,8,14,8,8,14,14,10,14,9,14,11,14,14,13,8,12,14,8,14,11,9,10,14,14,14,14,14,0,0,0,0,-1,
0,1,0,0.0200401,0,1,14,0.0180361,0,1,15,0.0200401,0,1,16,0.0200401,0,1,42,0.0200401,0,6,58,0.0200401,1,0,0,0.0200401,1,0,1,0.0200401,1,2,7,0.02004,1,2,14,0.0200401,1,2,21,0.0200401,1,2,28,0.0200401,1,2,42,0.0200401,1,5,0,0.0200401,1,5,1,0.0200401,1,6,0,0.02004,1,6,1,0.0200401,1,7,28,0.02004,2,2,49,0.0200401,2,4,7,0.02004,2,4,8,0.0200401,2,4,9,0.0200401,2,4,35,0.0200401,2,4,36,0.0200401,2,4,49,0.0200401,2,4,50,0.0200401,2,7,0,0.02004,3,2,57,0.0200401,3,2,58,0.0200401,3,2,59,0.02004,3,2,60,0.02004,3,2,61,0.0200401,3,2,62,0.0200401,4,3,0,0.0200401,4,3,7,0.0200401,4,3,8,0.02004,4,3,9,0.0200401,4,3,21,0.0200401,4,3,22,0.0200401,4,3,28,0.0200401,4,3,29,0.0200401,4,3,30,0.0200401,4,3,31,0.02004,4,3,42,0.0200401,4,3,49,0.0200401,4,3,50,0.02004,4,3,51,0.0200401,4,4,0,0.0200401,4,4,7,0.0200401,4,4,49,0.02004,
f7e7
BLACK
14,14,14,14,14,2,1,3,14,0,14,4,0,5,14,14,3,14,1,14,2,14,14,0,0,14,0,8,12,0,14,14,14,14,14,14,14,9,0,14,8,14,14,10,14,8,8,14,11,8,8,8,13,14,14,8,14,9,10,14,14,14,11,14,0,0,0,0,-1,
0,5,7,0.0380762,0,6,58,0.0380762,0,7,0,0.0380762,1,1,0,0.0380762,1,1,1,0.0400802,1,3,0,0.0380762,1,3,1,0.0380761,1,3,21,0.0380761,1,3,28,0.0380761,1,3,35,0.0380761,1,3,42,0.0380762,1,5,35,0.0380762,2,0,14,0.0380761,2,0,28,0.0380762,2,0,29,0.0380762,2,2,56,0.0380762,2,2,57,0.0380761,2,2,58,0.0400802,2,2,60,0.0380762,2,2,61,0.0400802,2,2,62,0.0400802,2,4,49,0.0380761,2,7,0,0.0380762,3,0,0,0.0400802,3,2,0,0.0380762,4,6,49,0.0380762,
h3h4
WHITE
14,3,14,14,14,2,1,14,0,14,14,5,0,0,0,3,14,0,0,14,2,14,14,0,14,8,1,14,14,14,14,14,8,14,8,4,0,8,14,8,14,14,14,10,14,9,14,11,14,14,13,8,12,14,8,14,11,9,10,14,14,14,14,14,0,0,0,0,-1,
0,1,0,0.0220441,0,1,14,0.0220441,0,1,15,0.0220441,0,1,16,0.0240481,0,1,42,0.0220441,0,6,58,0.0220441,1,0,0,0.0220441,1,0,1,0.0220441,1,3,0,0.0220441,1,3,21,0.0220441,1,3,28,0.0220441,1,3,35,0.0220441,1,3,42,0.0220441,1,5,0,0.0220441,1,5,1,0.0220441,1,6,0,0.0220441,1,6,1,0.0220441,1,7,28,0.0220441,2,2,49,0.0220441,2,4,7,0.0220441,2,4,8,0.0220441,2,4,9,0.0220441,2,4,49,0.0220441,2,4,50,0.0220441,2,7,0,0.0220441,3,2,57,0.0220441,3,2,58,0.0240481,3,2,59,0.0220441,3,2,60,0.0220441,3,2,61,0.0220441,4,3,0,0.0220441,4,3,7,0.0220441,4,3,8,0.0220441,4,3,9,0.0220441,4,3,21,0.0240481,4,3,22,0.0220441,4,3,28,0.0220441,4,3,29,0.0220441,4,3,42,0.0220441,4,3,49,0.0220441,4,3,50,0.0220441,4,3,51,0.0220441,4,4,0,0.0220441,4,4,7,0.0240481,4,4,49,0.0220441,
e4d5
BLACK
14,14,14,14,14,2,1,3,14,0,14,4,0,5,14,14,3,14,1,14,2,14,14,14,0,14,0,8,14,0,14,0,14,14,14,12,14,9,0,14,8,14,14,10,14,8,8,14,11,8,8,8,13,14,14,8,14,9,10,14,14,14,11,14,0,0,0,0,-1,
0,5,7,0.0340681,0,5,8,0.0320641,0,6,57,0.0340681,0,6,58,0.0340681,0,7,0,0.0340682,0,7,1,0.0340681,1,1,0,0.0320641,1,1,1,0.0340681,1,3,0,0.0320641,1,3,1,0.0340681,1,3,21,0.0320641,1,3,28,0.0340682,1,3,35,0.0320641,1,3,42,0.0320641,1,5,35,0.0320641,2,0,14,0.0320641,2,0,28,0.0340681,2,0,29,0.0340681,2,2,56,0.0320641,2,2,57,0.0340681,2,2,58,0.0340682,2,2,60,0.0340681,2,2,61,0.0340681,2,2,62,0.0340681,2,4,49,0.0340681,3,0,0,0.0340681,3,2,0,0.0340681,3,2,7,0.0320641,3,7,0,0.0320641,4,6,49,0.0340681,
c3d5 (capture)
WHITE
14,3,14,14,14,2,1,14,0,14,14,5,0,0,0,3,14,0,0,14,2,14,14,0,14,8,1,14,9,14,14,14,8,14,8,14,0,8,14,8,14,14,14,10,14,14,14,11,14,14,13,8,12,14,8,14,11,9,10,14,14,14,14,14,0,0,0,0,-1,
1,3,0,0.200401,1,3,21,0.198397,1,3,28,0.200401,1,3,35,0.200401,1,3,42,0.200401,
e7e6
BLACK
14,14,14,14,14,2,1,3,14,0,14,4,0,5,14,14,3,14,14,14,2,14,14,14,0,14,0,8,14,0,14,0,14,14,14,1,14,9,0,14,8,14,14,10,13,8,8,14,11,8,8,8,14,14,14,8,14,9,10,14,14,14,11,14,0,0,0,0,-1,
0,5,7,0.0280561,0,5,8,0.0280561,0,6,57,0.0280561,0,6,58,0.0280561,0,7,0,0.0280561,0,7,1,0.0280561,1,1,0,0.0280561,1,1,1,0.0280561,1,3,0,0.0280561,1,3,1,0.0280561,1,3,21,0.0280561,1,3,28,0.0280561,1,3,35,0.0280561,1,3,42,0.0280561,1,3,49,0.0280561,1,3,50,0.0280561,1,3,51,0.0280561,1,5,0,0.0260521,1,5,14,0.0280561,1,5,35,0.0280561,2,0,14,0.0260521,2,0,15,0.0280561,2,0,16,0.0280561,2,0,28,0.0280561,2,0,29,0.0280561,2,4,49,0.0280561,3,0,0,0.0280561,3,2,0,0.0280561,3,7,0,0.0280561,4,3,56,0.0260522,4,3,57,0.0260521,4,3,58,0.0280561,4,3,59,0.0280561,4,3,60,0.0260521,4,3,61,0.0280561,4,6,49,0.0280561,
d2c3
WHITE
14,3,14,14,14,2,1,14,0,14,14,14,0,0,0,3,14,0,0,5,2,14,14,0,14,8,1,14,9,14,14,14,8,14,8,14,0,8,14,8,14,14,14,10,14,12,14,11,14,14,13,8,14,14,8,14,11,9,10,14,14,14,14,14,0,0,0,0,-1,
0,1,0,0.0265984,0,1,14,0.0265984,0,1,15,0.0344327,0,1,16,0.0344327,0,1,42,0.0344327,0,6,58,0.0344326,1,0,0,0.0344326,1,0,1,0.0344327,1,5,0,0.0265984,1,5,1,0.0344327,1,6,0,0.0265984,1,6,1,0.0344327,1,7,28,0.0344327,2,2,49,0.0265984,2,3,35,0.0344327,2,4,7,0.0265984,2,4,8,0.0344326,2,4,9,0.0344327,2,4,35,0.0265984,2,4,36,0.0344327,2,4,49,0.0344326,2,4,50,0.0344327,2,7,0,0.0265984,3,2,57,0.0265984,3,2,58,0.0344327,3,2,59,0.0265984,3,2,60,0.0265985,3,2,61,0.0344327,3,2,62,0.0344327,4,4,0,0.0265984,4,4,7,0.0344327,4,4,49,0.0265984,
d6b4
BLACK
14,14,14,14,14,2,1,3,14,0,14,14,0,5,14,14,3,14,4,14,2,14,14,14,0,10,0,8,14,0,14,0,14,14,14,1,14,9,0,14,8,14,14,14,13,8,8,14,11,8,8,8,14,14,14,8,14,9,10,14,14,14,11,14,0,0,0,0,-1,
0,5,7,0.0292584,0,5,8,0.0292584,0,6,57,0.0292584,0,6,58,0.0292584,0,7,0,0.0292584,0,7,1,0.0292584,1,1,0,0.0292584,1,5,0,0.0292584,1,5,14,0.0292585,1,5,35,0.0292585,2,0,14,0.0292585,2,0,28,0.0292585,2,0,29,0.0292585,2,2,7,0.0378762,2,2,14,0.0292585,2,2,21,0.0292585,2,2,22,0.0292585,2,2,28,0.0292585,2,2,29,0.0378762,2,2,42,0.0292584,2,2,49,0.0292584,2,4,35,0.0292584,2,4,36,0.0378762,2,4,49,0.0292585,3,0,0,0.0378762,3,2,0,0.0292585,3,7,0,0.0292584,4,3,56,0.0292584,4,3,57,0.0292584,4,3,58,0.0292585,4,3,59,0.0292585,4,3,60,0.0292585,4,6,49,0.0292585,
g1f3
WHITE
14,3,14,14,14,2,1,14,0,14,14,14,0,0,0,3,14,0,0,5,14,14,14,0,14,8,1,14,9,14,14,14,8,14,8,14,0,8,2,8,14,14,9,10,14,12,14,11,14,14,13,8,14,14,8,14,11,14,10,14,14,14,14,14,0,0,0,0,-1,
0,1,0,0.0263702,0,1,14,0.0263702,0,1,15,0.0347509,0,1,16,0.0347509,0,1,42,0.0263702,0,6,58,0.0263702,1,0,0,0.0263702,1,0,1,0.0347509,1,4,0,0.0347509,1,5,0,0.0263702,1,5,1,0.0347509,1,6,0,0.0263702,1,6,1,0.0347509,1,7,28,0.0263702,2,2,49,0.0263702,2,3,14,0.0263702,2,3,35,0.0263702,2,7,0,0.0263702,3,2,57,0.0263702,3,2,58,0.0347509,3,2,59,0.0263702,3,2,60,0.0263702,3,2,61,0.0263702,3,2,62,0.0263702,3,2,63,0.0263702,4,4,0,0.0196054,4,4,7,0.0347509,4,4,49,0.0263702,4,6,7,0.0263702,4,6,21,0.0263702,4,6,35,0.0263702,4,6,36,0.0263702,4,6,37,0.0347509,4,6,38,0.0263702,4,6,49,0.0347509,
g8d8
BLACK
14,14,14,14,14,2,14,3,14,0,14,14,0,5,14,14,3,14,4,14,2,1,14,14,0,10,0,8,14,0,14,0,14,14,14,1,14,9,0,14,8,14,14,14,13,8,8,14,11,8,8,8,14,14,14,8,14,9,10,11,14,14,14,14,0,0,0,0,-1,
0,5,7,0.0251729,0,5,8,0.0251729,0,7,0,0.0251729,0,7,1,0.0251729,0,7,42,0.0251729,1,1,0,0.0251729,1,5,14,0.0251729,1,5,21,0.0338589,1,5,35,0.0251729,2,0,14,0.0251729,2,0,28,0.0251729,2,0,29,0.0251729,2,2,7,0.0338589,2,2,14,0.0251729,2,2,21,0.0251729,2,2,22,0.0251729,2,2,28,0.0251729,2,2,29,0.0338589,2,2,42,0.0251729,2,2,49,0.0251729,2,4,35,0.0251729,2,4,36,0.0338589,2,4,49,0.0251729,2,5,58,0.0251729,2,5,59,0.0251729,2,5,60,0.0251729,2,5,61,0.0251729,2,5,62,0.0251729,2,5,63,0.0251729,3,0,0,0.0338589,3,2,0,0.0251729,3,7,0,0.0251729,4,3,56,0.0251729,4,3,57,0.0251729,4,3,58,0.0251729,4,3,59,0.0251729,4,3,60,0.0251729,4,6,49,0.0251729,
e3c1
WHITE
14,14,14,14,3,2,1,14,0,14,14,14,0,0,0,3,14,0,0,5,14,14,14,0,14,8,1,14,9,14,14,14,8,14,8,14,0,8,2,8,14,14,9,14,14,12,14,11,14,14,13,8,14,14,8,14,11,14,10,14,14,10,14,14,0,0,0,0,-1,
0,4,42,0.0292128,0,4,43,0.0292128,0,4,44,0.0292128,0,4,45,0.0378171,0,6,58,0.0292128,1,0,0,0.0292128,1,0,1,0.0378171,1,4,0,0.0292128,1,5,0,0.0292128,1,5,1,0.0292128,1,6,0,0.0292128,1,6,1,0.0292129,1,7,28,0.0292128,2,2,49,0.0292128,2,3,14,0.0292129,2,3,35,0.0292129,2,7,0,0.0292128,3,2,57,0.0292128,3,2,58,0.0378171,3,2,59,0.0292128,3,2,60,0.0292128,3,2,61,0.0292129,3,2,62,0.0292129,3,2,63,0.0292128,4,4,0,0.0221677,4,4,7,0.0378171,4,6,7,0.0292128,4,6,21,0.0292128,4,6,35,0.0292128,4,6,36,0.0292128,4,6,37,0.0292129,4,6,38,0.0292128,4,6,49,0.0378172,
f5g7
BLACK
14,14,2,14,14,2,14,3,14,0,14,14,0,5,14,14,3,14,4,14,14,1,14,14,0,10,0,8,14,0,14,0,14,14,14,1,14,14,0,14,8,14,14,14,13,8,8,14,11,8,8,8,14,14,9,8,14,9,10,11,14,14,14,14,0,0,0,0,-1,
0,2,7,0.0246729,0,2,8,0.0246729,0,5,7,0.0246729,0,5,8,0.0246729,0,7,0,0.0246729,0,7,1,0.0246729,0,7,42,0.0246729,1,1,0,0.0246729,1,4,0,0.0246729,1,4,1,0.0246729,1,5,7,0.0246729,1,5,14,0.0246729,1,5,21,0.0246729,1,5,35,0.0246729,2,0,14,0.0174207,2,0,28,0.0246729,2,0,29,0.0246729,2,2,7,0.0246729,2,2,14,0.0246729,2,2,15,0.0246729,2,2,21,0.0246729,2,2,22,0.0246729,2,2,28,0.0246729,2,2,42,0.0174206,2,2,49,0.0246729,2,5,58,0.0174207,2,5,59,0.0246729,2,5,60,0.0246729,2,5,61,0.0246729,2,5,62,0.0246729,2,5,63,0.0246729,3,0,0,0.0246729,3,2,0,0.0246729,3,5,0,0.0246729,3,7,0,0.0246729,4,3,56,0.0174207,4,3,57,0.0174206,4,3,58,0.0246729,4,3,59,0.0246729,4,3,60,0.0246729,4,3,62,0.0246729,4,6,49,0.0246729,
c3d4 (capture)
WHITE
14,14,14,14,3,2,1,14,0,1,14,14,0,0,0,3,14,0,0,5,14,14,14,0,14,8,14,14,9,14,14,14,8,14,8,14,12,8,2,8,14,14,9,14,14,14,14,11,14,14,13,8,14,14,8,14,11,14,10,14,14,10,14,14,0,0,0,0,-1,
0,4,42,0.0314235,0,4,43,0.0314235,0,4,44,0.0314235,0,4,45,0.0400471,0,6,58,0.0314235,1,0,0,0.0314235,1,0,1,0.0400471,1,1,57,0.0314235,1,1,58,0.0314235,1,1,63,0.0314236,1,4,0,0.0314235,1,5,0,0.0314236,1,5,1,0.0314235,1,6,0,0.0314236,1,6,1,0.0314235,1,7,28,0.0314236,2,2,0,0.0314235,2,2,49,0.0314235,2,3,14,0.0314235,2,3,35,0.0314235,2,3,49,0.0314235,2,7,0,0.0314235,4,6,7,0.0314235,4,6,21,0.0314236,4,6,35,0.0314234,4,6,36,0.0314235,4,6,37,0.0314235,4,6,38,0.0314235,4,6,49,0.0314235,4,6,50,0.0314235,4,6,51,0.0400471,
h7h6
BLACK
14,14,2,14,14,2,14,3,14,0,14,14,0,5,14,14,3,14,14,14,14,1,14,14,0,10,0,4,14,0,14,0,14,14,14,1,14,14,0,14,8,14,14,14,13,8,8,8,11,8,8,8,14,14,9,14,14,9,10,11,14,14,14,14,0,0,0,0,-1,
0,2,7,0.0163848,0,2,8,0.0163848,0,5,7,0.0163848,0,5,8,0.0163848,0,7,0,0.0163848,0,7,1,0.0163848,0,7,42,0.0163848,1,1,0,0.0163848,1,4,0,0.0163848,1,4,1,0.0163848,1,5,7,0.0163848,1,5,14,0.0163848,1,5,21,0.0163848,1,5,49,0.0163848,2,0,14,0.0163848,2,0,15,0.0163848,2,0,16,0.0163848,2,0,17,0.0163848,2,0,28,0.0163848,2,0,29,0.0163848,2,5,58,0.0163848,2,5,60,0.0163848,2,5,61,0.0163848,2,5,62,0.0163848,2,5,63,0.0163848,3,0,0,0.0163848,3,2,0,0.0163848,3,3,7,0.0163848,3,3,8,0.213529,3,3,14,0.0163848,3,3,21,0.0163848,3,3,28,0.0163848,3,3,29,0.0163848,3,3,30,0.0163848,3,3,35,0.0163848,3,3,49,0.0163848,3,3,50,0.0163848,3,3,51,0.0163848,3,5,0,0.0163848,3,7,0,0.0163847,4,3,56,0.0163848,4,3,57,0.0163848,4,3,58,0.0163848,4,3,59,0.0163848,4,3,60,0.0163848,4,3,61,0.0163848,4,3,62,0.0163848,4,6,7,0.0163848,4,6,49,0.0163848,
d4f6 (capture)
WHITE
1 WINNER!
