3,1,2,4,5,2,1,3,0,0,0,0,0,0,0,0,14,14,14,14,14,14,14,14,14,14,14,14,14,14,14,14,14,14,14,14,14,14,14,14,14,14,14,14,14,14,14,14,8,8,8,8,8,8,8,8,11,9,10,12,13,10,9,11,1,1,1,1,-1,
0,1,57,0.0501002,0,1,58,0.0501002,0,6,57,0.0501002,0,6,58,0.0501002,1,0,0,0.0501002,1,0,1,0.0501002,1,1,0,0.0501002,1,1,1,0.0501002,1,2,0,0.0501002,1,2,1,0.0501002,1,3,0,0.0501002,1,3,1,0.0480961,1,4,0,0.0501002,1,4,1,0.0501002,1,5,0,0.0501002,1,5,1,0.0501002,1,6,0,0.0501002,1,6,1,0.0501002,1,7,0,0.0501002,1,7,1,0.0501002,
f2f4
WHITE
3,1,2,5,4,2,1,3,0,0,0,0,0,0,0,0,14,14,14,14,14,14,14,14,14,14,14,14,14,14,14,14,14,14,8,14,14,14,14,14,14,14,14,14,14,14,14,14,8,8,14,8,8,8,8,8,11,9,10,13,12,10,9,11,1,1,1,1,42,
0,1,57,0.0501002,0,1,58,0.0501002,0,6,57,0.0501002,0,6,58,0.0501002,1,0,0,0.0501002,1,0,1,0.0501002,1,1,0,0.0501002,1,1,1,0.0501002,1,2,0,0.0501002,1,2,1,0.0501002,1,3,0,0.0501002,1,3,1,0.0480961,1,4,0,0.0501002,1,4,1,0.0501002,1,5,0,0.0501002,1,5,1,0.0501002,1,6,0,0.0501002,1,6,1,0.0501002,1,7,0,0.0501002,1,7,1,0.0501002,
c7c6
BLACK
3,1,2,4,5,2,1,3,0,0,0,0,0,14,0,0,14,14,14,14,14,14,14,14,14,14,14,14,14,0,14,14,14,14,14,14,14,14,14,14,14,14,8,14,14,14,14,14,8,8,14,8,8,8,8,8,11,9,10,12,13,10,9,11,1,1,1,1,-1,
0,1,57,0.0501002,0,1,58,0.0501002,0,4,7,0.0501002,0,6,57,0.0501002,0,6,58,0.0501002,1,0,0,0.0501002,1,0,1,0.0501002,1,1,0,0.0501002,1,1,1,0.0501002,1,2,0,0.0501002,1,2,1,0.0501002,1,3,0,0.0501002,1,3,1,0.0480961,1,4,0,0.0501002,1,4,1,0.0501002,1,6,0,0.0501002,1,6,1,0.0501002,1,7,0,0.0501002,1,7,1,0.0501002,3,5,0,0.0501002,
d2d3
WHITE
3,1,2,5,4,2,1,3,0,0,0,0,0,14,0,0,14,14,14,14,14,0,14,14,14,14,14,14,14,14,14,14,14,14,8,14,14,14,14,14,14,14,14,14,8,14,14,14,8,8,14,8,14,8,8,8,11,9,10,13,12,10,9,11,1,1,1,1,-1,
0,1,57,0.0480962,0,1,58,0.0460922,0,4,7,0.0480962,0,4,8,0.0480962,0,4,9,0.0480962,0,6,57,0.0480962,1,0,0,0.0480962,1,0,1,0.0480962,1,1,0,0.0480962,1,1,1,0.0480962,1,2,0,0.0480962,1,2,1,0.0460922,1,3,0,0.0460922,1,3,1,0.0460922,1,4,0,0.0480962,1,4,1,0.0480962,1,6,0,0.0460922,1,6,1,0.0480962,1,7,0,0.0480962,1,7,1,0.0480962,2,5,0,0.0480962,
g8h6
BLACK
3,1,2,4,5,2,1,3,0,0,0,14,0,14,0,0,14,14,14,0,14,14,14,14,14,14,14,14,14,0,14,14,14,14,14,14,14,14,14,14,14,14,8,14,14,14,14,9,8,8,14,8,8,8,8,8,11,9,10,12,13,10,14,11,1,1,1,1,-1,
0,1,56,0.0400802,0,1,57,0.0420842,0,1,58,0.0400802,0,2,7,0.0420842,0,2,8,0.0420842,0,3,0,0.0420842,0,4,7,0.0420842,0,4,49,0.0420842,0,6,57,0.0420842,0,6,58,0.0420842,1,0,0,0.0420842,1,0,1,0.0420841,1,1,0,0.0420842,1,1,1,0.0420842,1,2,0,0.0420842,1,2,1,0.0400801,1,4,0,0.0400802,1,4,1,0.0420842,1,6,0,0.0400802,1,6,1,0.0420842,1,7,0,0.0420842,1,7,1,0.0420842,2,3,0,0.0420842,3,5,0,0.0420842,
b2b3
WHITE
3,14,2,5,4,2,1,3,0,0,0,0,0,14,0,0,1,14,14,14,14,0,14,14,14,14,14,14,14,14,14,14,14,14,8,14,14,14,14,14,14,14,14,14,8,14,8,14,8,8,14,8,14,8,14,8,11,9,10,13,12,10,9,11,1,1,1,1,-1,
0,0,14,0.0480962,0,4,7,0.0480962,0,4,8,0.0480962,0,4,9,0.0480962,0,6,57,0.0480962,1,1,0,0.0480962,1,1,1,0.0480962,1,2,0,0.0480962,1,2,1,0.0460922,1,3,0,0.0460922,1,3,1,0.0460922,1,4,0,0.0480962,1,4,1,0.0480962,1,6,0,0.0460922,1,6,1,0.0480962,1,7,0,0.0480962,1,7,1,0.0480962,2,0,56,0.0460922,2,0,57,0.0480962,2,0,62,0.0480962,2,5,0,0.0480962,
e7e6
BLACK
3,1,2,4,5,2,1,3,0,14,0,14,0,14,0,0,14,0,14,0,14,14,14,14,14,14,14,14,14,0,14,14,14,14,14,14,14,14,14,14,14,14,8,14,8,14,14,9,8,8,14,8,14,8,8,8,11,9,10,12,13,10,14,11,1,1,1,1,-1,
0,1,56,0.0380762,0,1,57,0.0400801,0,1,58,0.0400802,0,2,7,0.0400802,0,2,8,0.0400802,0,2,49,0.0400802,0,2,50,0.0400802,0,3,0,0.0400801,0,4,7,0.0400802,0,4,49,0.0400802,0,6,57,0.0400802,0,6,58,0.0400802,1,0,0,0.0400802,1,0,1,0.0400802,1,2,0,0.0400801,1,2,1,0.0400802,1,4,0,0.0400802,1,4,1,0.0400801,1,6,0,0.0400801,1,6,1,0.0400802,1,7,0,0.0400801,1,7,1,0.0400801,2,1,0,0.0400801,2,3,0,0.0400802,3,5,0,0.0400802,
c1b2
WHITE
3,14,2,5,4,2,1,3,0,0,0,14,0,14,0,0,1,14,14,0,14,0,14,14,14,14,14,14,14,14,14,14,14,14,8,14,14,14,14,14,14,14,14,14,8,14,8,14,8,8,14,8,14,8,10,8,11,9,10,13,12,14,9,11,1,1,1,1,-1,
0,0,14,0.0340681,0,2,7,0.0320641,0,2,8,0.0320641,0,2,9,0.0340681,0,2,10,0.0340681,0,2,11,0.0340682,0,3,0,0.0340682,0,4,7,0.0320641,0,4,8,0.0320641,0,4,9,0.0340682,0,4,49,0.0340681,0,4,50,0.0340681,0,4,51,0.0340681,0,4,52,0.0320641,0,6,57,0.0340681,1,1,0,0.0340681,1,1,1,0.0340681,1,2,0,0.0320641,1,2,1,0.0320641,1,4,0,0.0320641,1,4,1,0.0340681,1,6,0,0.0320641,1,6,1,0.0320641,1,7,0,0.0340681,1,7,1,0.0340681,2,0,56,0.0320641,2,0,57,0.0340681,2,0,62,0.0340681,2,3,0,0.0340681,2,5,0,0.0340681,
d8c7
BLACK
3,1,14,4,5,2,1,3,0,2,0,14,0,14,0,0,14,0,14,0,14,14,14,14,14,14,14,14,14,0,14,14,14,14,14,14,14,14,14,14,14,14,8,14,8,14,14,9,8,8,12,8,14,8,8,8,11,9,10,14,13,10,14,11,1,1,1,1,-1,
0,1,56,0.0340681,0,1,57,0.0340681,0,1,58,0.0340681,0,3,0,0.0340682,0,3,42,0.0340681,0,4,7,0.0340681,0,4,49,0.0340681,0,6,57,0.0340682,0,6,58,0.0360721,1,0,0,0.0360722,1,0,1,0.0340682,1,1,7,0.0340682,1,1,8,0.0340681,1,1,9,0.0340681,1,1,10,0.0360722,1,1,11,0.0340682,1,1,21,0.0340682,1,1,49,0.0360721,1,2,0,0.0340681,1,2,1,0.0340681,1,4,0,0.0340681,1,4,1,0.0340682,1,6,0,0.0340681,1,6,1,0.0340682,1,7,0,0.0340681,1,7,1,0.0360721,2,1,0,0.0340681,2,3,0,0.0360722,3,5,0,0.0340682,
e2e4
WHITE
3,14,2,5,14,2,1,3,0,0,0,14,0,4,0,0,1,14,14,0,14,0,14,14,14,14,14,14,14,14,14,14,14,14,8,8,14,14,14,14,14,14,14,14,8,14,8,14,8,8,14,14,14,8,10,8,11,9,10,13,12,14,9,11,1,1,1,1,43,
0,0,14,0.0340681,0,2,7,0.0320641,0,2,8,0.0320641,0,2,9,0.0340682,0,2,10,0.0340681,0,2,11,0.0320641,0,3,0,0.0340681,0,3,14,0.0340681,0,6,57,0.0340682,1,1,0,0.0340681,1,1,1,0.0340681,1,2,0,0.0320641,1,2,1,0.0320641,1,4,0,0.0320641,1,4,1,0.0340682,1,5,7,0.0340681,1,5,8,0.0320641,1,5,35,0.0340681,1,5,49,0.0340681,1,5,50,0.0320641,1,5,51,0.0340681,1,6,0,0.0320641,1,6,1,0.0320641,1,7,0,0.0340681,1,7,1,0.0340681,2,0,56,0.0320641,2,0,57,0.0340681,2,0,62,0.0340681,2,3,0,0.0340681,2,5,0,0.0340681,
e8e7
BLACK
3,1,14,4,5,2,1,3,0,2,0,14,14,14,0,0,14,0,14,0,14,14,14,14,14,14,14,14,0,0,14,14,14,14,14,14,14,14,14,14,14,14,8,14,8,14,14,9,8,8,12,8,13,8,8,8,11,9,10,14,14,10,14,11,1,1,0,0,-1,
0,1,56,0.0280561,0,1,57,0.0280561,0,1,58,0.0280561,0,3,0,0.0280561,0,3,7,0.0280561,0,3,8,0.0300601,0,3,9,0.0280561,0,3,10,0.0280561,0,3,42,0.0280561,0,4,0,0.0300601,0,4,7,0.0280561,0,4,49,0.0280561,0,5,49,0.0300601,0,6,57,0.0280561,0,6,58,0.0300601,0,6,59,0.0280561,1,0,0,0.0300601,1,0,1,0.0280561,1,1,7,0.0280561,1,1,8,0.0280561,1,1,9,0.0280561,1,1,10,0.0300601,1,1,11,0.0280561,1,1,21,0.0280561,1,1,49,0.0300601,1,2,0,0.0280561,1,2,1,0.0280561,1,6,0,0.0280561,1,6,1,0.0280561,1,7,0,0.0280561,1,7,1,0.0300601,2,1,0,0.0280561,2,3,0,0.0300601,3,4,0,0.0280561,3,5,0,0.0280561,
d1g4
WHITE
3,14,2,14,14,2,1,3,0,0,0,5,0,4,0,0,1,14,14,0,14,0,14,14,14,14,14,14,14,14,14,14,14,12,8,8,14,14,14,14,14,14,14,14,8,14,8,14,8,8,14,14,14,8,10,8,11,9,10,13,14,14,9,11,0,0,1,1,-1,
0,0,14,0.0380762,0,6,57,0.0380761,1,1,0,0.0380761,1,1,1,0.0380762,1,2,0,0.0380762,1,2,1,0.0380762,1,3,7,0.0400802,1,3,21,0.0400802,1,3,28,0.0380761,1,4,0,0.0380762,1,4,1,0.0380762,1,5,7,0.0380762,1,5,8,0.0380762,1,5,35,0.0380762,1,5,49,0.0380762,1,5,50,0.0380761,1,5,51,0.0400802,1,6,0,0.0380761,1,6,1,0.0380762,1,7,0,0.0380761,1,7,1,0.0380761,2,0,56,0.0380762,2,0,57,0.0380762,2,0,62,0.0400802,2,3,0,0.0400802,2,5,0,0.0380762,
b7b6
BLACK
3,1,14,14,5,2,1,3,0,2,0,14,14,14,0,0,14,0,14,0,14,14,14,14,14,14,14,14,0,0,4,14,14,14,14,14,14,14,14,14,14,8,8,14,8,14,14,9,8,14,12,8,13,8,8,8,11,9,10,14,14,10,14,11,1,1,0,0,-1,
0,1,56,0.0240481,0,1,57,0.0240481,0,1,58,0.0240481,0,4,0,0.0260521,0,4,7,0.0240481,0,4,42,0.0240481,0,4,49,0.0240481,0,5,49,0.0260521,0,6,57,0.0240481,0,6,58,0.0260521,0,6,59,0.024048,1,0,0,0.0260521,1,0,1,0.0240481,1,1,7,0.0240481,1,1,8,0.0240481,1,1,9,0.0240481,1,1,10,0.0240481,1,1,11,0.0240481,1,1,21,0.0240481,1,1,49,0.0240481,1,2,0,0.0240481,1,2,1,0.0240481,1,6,0,0.0240481,1,7,0,0.0240481,1,7,1,0.0240481,2,1,0,0.0240481,2,3,0,0.0260521,3,4,0,0.0240481,3,5,0,0.0240481,3,6,0,0.0240481,3,6,1,0.0240481,3,6,2,0.0240481,3,6,7,0.0240481,3,6,14,0.0260521,3,6,21,0.0240481,3,6,28,0.0260521,3,6,35,0.0240481,3,6,36,0.0240481,3,6,37,0.0240481,3,6,49,0.0240481,3,6,50,0.0240481,
a2a4
WHITE
3,14,2,14,14,2,1,3,0,0,0,5,0,4,14,0,1,14,14,0,14,0,0,14,14,14,14,14,14,14,14,14,14,12,8,8,14,14,14,8,14,14,14,14,8,14,8,14,8,8,14,14,14,8,10,14,11,9,10,13,14,14,9,11,0,0,1,1,47,
0,0,14,0.0380761,0,5,7,0.0380761,0,5,8,0.0380762,0,6,57,0.0380762,1,1,0,0.0380762,1,1,1,0.0380762,1,2,0,0.0380762,1,2,1,0.0380762,1,3,7,0.0400802,1,3,21,0.0400802,1,3,28,0.0380762,1,4,0,0.0380762,1,4,1,0.0380762,1,5,14,0.0380761,1,5,35,0.0380761,1,5,49,0.0380761,1,5,50,0.0380762,1,5,51,0.0400802,1,7,0,0.0380762,1,7,1,0.0380762,2,0,56,0.0380761,2,0,57,0.0380761,2,0,62,0.0400802,2,3,0,0.0400802,2,5,0,0.0380762,2,6,0,0.0380762,
e7d6
BLACK
3,1,14,14,5,2,1,3,14,2,0,14,14,14,0,0,14,0,14,0,14,14,14,14,0,14,14,14,0,0,4,14,14,14,14,14,14,14,14,14,14,8,8,13,8,14,14,9,8,14,12,8,14,8,8,8,11,9,10,14,14,10,14,11,1,1,0,0,-1,
0,0,0,0.0240481,0,0,1,0.0240481,0,1,56,0.0220441,0,1,57,0.0240481,0,1,58,0.0220441,0,4,0,0.0240481,0,4,7,0.0240481,0,4,42,0.0240481,0,4,49,0.0240481,0,5,49,0.0240481,0,6,57,0.0240481,0,6,58,0.0240481,0,6,59,0.0220441,1,1,7,0.0240481,1,1,8,0.0240481,1,1,9,0.0240481,1,1,10,0.0240481,1,1,11,0.0240481,1,1,21,0.0240481,1,1,49,0.0240481,1,2,0,0.0240481,1,2,1,0.0240481,1,6,0,0.0220441,1,7,0,0.0240481,1,7,1,0.0240481,2,1,0,0.0240481,2,3,0,0.0240481,3,0,0,0.0240481,3,4,0,0.0220441,3,5,0,0.0240481,3,6,0,0.0240481,3,6,1,0.0240481,3,6,2,0.0240481,3,6,7,0.0240481,3,6,14,0.0240481,3,6,21,0.0240481,3,6,28,0.0240481,3,6,35,0.0240481,3,6,36,0.0240481,3,6,37,0.0240481,3,6,49,0.0240481,3,6,50,0.0240481,
b2a3
WHITE
3,14,2,14,14,2,1,3,0,0,0,14,0,4,14,0,1,14,14,0,5,0,0,14,14,14,14,14,14,14,14,14,14,12,8,8,14,14,14,8,14,14,14,14,8,14,8,10,8,8,14,14,14,8,14,14,11,9,10,13,14,14,9,11,0,0,1,1,-1,
2,5,0,1,
c6c5
BLACK
3,1,14,14,5,2,1,3,14,14,0,14,14,14,0,0,2,0,14,0,14,14,14,14,0,14,14,14,0,0,4,14,14,14,8,14,14,14,14,14,14,8,14,13,8,14,14,9,8,14,12,8,14,8,8,8,11,9,10,14,14,10,14,11,1,1,0,0,-1,
0,0,0,0.0280561,0,1,56,0.0260521,0,1,57,0.0260521,0,4,0,0.0280561,0,4,7,0.0260521,0,4,42,0.0280561,0,4,49,0.0280561,0,5,49,0.0280561,0,6,57,0.0280561,0,6,58,0.0280561,0,6,59,0.0260521,1,2,0,0.0260521,1,2,1,0.0260521,1,6,0,0.0260521,1,7,0,0.0280561,1,7,1,0.0280561,2,0,7,0.0280561,2,0,8,0.0280561,2,0,21,0.0260521,2,0,22,0.0260521,2,1,0,0.0260521,2,3,0,0.0280561,3,0,0,0.0260521,3,4,0,0.0260521,3,5,0,0.0260521,3,6,0,0.0260521,3,6,1,0.0260521,3,6,2,0.0280561,3,6,7,0.0260521,3,6,14,0.0280561,3,6,21,0.0280561,3,6,28,0.0280561,3,6,35,0.0260521,3,6,36,0.0280561,3,6,37,0.0260521,3,6,49,0.0260521,3,6,50,0.0280561,
g4e6 (capture)
WHITE
3,14,2,14,14,2,1,3,0,0,0,14,0,4,14,0,1,14,14,12,5,14,0,14,14,14,14,14,14,0,14,14,14,14,8,8,14,14,14,8,14,14,14,14,8,14,8,10,8,8,14,14,14,8,14,14,11,9,10,13,14,14,9,11,0,0,1,1,-1,
1,2,7,0.332665,1,4,49,0.332665,2,4,42,0.334669,
f7e6 (capture)
BLACK
3,1,14,14,5,2,1,3,14,14,0,14,14,14,0,0,2,0,14,0,14,14,14,14,0,14,14,14,0,0,14,14,14,14,8,14,14,14,14,14,14,8,14,13,8,14,14,9,8,14,12,8,14,14,8,8,11,9,10,14,14,10,14,11,1,1,0,0,-1,
0,0,0,0.0380762,0,1,56,0.0380762,0,1,57,0.0380762,0,4,0,0.0400802,0,4,7,0.0380762,0,4,42,0.0380761,0,4,49,0.0380761,0,5,49,0.0400802,0,6,57,0.0380762,0,6,58,0.0400802,0,6,59,0.0380761,1,2,0,0.0380762,1,2,1,0.0380762,1,6,0,0.0380761,1,6,1,0.0380762,1,7,0,0.0380762,1,7,1,0.0380761,2,0,7,0.0400802,2,0,8,0.0380762,2,0,21,0.0380761,2,0,22,0.0380762,2,1,0,0.0380762,2,3,0,0.0400802,3,0,0,0.0380761,3,4,0,0.0380762,3,5,0,0.0380762,
c2c3
WHITE
3,14,2,14,14,2,1,3,0,0,14,14,0,4,14,0,1,14,14,0,5,14,0,14,14,14,14,14,14,0,14,14,14,14,8,8,14,14,14,8,14,14,14,14,8,8,8,10,8,8,14,14,14,14,14,14,11,9,10,13,14,14,9,11,0,0,1,1,-1,
0,0,14,0.0480962,0,2,7,0.0460922,0,5,7,0.0480962,0,5,8,0.0460922,0,6,57,0.0480962,0,6,58,0.0480962,1,1,0,0.0480962,1,1,1,0.0480962,1,5,0,0.0480962,1,5,14,0.0460922,1,5,35,0.0480962,1,7,0,0.0480962,1,7,1,0.0480962,2,0,56,0.0460922,2,0,57,0.0460922,2,0,62,0.0480962,2,0,63,0.0480962,2,3,0,0.0480962,2,4,14,0.0480962,2,4,35,0.0480962,2,6,0,0.0480962,
a7a5
BLACK
3,1,14,14,5,2,1,3,14,14,14,14,14,14,0,0,2,0,0,0,14,14,14,14,0,14,14,14,0,0,14,14,8,14,8,14,14,14,14,14,14,8,14,13,8,14,14,9,14,14,12,8,14,14,8,8,11,9,10,14,14,10,14,11,1,1,0,0,40,
0,0,0,0.0440882,0,1,56,0.0420842,0,4,0,0.0440882,0,4,7,0.0440882,0,4,42,0.0440882,0,4,49,0.0440882,0,5,49,0.0440882,0,6,57,0.0440882,0,6,58,0.0440882,0,6,59,0.0420842,1,6,0,0.0420842,1,6,1,0.0440882,1,7,0,0.0440882,1,7,1,0.0440882,2,0,7,0.0440882,2,0,8,0.0440882,2,0,21,0.0440882,2,0,22,0.0420842,2,1,0,0.0420842,2,2,0,0.0420842,2,3,0,0.0440882,3,4,0,0.0420842,3,5,0,0.0440882,
g1e2
WHITE
3,14,2,14,14,2,1,3,0,0,14,14,0,4,14,14,1,14,14,0,5,14,0,14,14,14,14,14,14,0,14,0,14,14,8,8,14,14,14,8,14,14,14,14,8,8,8,10,8,8,14,9,14,14,14,14,11,14,10,13,14,14,9,11,0,0,1,1,-1,
0,0,14,0.0460922,0,2,7,0.0440882,0,5,7,0.0460922,0,5,8,0.0440882,0,6,57,0.0460922,0,6,58,0.0460922,0,7,0,0.0460922,0,7,1,0.0440882,1,1,0,0.0460922,1,1,1,0.0460922,1,5,0,0.0460922,1,5,14,0.0440882,1,5,15,0.0440882,1,5,35,0.0460922,2,0,56,0.0440881,2,0,57,0.0440882,2,0,62,0.0460922,2,0,63,0.0460922,2,3,0,0.0460922,2,4,14,0.0460922,2,4,35,0.0460922,2,6,0,0.0460922,
b6b5
BLACK
3,1,14,14,5,2,14,3,14,14,14,14,1,14,0,0,2,0,0,0,14,14,14,14,0,14,14,14,0,0,14,14,8,8,8,14,14,14,14,14,14,14,14,13,8,14,14,9,14,14,12,8,14,14,8,8,11,9,10,14,14,10,14,11,1,1,0,0,-1,
0,0,0,0.0420842,0,1,56,0.0400802,0,4,7,0.0420842,0,4,42,0.0420842,0,4,49,0.0420841,0,7,42,0.0420842,1,4,56,0.0420842,1,4,58,0.0420842,1,4,60,0.0400802,1,4,63,0.0400801,1,6,0,0.0400802,1,6,1,0.0420842,1,7,0,0.0420842,1,7,1,0.0420842,2,0,7,0.0420842,2,0,8,0.0420842,2,0,21,0.0420842,2,0,22,0.0420842,2,1,0,0.0420842,2,2,0,0.0420842,2,3,0,0.0420842,3,0,7,0.0420842,3,4,0,0.0400802,3,5,0,0.0420842,
e2g3
WHITE
3,14,2,14,14,2,1,3,0,0,14,14,0,4,14,14,1,14,14,0,5,14,14,14,14,14,14,14,14,0,0,0,14,14,8,8,14,14,14,8,14,9,14,14,8,8,8,10,8,8,14,14,14,14,14,14,11,14,10,13,14,14,9,11,0,0,1,1,-1,
0,0,14,0.0420841,0,2,7,0.0400802,0,5,7,0.0420842,0,5,8,0.0420842,0,6,57,0.0420842,0,6,58,0.0420842,0,7,0,0.0420842,0,7,1,0.0400802,1,1,0,0.0420842,1,1,1,0.0420842,1,5,0,0.0420842,1,5,7,0.0420842,1,5,14,0.0400802,1,5,15,0.0400801,1,5,35,0.0420842,2,0,56,0.0400802,2,0,57,0.0420842,2,0,62,0.0420842,2,0,63,0.0420842,2,3,0,0.0420842,2,4,14,0.0420842,2,4,35,0.0420842,3,6,0,0.0420842,3,6,7,0.0420842,
g7g6
BLACK
3,1,14,14,5,2,14,3,14,14,14,14,14,14,0,0,2,0,0,0,14,14,1,14,0,14,14,14,0,0,14,14,8,8,8,14,14,14,14,14,14,14,14,13,8,14,8,9,14,14,12,8,14,14,14,8,11,9,10,14,14,10,14,11,1,1,0,0,-1,
0,0,0,0.0440882,0,1,56,0.0420842,0,4,0,0.0440882,0,4,7,0.0420842,0,4,42,0.0440882,0,4,49,0.0440882,0,5,49,0.0440882,0,7,42,0.0440882,1,7,0,0.0440882,1,7,1,0.0440882,2,0,7,0.0440882,2,0,8,0.0440882,2,0,21,0.0420842,2,0,22,0.0420842,2,1,0,0.0420842,2,2,0,0.0420842,2,3,0,0.0440882,2,6,57,0.0440882,2,6,58,0.0440882,2,6,60,0.0440882,3,0,7,0.0440882,3,4,0,0.0420842,3,5,0,0.0440882,
h1g1
WHITE
3,14,2,14,14,2,1,3,0,14,14,14,0,4,14,14,1,0,14,0,5,14,14,14,14,14,14,14,14,0,0,0,14,14,8,8,14,14,14,8,14,9,14,14,8,8,8,10,8,8,14,14,14,14,14,14,14,11,10,13,14,14,9,11,0,0,0,1,-1,
0,0,14,0.0420841,0,2,7,0.0420842,0,2,49,0.0420842,0,5,7,0.0420842,0,5,8,0.0420842,0,6,57,0.0420842,0,6,58,0.0420842,0,7,0,0.0420842,0,7,1,0.0400802,1,5,0,0.0420842,1,5,7,0.0420842,1,5,14,0.0400802,1,5,15,0.0400802,1,5,35,0.0420842,2,0,56,0.0400802,2,0,57,0.0420842,2,0,62,0.0420842,2,0,63,0.0420842,2,1,0,0.0400801,2,3,0,0.0420842,2,4,14,0.0420842,2,4,35,0.0420842,3,6,0,0.0420842,3,6,7,0.0420842,
b5a4 (capture)
BLACK
3,1,14,14,5,2,3,14,14,14,14,14,14,14,0,0,2,0,0,0,14,14,1,14,8,14,14,14,0,0,14,14,8,14,8,14,14,14,14,14,14,14,14,13,8,14,8,9,14,14,12,8,14,14,14,8,11,9,10,14,14,10,14,11,0,1,0,0,-1,
0,0,0,0.0420842,0,1,56,0.0400802,0,4,0,0.0420842,0,4,7,0.0420842,0,4,42,0.0420842,0,4,49,0.0420842,0,5,49,0.0420842,0,6,14,0.0420842,1,7,0,0.0420842,1,7,1,0.0420842,2,0,7,0.0420842,2,0,8,0.0420842,2,0,21,0.0420842,2,0,22,0.0400801,2,1,0,0.0400802,2,1,49,0.0420842,2,2,0,0.0400802,2,3,0,0.0420842,2,6,57,0.0420842,2,6,58,0.0420841,2,6,60,0.0420842,2,6,62,0.0420842,3,4,0,0.0400802,3,5,0,0.0420842,
g3e2
WHITE
3,14,2,14,14,2,1,3,0,14,14,14,0,4,14,14,1,0,14,0,5,14,14,14,14,14,14,14,14,0,14,0,14,14,8,8,14,14,14,0,14,14,14,14,8,8,8,10,8,8,14,9,14,14,14,14,14,11,10,13,14,14,9,11,0,0,0,1,-1,
0,0,14,0.0440882,0,2,7,0.0420842,0,2,49,0.0420842,0,5,7,0.0440882,0,5,8,0.0440882,0,6,57,0.0440882,0,6,58,0.0440882,0,7,0,0.0440882,0,7,1,0.0420842,1,5,0,0.0440882,1,5,7,0.0440882,1,5,14,0.0420842,1,5,15,0.0420842,1,5,35,0.0440882,2,0,56,0.0420842,2,0,57,0.0440882,2,0,62,0.0440882,2,0,63,0.0440882,2,1,0,0.0420842,2,3,0,0.0440882,2,4,14,0.0440882,2,4,35,0.0440882,4,7,49,0.0440882,
c7d8
BLACK
3,1,14,14,5,2,3,14,14,14,14,14,1,14,0,0,2,0,0,0,14,14,14,14,8,14,14,14,0,0,14,14,8,14,8,14,14,14,14,14,14,14,14,13,8,14,8,9,14,14,14,8,14,14,14,8,11,9,10,12,14,10,14,11,0,1,0,0,-1,
0,0,0,0.0440882,0,1,56,0.0420842,0,4,7,0.0440882,0,4,42,0.0440882,0,4,49,0.0440882,0,6,14,0.0440882,1,4,56,0.0420842,1,4,58,0.0440882,1,4,60,0.0420842,1,6,0,0.0420842,1,6,1,0.0440882,1,7,0,0.0440882,1,7,1,0.0440882,2,0,7,0.0440882,2,0,8,0.0440882,2,0,21,0.0440882,2,0,22,0.0420842,2,1,0,0.0440882,2,1,49,0.0440882,2,2,0,0.0420842,2,3,0,0.0440882,3,4,0,0.0420842,3,5,0,0.0440882,
b3a4 (capture)
WHITE
3,14,2,14,4,2,1,3,0,14,14,14,0,14,14,14,1,0,14,0,5,14,14,14,14,14,14,14,14,0,14,0,14,14,8,8,14,14,14,8,14,14,14,14,8,8,14,10,8,8,14,9,14,14,14,14,14,11,10,13,14,14,9,11,0,0,0,1,-1,
0,0,14,0.0400802,0,2,7,0.0400801,0,2,49,0.0400801,0,4,7,0.0400802,0,4,8,0.0400802,0,4,42,0.0400801,0,4,49,0.0400801,0,4,50,0.0400802,0,4,51,0.0400801,0,4,52,0.0400802,0,5,7,0.0400802,0,5,8,0.0400802,0,6,57,0.0400802,0,6,58,0.0400802,0,7,0,0.0400802,0,7,1,0.0400801,2,0,56,0.0380762,2,0,57,0.0400802,2,0,62,0.0400802,2,0,63,0.0400802,2,1,0,0.0400802,2,3,0,0.0400802,2,4,14,0.0400801,2,4,21,0.0400802,2,4,35,0.0400801,
d8e8
BLACK
3,1,14,14,5,2,3,14,14,14,14,14,1,14,0,0,2,14,0,0,14,14,14,14,0,14,14,14,0,0,14,14,8,14,8,14,14,14,14,14,14,14,14,13,8,14,8,9,14,14,14,8,14,14,14,8,11,9,10,14,12,10,14,11,0,1,0,0,-1,
0,0,0,0.0480962,0,1,56,0.0460922,0,4,7,0.0480962,0,4,42,0.0480962,0,4,49,0.0480962,0,6,14,0.0480962,1,4,56,0.0460922,1,4,58,0.0480962,1,4,60,0.0460922,1,6,0,0.0460922,1,6,1,0.0480962,1,7,0,0.0480962,1,7,1,0.0480962,2,0,7,0.0480962,2,0,8,0.0480962,2,0,21,0.0480962,2,0,22,0.0480962,2,2,0,0.0480962,2,3,0,0.0480962,3,4,0,0.0460922,3,5,0,0.0480962,
a3c5 (capture)
WHITE
3,14,2,4,14,2,1,3,0,14,14,14,0,14,14,14,1,0,14,0,5,14,14,14,14,14,14,14,14,10,14,0,14,14,8,8,14,14,14,8,14,14,14,14,8,8,14,14,8,8,14,9,14,14,14,14,14,11,10,13,14,14,9,11,0,0,0,1,-1,
2,4,7,0.332665,2,4,14,0.334669,2,4,21,0.332665,
d6c7
BLACK
3,1,14,14,5,2,3,14,14,14,14,14,1,14,0,0,14,14,0,0,14,14,14,14,0,14,14,14,0,0,14,14,8,14,2,14,14,14,14,14,14,14,14,14,8,14,8,9,14,14,13,8,14,14,14,8,11,9,10,14,12,10,14,11,0,1,0,0,-1,
0,0,0,0.0360721,0,0,1,0.0360721,0,1,56,0.0340681,0,1,58,0.0340682,0,4,7,0.0340681,0,4,42,0.0340682,0,4,49,0.0340681,0,6,14,0.0340681,1,4,56,0.0340681,1,4,58,0.0340681,1,4,60,0.0340681,1,6,0,0.0340681,1,6,1,0.0340681,1,7,0,0.0340681,1,7,1,0.0340682,2,2,0,0.0340682,2,3,0,0.0360722,3,4,0,0.0340681,3,5,0,0.0340681,4,2,7,0.0360722,4,2,8,0.0340682,4,2,9,0.0340681,4,2,21,0.0360722,4,2,22,0.0340682,4,2,23,0.0360721,4,2,35,0.0340682,4,2,36,0.0340682,4,2,49,0.0340682,4,2,50,0.0340681,
c5f2
WHITE
3,14,2,4,14,2,1,3,0,14,14,14,0,5,14,14,1,0,14,0,14,14,14,14,14,14,14,14,14,14,14,0,14,14,8,8,14,14,14,8,14,14,14,14,8,8,14,14,8,8,10,9,14,14,14,14,14,11,10,13,14,14,9,11,0,0,0,1,-1,
0,0,14,0.0360722,0,2,7,0.0360721,0,2,8,0.0360721,0,2,9,0.0360721,0,2,10,0.0360721,0,2,11,0.0360721,0,2,49,0.0360722,0,3,0,0.0360722,0,3,14,0.0360721,0,3,49,0.0360721,0,5,7,0.0360722,0,5,8,0.0360721,0,6,57,0.0360722,0,6,58,0.0360721,0,7,0,0.0360721,0,7,1,0.0340681,1,4,0,0.0340682,1,4,1,0.0360721,1,5,0,0.0360721,1,5,14,0.0340681,1,5,35,0.0360722,1,5,49,0.0360721,2,0,56,0.0340681,2,0,57,0.0360722,2,0,62,0.0360721,2,0,63,0.0360721,2,1,0,0.0340681,2,3,0,0.0360721,
f8b4
BLACK
3,1,14,14,5,2,3,14,14,14,14,14,1,2,0,0,14,14,0,0,14,14,14,14,0,10,14,14,0,0,14,14,8,14,14,14,14,14,14,14,14,14,14,14,8,14,8,9,14,14,13,8,14,14,14,8,11,9,10,14,12,14,14,11,0,1,0,0,-1,
0,0,0,0.0400801,0,0,1,0.0400802,0,1,56,0.0380762,0,1,58,0.0400802,0,4,42,0.0400801,0,4,49,0.0400802,0,6,14,0.0400802,1,4,56,0.0400802,1,4,58,0.0400802,1,4,60,0.0400801,1,5,7,0.0400801,1,5,8,0.0400802,1,5,49,0.0400802,1,5,50,0.0400802,1,5,51,0.0400802,1,5,52,0.0400802,1,5,53,0.0400801,1,6,0,0.0400802,1,6,1,0.0400801,1,7,0,0.0400801,1,7,1,0.0400802,2,2,49,0.0400802,2,3,0,0.0400802,3,4,0,0.0400801,3,5,0,0.0400802,
e1d1
WHITE
3,14,14,4,14,2,1,3,0,14,14,14,0,5,14,14,1,0,14,0,14,14,14,14,14,14,14,14,14,14,14,0,14,14,8,8,14,14,2,8,14,14,14,14,8,8,14,14,8,8,10,9,14,14,14,14,14,11,10,14,13,14,9,11,0,0,0,0,-1,
0,0,14,0.0320641,0,0,15,0.0320641,0,3,0,0.0320641,0,3,14,0.0320641,0,3,42,0.0320641,0,3,43,0.0340681,0,3,49,0.0320641,0,5,7,0.0320641,0,5,8,0.0320641,0,6,57,0.0320641,0,6,58,0.0320641,0,7,0,0.0340681,0,7,1,0.0320641,1,4,0,0.0320641,1,4,1,0.0320641,1,5,0,0.0320641,1,5,14,0.0320641,1,5,35,0.0320641,1,5,49,0.0320641,2,0,56,0.0320641,2,0,57,0.0320641,2,0,62,0.0320641,2,0,63,0.0320641,2,1,0,0.0320641,2,3,0,0.0320641,4,6,7,0.0340681,4,6,35,0.0320641,4,6,36,0.0320641,4,6,37,0.0320641,4,6,38,0.0320641,4,6,49,0.0320641,
e8e7
BLACK
3,1,14,5,14,2,3,14,14,14,14,14,1,2,0,0,14,14,0,0,14,14,14,14,0,10,14,14,0,0,14,14,8,14,14,14,14,14,14,14,14,14,14,14,8,14,8,9,14,14,13,8,12,14,14,8,11,9,10,14,14,14,14,11,0,0,0,0,-1,
0,0,0,0.0340682,0,0,1,0.0360722,0,1,56,0.0340681,0,1,58,0.0340682,0,3,0,0.0340682,0,3,14,0.0360721,0,3,42,0.0340681,0,3,49,0.0360721,0,6,14,0.0340681,1,4,56,0.0340681,1,4,58,0.0340682,1,4,60,0.0340681,1,5,7,0.0340682,1,5,8,0.0340681,1,5,35,0.0340681,1,5,49,0.0340681,1,5,50,0.0340681,1,5,51,0.0360722,1,5,52,0.0340681,1,5,53,0.0340682,1,6,0,0.0340681,1,6,1,0.0340681,1,7,0,0.0340682,1,7,1,0.0340682,2,2,0,0.0340682,2,2,49,0.0360722,2,3,0,0.0360721,3,4,0,0.0340681,3,5,0,0.0340681,
h2h3
WHITE
3,14,14,14,14,2,1,3,0,14,14,4,0,5,14,14,1,0,14,0,14,14,14,14,14,14,14,14,14,14,14,0,14,14,8,8,14,14,2,8,8,14,14,14,8,8,14,14,14,8,10,9,14,14,14,14,14,11,10,14,13,14,9,11,0,0,0,0,-1,
0,0,14,0.0280561,0,0,15,0.0280561,0,0,16,0.0280561,0,0,17,0.0280561,0,5,7,0.0280561,0,5,8,0.0280561,0,6,57,0.0280561,0,6,58,0.0280561,0,7,0,0.0280561,0,7,1,0.0260521,1,3,7,0.0280561,1,3,8,0.0280561,1,3,21,0.0280561,1,3,28,0.0260521,1,3,35,0.0280561,1,3,42,0.0280561,1,3,43,0.0260522,1,3,49,0.0280561,1,3,50,0.0280561,1,3,51,0.0280561,1,4,0,0.0280561,1,4,1,0.0280561,1,5,0,0.0280561,1,5,14,0.0280561,1,5,35,0.0280561,1,5,49,0.0280561,2,0,56,0.0260521,2,0,57,0.0280561,2,0,62,0.0280561,2,0,63,0.0280561,2,1,0,0.0280561,2,3,0,0.0280561,4,6,7,0.0280561,4,6,35,0.0260521,4,6,36,0.0280561,4,6,49,0.0280561,
e7d8
BLACK
3,1,14,5,14,2,3,14,14,14,14,14,1,2,0,14,14,14,0,0,14,14,14,0,0,10,14,14,0,0,14,14,8,14,14,14,14,14,14,14,14,14,14,14,8,14,8,9,14,14,13,8,14,14,14,8,11,9,10,12,14,14,14,11,0,0,0,0,-1,
0,0,0,0.0360721,0,0,1,0.0360721,0,1,56,0.0340681,0,1,58,0.0340681,0,3,0,0.0360722,0,3,14,0.0360721,0,3,42,0.0360722,0,3,49,0.0360721,0,6,14,0.0360721,1,4,56,0.0360721,1,4,58,0.0360721,1,4,60,0.0360721,1,5,7,0.0360721,1,5,8,0.0360721,1,5,35,0.0360722,1,5,49,0.0360721,1,5,50,0.0360721,1,5,51,0.0360721,1,5,52,0.0340682,1,5,53,0.0360722,1,6,0,0.0340681,1,6,1,0.0360722,2,2,0,0.0360721,2,2,49,0.0360721,2,3,0,0.0360721,2,7,0,0.0360722,3,4,0,0.0340681,3,5,0,0.0360722,
e2c1
WHITE
3,14,14,14,4,2,1,3,0,14,14,14,0,5,14,14,1,0,14,0,14,14,14,14,14,14,14,14,14,14,14,0,14,14,8,8,14,14,2,8,8,14,14,14,8,8,14,14,14,8,10,14,14,14,14,14,14,11,10,14,13,9,9,11,0,0,0,0,-1,
0,0,14,0.0292585,0,0,15,0.0378762,0,0,16,0.0292585,0,4,42,0.0292584,0,4,43,0.0292584,0,4,44,0.0292585,0,4,49,0.0292585,0,4,50,0.0292584,0,4,51,0.0292585,0,4,52,0.0292584,0,5,7,0.0292585,0,5,8,0.0292584,0,6,57,0.0292585,0,6,58,0.0292585,0,7,0,0.0378762,0,7,1,0.0292584,1,4,0,0.0292584,1,4,1,0.0292584,1,5,0,0.0292584,1,5,14,0.0292584,1,5,49,0.0292585,2,0,56,0.0292584,2,0,57,0.0292584,2,0,62,0.0292585,2,0,63,0.0292585,2,1,0,0.0292585,2,3,0,0.0378762,4,6,7,0.0378762,4,6,35,0.0292584,4,6,36,0.0292585,4,6,37,0.0292585,4,6,38,0.0292585,4,6,49,0.0292584,
d8g8
BLACK
3,1,1,5,14,2,3,14,14,14,14,14,14,2,0,14,14,14,0,0,14,14,14,0,0,10,14,14,0,0,14,14,8,14,14,14,14,14,14,14,14,14,14,14,8,14,8,9,14,14,13,8,14,14,14,8,11,9,10,14,14,14,12,11,0,0,0,0,-1,
0,0,0,0.0327425,0,0,1,0.0411535,0,1,56,0.0327425,0,1,58,0.0327425,0,2,56,0.0411535,0,2,58,0.0327426,0,2,59,0.0327426,0,3,0,0.0327426,0,3,7,0.0327426,0,3,14,0.0327426,0,3,49,0.0327426,0,5,49,0.0411535,0,6,14,0.0327426,1,5,7,0.0327426,1,5,8,0.0327425,1,5,35,0.0327426,1,5,49,0.0327426,1,5,50,0.0327426