3,1,2,4,5,2,1,3,0,0,0,0,0,0,0,0,14,14,14,14,14,14,14,14,14,14,14,14,14,14,14,14,14,14,14,14,14,14,14,14,14,14,14,14,14,14,14,14,8,8,8,8,8,8,8,8,11,9,10,12,13,10,9,11,1,1,1,1,-1,
0,1,57,0.0501002,0,1,58,0.0501002,0,6,57,0.0501002,0,6,58,0.0501002,1,0,0,0.0501002,1,0,1,0.0501002,1,1,0,0.0501002,1,1,1,0.0501002,1,2,0,0.0501002,1,2,1,0.0501002,1,3,0,0.0501002,1,3,1,0.0480961,1,4,0,0.0501002,1,4,1,0.0501002,1,5,0,0.0501002,1,5,1,0.0501002,1,6,0,0.0501002,1,6,1,0.0501002,1,7,0,0.0501002,1,7,1,0.0501002,
g2g4
WHITE
3,1,2,5,4,2,1,3,0,0,0,0,0,0,0,0,14,14,14,14,14,14,14,14,14,14,14,14,14,14,14,14,14,8,14,14,14,14,14,14,14,14,14,14,14,14,14,14,8,14,8,8,8,8,8,8,11,9,10,13,12,10,9,11,1,1,1,1,41,
0,1,57,0.0501002,0,1,58,0.0501002,0,6,57,0.0501002,0,6,58,0.0501002,1,0,0,0.0501002,1,0,1,0.0501002,1,1,0,0.0501002,1,1,1,0.0501002,1,2,0,0.0501002,1,2,1,0.0501002,1,3,0,0.0501002,1,3,1,0.0480961,1,4,0,0.0501002,1,4,1,0.0501002,1,5,0,0.0501002,1,5,1,0.0501002,1,6,0,0.0501002,1,6,1,0.0501002,1,7,0,0.0501002,1,7,1,0.0501002,
b7b6
BLACK
3,1,2,4,5,2,1,3,0,0,0,0,0,0,14,0,14,14,14,14,14,14,14,14,14,14,14,14,14,14,0,14,14,14,14,14,14,14,14,14,14,8,14,14,14,14,14,14,8,14,8,8,8,8,8,8,11,9,10,12,13,10,9,11,1,1,1,1,-1,
0,1,57,0.0480962,0,1,58,0.0460922,0,5,7,0.0480962,0,5,8,0.0480962,0,6,57,0.0480962,0,6,58,0.0480962,1,0,0,0.0480962,1,0,1,0.0480962,1,1,0,0.0480962,1,1,1,0.0480962,1,2,0,0.0480962,1,2,1,0.0460922,1,3,0,0.0460922,1,3,1,0.0460922,1,4,0,0.0460922,1,4,1,0.0480962,1,5,0,0.0480962,1,5,1,0.0480962,1,7,0,0.0480962,1,7,1,0.0480962,3,6,0,0.0480962,
f1h3
WHITE
3,1,2,5,4,2,1,3,0,0,0,0,0,0,14,0,14,14,14,14,14,14,0,14,14,14,14,14,14,14,14,14,14,8,14,14,14,14,14,14,10,14,14,14,14,14,14,14,8,14,8,8,8,8,8,8,11,9,14,13,12,10,9,11,1,1,1,1,-1,
0,1,57,0.0480962,0,1,58,0.0460922,0,5,7,0.0480962,0,5,8,0.0480962,0,6,57,0.0480962,0,6,58,0.0480962,1,0,0,0.0480962,1,0,1,0.0480962,1,1,0,0.0480962,1,1,1,0.0480962,1,2,0,0.0480962,1,2,1,0.0460922,1,3,0,0.0460922,1,3,1,0.0460922,1,4,0,0.0460922,1,4,1,0.0480962,1,5,0,0.0480962,1,5,1,0.0480962,1,7,0,0.0480962,1,7,1,0.0480962,2,6,0,0.0480962,
d7d6
BLACK
3,1,2,4,5,14,1,3,0,0,0,0,0,0,14,0,14,14,14,14,14,14,14,2,14,14,14,14,14,14,0,14,14,14,14,14,14,14,14,14,14,8,14,8,14,14,14,14,8,14,8,14,8,8,8,8,11,9,10,12,13,10,9,11,1,1,1,1,-1,
0,1,57,0.0521042,0,1,58,0.0521042,0,4,14,0.0521042,0,6,58,0.0541082,1,0,0,0.0541082,1,0,1,0.0541082,1,1,0,0.0521042,1,1,1,0.0541082,1,2,0,0.0521042,1,2,1,0.0521042,1,3,0,0.0521042,1,3,1,0.0521042,1,4,0,0.0521042,1,4,1,0.0521042,1,5,0,0.0521042,1,5,1,0.0541082,2,7,35,0.0521042,2,7,36,0.0521042,3,6,0,0.0521042,
b2b4
WHITE
3,1,2,5,4,2,1,3,0,0,0,0,14,0,14,0,14,14,14,14,0,14,0,14,14,14,14,14,14,14,14,14,14,8,14,14,14,14,8,14,10,14,14,14,14,14,14,14,8,14,8,8,8,8,14,8,11,9,14,13,12,10,9,11,1,1,1,1,46,
0,1,57,0.0360721,0,1,58,0.0360722,0,3,7,0.0380761,0,4,0,0.0380761,0,5,7,0.0380762,0,5,8,0.0360722,0,5,49,0.0380762,0,5,50,0.0360722,0,5,51,0.0380761,0,5,52,0.0360721,0,6,57,0.0380761,0,6,58,0.0380761,0,6,59,0.0360721,1,0,0,0.0380762,1,0,1,0.0380761,1,1,0,0.0360721,1,1,1,0.0360722,1,2,0,0.0360721,1,2,1,0.0360721,1,3,0,0.0360721,1,3,1,0.0360721,1,5,0,0.0360721,1,5,1,0.0380761,1,7,0,0.0380761,1,7,1,0.0380762,2,4,0,0.0360721,2,6,0,0.0380761,
g7g6
BLACK
3,1,2,4,5,14,1,3,0,14,0,0,0,0,14,0,14,14,14,14,14,14,14,2,14,0,14,14,14,14,0,14,14,14,14,14,14,14,14,14,14,8,14,8,14,14,8,14,8,14,8,14,8,8,14,8,11,9,10,12,13,10,9,11,1,1,1,1,-1,
0,1,57,0.0501002,0,1,58,0.0501002,0,2,49,0.0501002,0,2,50,0.0501002,0,4,14,0.0501002,0,6,58,0.0501002,1,0,0,0.0501002,1,0,1,0.0501002,1,2,0,0.0501002,1,2,1,0.0501002,1,3,0,0.0501002,1,3,1,0.0480961,1,4,0,0.0501002,1,4,1,0.0501002,1,5,0,0.0501002,1,5,1,0.0501002,2,7,35,0.0501002,2,7,36,0.0501002,3,1,0,0.0501002,3,6,0,0.0501002,
e2e4
WHITE
3,1,2,5,4,2,1,3,0,14,0,0,14,0,14,0,14,0,14,14,0,14,0,14,14,14,14,14,14,14,14,14,14,8,14,8,14,14,8,14,10,14,14,14,14,14,14,14,8,14,8,14,8,8,14,8,11,9,14,13,12,10,9,11,1,1,1,1,43,
0,1,57,0.0360722,0,1,58,0.0340682,0,2,49,0.0360721,0,2,50,0.0360721,0,3,7,0.0360722,0,4,0,0.0360721,0,5,7,0.0360721,0,5,8,0.0360721,0,5,49,0.0360721,0,5,50,0.0360721,0,5,51,0.0360722,0,5,52,0.0360721,0,6,57,0.0360721,0,6,58,0.0360721,0,6,59,0.0340681,1,0,0,0.0360721,1,0,1,0.0360722,1,2,0,0.0360722,1,2,1,0.0340681,1,3,0,0.0340681,1,3,1,0.0340681,1,5,0,0.0360722,1,5,1,0.0360721,1,7,0,0.0360721,1,7,1,0.0360722,2,1,0,0.0360721,2,4,0,0.0360721,2,6,0,0.0360721,
f7f6
BLACK
3,1,2,4,5,14,1,3,0,14,0,0,14,0,14,0,14,14,14,14,14,14,14,2,14,0,14,14,0,14,0,14,14,14,14,14,14,14,14,14,14,8,14,8,14,8,8,14,8,14,8,14,8,14,14,8,11,9,10,12,13,10,9,11,1,1,1,1,-1,
0,1,57,0.0440882,0,1,58,0.0420842,0,2,49,0.0440882,0,2,50,0.0440882,0,3,7,0.0440882,0,3,8,0.0440882,0,4,0,0.0440882,0,4,14,0.0420842,0,6,58,0.0440882,0,6,59,0.0420842,1,0,0,0.0440882,1,0,1,0.0440882,1,2,0,0.0440882,1,2,1,0.0420842,1,3,0,0.0420842,1,3,1,0.0420842,1,5,0,0.0440882,1,5,1,0.0440882,2,7,35,0.0440882,2,7,36,0.0440882,3,1,0,0.0440882,3,4,0,0.0420842,3,6,0,0.0440882,
c2c3
WHITE
3,1,2,5,4,2,1,3,0,14,14,0,14,0,14,0,14,0,0,14,0,14,0,14,14,14,14,14,14,14,14,14,14,8,14,8,14,14,8,14,10,14,14,14,14,8,14,14,8,14,8,14,8,14,14,8,11,9,14,13,12,10,9,11,1,1,1,1,-1,
0,1,58,0.0360722,0,2,49,0.0360721,0,2,50,0.0380762,0,3,7,0.0380761,0,3,49,0.0380761,0,4,0,0.0380761,0,5,7,0.0360721,0,5,8,0.0360722,0,5,49,0.0380762,0,5,50,0.0360722,0,5,51,0.0380762,0,5,52,0.0360721,0,6,57,0.0380761,0,6,58,0.0380761,0,6,59,0.0360721,1,0,0,0.0380761,1,0,1,0.0380761,1,3,0,0.0360721,1,3,1,0.0360721,1,5,0,0.0360721,1,5,1,0.0380761,1,7,0,0.0360722,1,7,1,0.0380761,2,1,0,0.0360721,2,2,0,0.0360721,2,4,0,0.0360721,2,6,0,0.0380762,
g6g5
BLACK
3,1,2,4,5,14,1,3,0,14,14,0,14,0,14,0,14,14,0,14,14,14,14,2,14,0,14,14,0,14,0,14,14,14,14,14,14,14,8,14,14,8,14,8,14,8,14,14,8,14,8,14,8,14,14,8,11,9,10,12,13,10,9,11,1,1,1,1,-1,
0,1,58,0.0420842,0,2,49,0.0440882,0,2,50,0.0440882,0,3,7,0.0440882,0,3,8,0.0440882,0,3,49,0.0440882,0,3,50,0.0440882,0,3,51,0.0440882,0,4,0,0.0440882,0,4,14,0.0420842,0,6,58,0.0440882,0,6,59,0.0420842,1,0,0,0.0440882,1,0,1,0.0440882,1,3,0,0.0420842,1,3,1,0.0420842,1,5,0,0.0440882,1,5,1,0.0440882,2,2,0,0.0420842,2,7,35,0.0440882,2,7,36,0.0440882,3,1,0,0.0440882,3,4,0,0.0420842,
d2d3
WHITE
3,1,2,5,4,2,1,3,0,14,14,0,14,0,14,0,14,14,0,14,0,14,0,14,14,0,14,14,14,14,14,14,14,8,14,8,14,14,8,14,10,14,14,14,8,8,14,14,8,14,8,14,14,14,14,8,11,9,14,13,12,10,9,11,1,1,1,1,-1,
0,1,58,0.0380761,0,2,49,0.0380762,0,2,50,0.0400802,0,3,7,0.0380761,0,3,49,0.0380761,0,4,0,0.0400802,0,5,7,0.0380762,0,5,8,0.0380762,0,5,49,0.0400802,0,5,50,0.0380762,0,5,51,0.0380762,0,5,52,0.0380762,0,6,57,0.0380762,0,6,58,0.0380762,0,6,59,0.0380761,1,0,0,0.0400802,1,0,1,0.0380761,1,3,0,0.0380762,1,3,1,0.0380762,1,5,0,0.0380762,1,5,1,0.0400802,1,7,0,0.0380761,1,7,1,0.0380762,2,2,0,0.0380762,2,4,0,0.0380761,2,6,0,0.0380762,
b8c6
BLACK
3,1,2,4,5,14,1,3,0,14,14,14,14,0,14,0,14,14,0,0,14,14,14,2,14,0,14,14,0,14,0,14,14,14,14,14,14,14,8,14,14,8,9,8,14,8,14,14,8,14,8,14,8,14,14,8,11,14,10,12,13,10,9,11,1,1,1,1,-1,
0,1,56,0.0340681,0,1,58,0.0340681,0,2,7,0.0340682,0,2,8,0.0340681,0,2,9,0.0340682,0,2,10,0.0340681,0,2,49,0.0340681,0,2,50,0.0360721,0,3,0,0.0340682,0,3,7,0.0340682,0,3,8,0.0340681,0,3,49,0.0340681,0,3,50,0.0340681,0,3,51,0.0360722,0,4,0,0.0360721,0,4,14,0.0340682,0,4,49,0.0340682,0,6,58,0.0340682,0,6,59,0.0340681,1,0,0,0.0360721,1,0,1,0.0340681,1,5,0,0.0340681,1,5,1,0.0360722,2,2,0,0.0340681,2,3,0,0.0360722,2,7,35,0.0340682,2,7,36,0.0340681,3,1,0,0.0340682,3,4,0,0.0340681,
e1d2
WHITE
3,1,2,5,4,2,14,3,0,14,14,0,14,0,14,0,14,14,0,14,0,1,0,14,14,0,14,14,14,14,14,14,14,8,14,8,14,14,8,14,10,14,14,14,8,8,14,14,8,14,8,14,13,14,14,8,11,9,14,14,12,10,9,11,1,1,0,0,-1,
0,1,58,0.0360721,0,2,49,0.0360722,0,2,50,0.0380761,0,3,7,0.0380761,0,3,49,0.0380761,0,4,0,0.0380762,0,5,7,0.0380761,0,5,8,0.0360721,0,5,49,0.0380761,0,5,50,0.0360721,0,5,51,0.0380761,0,5,52,0.0360721,0,7,42,0.0360722,1,0,0,0.0380762,1,0,1,0.0380761,1,3,0,0.0360721,1,3,1,0.0360721,1,7,0,0.0380761,1,7,1,0.0380762,2,2,0,0.0360721,2,4,0,0.0360721,2,5,56,0.0380762,2,5,57,0.0360721,2,5,58,0.0360722,2,5,59,0.0360722,2,5,62,0.0360721,2,6,0,0.0380761,
e8d7
BLACK
3,1,2,4,14,14,1,3,0,14,14,5,14,0,14,0,14,14,0,0,14,14,14,2,14,0,14,14,0,14,0,14,14,14,14,14,14,14,8,14,14,8,9,8,14,8,14,14,8,14,8,13,8,14,14,8,11,14,10,12,14,10,9,11,0,0,0,0,-1,
0,1,58,0.0380762,0,2,49,0.0380762,0,2,50,0.0380762,0,3,7,0.0380762,0,3,8,0.0380762,0,3,14,0.0380762,0,3,15,0.0380762,0,3,49,0.0380761,0,3,50,0.0380762,0,3,51,0.0400802,0,6,58,0.0380761,0,6,59,0.0380761,1,0,0,0.0380762,1,0,1,0.0380761,1,3,7,0.0400802,1,3,14,0.0380761,1,3,21,0.0400802,1,3,42,0.0380762,1,5,0,0.0380762,1,5,1,0.0400802,2,2,0,0.0380761,2,3,0,0.0400802,2,7,35,0.0380762,2,7,36,0.0380762,3,1,0,0.0380761,3,4,0,0.0380762,
d1f1
WHITE
3,1,2,14,4,2,14,3,0,14,14,0,5,0,14,0,14,14,0,14,0,1,0,14,14,0,14,14,14,14,14,14,14,8,14,8,14,14,8,14,10,14,14,14,8,8,14,14,8,14,8,14,13,14,14,8,11,9,12,14,14,10,9,11,0,0,0,0,-1,
0,1,58,0.0420842,0,2,49,0.0420842,0,2,50,0.0440882,0,4,42,0.0440882,0,5,7,0.0440882,0,5,8,0.0440882,0,7,42,0.0440882,1,0,0,0.0440882,1,0,1,0.0440882,1,3,0,0.0420842,1,3,1,0.0420842,1,4,35,0.0420842,1,4,49,0.0440882,1,7,0,0.0440882,1,7,1,0.0440882,2,2,0,0.0420842,2,4,0,0.0440882,2,5,56,0.0440882,2,5,57,0.0440882,2,5,58,0.0420842,2,5,59,0.0440882,2,5,62,0.0440882,2,6,0,0.0440882,
c6a5
BLACK
3,1,2,14,14,4,1,3,0,14,14,5,14,0,14,0,14,14,0,0,14,14,14,2,14,0,14,14,0,14,0,14,9,14,14,14,14,14,8,14,14,8,14,8,14,8,14,14,8,14,8,13,8,14,14,8,11,14,10,12,14,10,9,11,0,0,0,0,-1,
0,1,58,0.0400801,0,2,49,0.0420842,0,2,50,0.0420841,0,5,7,0.0420842,0,5,42,0.0400802,0,5,43,0.0420842,0,5,49,0.0420842,0,6,58,0.0420842,0,6,59,0.0400802,1,0,0,0.0420842,1,0,1,0.0420842,1,3,7,0.0420842,1,3,14,0.0420842,1,3,21,0.0420842,1,3,28,0.0400802,1,3,42,0.0420842,1,5,0,0.0420842,1,5,1,0.0420842,2,2,0,0.0420842,2,3,0,0.0420842,2,7,35,0.0420842,3,1,0,0.0420842,3,1,49,0.0420842,3,4,0,0.0400802,
a2a3
WHITE
3,1,2,14,4,2,14,3,0,14,14,0,5,0,14,0,14,14,0,14,0,14,0,14,14,0,14,14,14,14,14,1,14,8,14,8,14,14,8,14,10,14,14,14,8,8,14,8,8,14,8,14,13,14,14,14,11,9,12,14,14,10,9,11,0,0,0,0,-1,
0,1,58,0.0400802,0,2,49,0.0420842,0,2,50,0.0420842,0,4,42,0.0420842,0,5,7,0.0420842,0,5,8,0.0420842,0,7,42,0.0420842,1,0,0,0.0420842,1,0,1,0.0420842,1,3,0,0.0400802,1,3,1,0.0400802,1,4,7,0.0420842,1,4,35,0.0420842,1,4,49,0.0420842,1,5,0,0.0420842,1,5,1,0.0420842,1,7,0,0.0420842,2,2,0,0.0420842,2,4,0,0.0420842,2,6,0,0.0420842,3,7,58,0.0400801,3,7,59,0.0420842,3,7,60,0.0420841,3,7,61,0.0400802,
d6d5
BLACK
3,1,2,14,14,4,1,3,14,14,14,5,14,0,14,0,0,14,0,0,14,14,14,2,14,0,14,14,0,14,0,14,9,14,14,8,14,14,8,14,14,8,14,14,14,8,14,14,8,14,8,13,8,14,14,8,11,14,10,12,14,10,9,11,0,0,0,0,-1,
0,0,0,0.0440882,0,2,49,0.0440882,0,5,7,0.0440882,0,5,42,0.0420842,0,5,43,0.0440882,0,5,49,0.0440882,0,6,58,0.0440882,0,6,59,0.0420842,1,3,7,0.0440882,1,3,14,0.0440882,1,3,21,0.0440882,1,3,28,0.0420842,1,3,42,0.0440882,1,5,0,0.0440882,1,5,1,0.0440882,2,0,0,0.0420842,2,2,0,0.0420842,2,3,0,0.0440882,2,7,35,0.0440882,3,1,0,0.0440882,3,1,49,0.0420842,3,4,0,0.0420842,3,4,49,0.0440882,
g1e2
WHITE
3,1,2,14,4,2,14,3,0,14,14,0,5,0,14,0,14,14,0,14,14,14,0,14,14,0,14,14,0,14,14,1,14,8,14,8,14,14,8,14,10,14,14,14,8,8,14,8,8,14,8,9,13,14,14,14,11,14,12,14,14,10,9,11,0,0,0,0,-1,
0,1,58,0.0380762,0,2,49,0.0380762,0,2,50,0.0400802,0,4,42,0.0380761,0,5,7,0.0380762,0,5,8,0.0380761,0,7,42,0.0380762,1,0,0,0.0400802,1,0,1,0.0380762,1,3,0,0.0380762,1,3,1,0.0380762,1,4,0,0.0380761,1,4,7,0.0400802,1,4,35,0.0380762,1,4,49,0.0400802,1,5,0,0.0380762,1,5,1,0.0400802,1,7,0,0.0380761,2,2,0,0.0380762,2,6,0,0.0380762,3,4,0,0.0380761,3,4,49,0.0380761,3,7,58,0.0380762,3,7,59,0.0380762,3,7,60,0.0380762,3,7,61,0.0380761,
e7e5
BLACK
3,1,2,14,14,4,14,3,14,14,14,5,1,0,14,0,0,14,0,0,14,14,14,2,14,0,14,14,0,14,0,14,9,14,14,8,8,14,8,14,14,8,14,14,14,8,14,14,8,14,8,13,14,14,14,8,11,14,10,12,14,10,9,11,0,0,0,0,44,
0,0,0,0.0420841,0,2,49,0.0420842,0,5,7,0.0420842,0,5,14,0.0420842,0,5,42,0.0400802,0,5,43,0.0420842,0,7,42,0.0420842,1,3,7,0.0420842,1,3,21,0.0420842,1,3,28,0.0400802,1,3,42,0.0420842,1,4,56,0.0400801,1,4,57,0.0420842,1,4,58,0.0420842,1,4,63,0.0400802,1,5,0,0.0420842,1,5,1,0.0420842,2,0,0,0.0420842,2,2,0,0.0420842,2,3,0,0.0420842,2,7,35,0.0420842,3,1,0,0.0420842,3,1,49,0.0400802,3,4,49,0.0420842,
e4d5 (capture)
WHITE
3,1,2,14,4,2,14,3,0,14,14,14,5,0,14,0,14,14,0,14,14,14,0,14,14,0,14,0,8,14,14,1,14,8,14,14,14,14,8,14,10,14,14,14,8,8,14,8,8,14,8,9,13,14,14,14,11,14,12,14,14,10,9,11,0,0,0,0,-1,
0,1,56,0.0340681,0,1,58,0.0340682,0,2,7,0.0360721,0,2,8,0.0360721,0,2,9,0.0360721,0,2,10,0.0360721,0,2,49,0.0360722,0,2,50,0.0360721,0,4,42,0.0360721,0,4,49,0.0360722,0,5,7,0.0360722,0,5,8,0.0360722,0,7,42,0.0360721,1,0,0,0.0360721,1,0,1,0.0360722,1,4,0,0.0360721,1,4,35,0.0340681,1,4,42,0.0360721,1,5,0,0.0360721,1,5,1,0.0360721,1,7,0,0.0360722,2,2,0,0.0360721,2,6,0,0.0360721,3,3,0,0.0360721,3,7,58,0.0340681,3,7,59,0.0360722,3,7,60,0.0360721,3,7,61,0.0340681,
e5e4
BLACK
3,1,2,14,14,4,14,3,14,14,14,5,1,0,14,0,0,14,0,0,14,14,14,2,14,0,14,14,8,14,0,14,9,14,14,0,14,14,8,14,14,8,14,14,14,8,14,14,8,14,8,13,14,14,14,8,11,14,10,12,14,10,9,11,0,0,0,0,-1,
0,0,0,0.0400802,0,2,49,0.0400801,0,5,7,0.0400802,0,5,14,0.0400802,0,5,42,0.0400801,0,5,43,0.0400801,0,7,42,0.0400802,1,3,7,0.0400802,1,3,21,0.0400802,1,3,28,0.0400802,1,3,42,0.0400802,1,4,56,0.0400802,1,4,57,0.0400801,1,4,58,0.0400802,1,4,63,0.0380762,1,5,0,0.0400801,1,5,1,0.0400802,2,0,0,0.0400802,2,2,0,0.0400801,2,3,0,0.0400802,2,3,7,0.0400802,2,7,35,0.0400801,3,1,0,0.0400802,3,1,49,0.0400802,4,3,0,0.0400801,
f1e1
WHITE
3,1,2,14,4,2,14,3,0,14,14,14,5,0,14,0,14,14,0,14,14,14,0,14,14,0,14,14,8,14,14,1,14,8,14,0,14,14,8,14,10,14,14,14,8,8,14,8,8,14,8,9,13,14,14,14,11,14,14,12,14,10,9,11,0,0,0,0,-1,
0,1,56,0.0340681,0,1,58,0.0340681,0,2,7,0.0340681,0,2,8,0.0340681,0,2,9,0.0360722,0,2,10,0.0340682,0,2,49,0.0340681,0,2,50,0.0360722,0,4,42,0.0340681,0,4,49,0.0340681,0,5,7,0.0340682,0,5,8,0.0340681,0,7,42,0.0340682,1,0,0,0.0360721,1,0,1,0.0340682,1,4,0,0.0340681,1,4,35,0.0340682,1,4,42,0.0340681,1,5,0,0.0340682,1,5,1,0.0360722,1,7,0,0.0340681,2,2,0,0.0340681,2,6,0,0.0340682,3,7,58,0.0340681,3,7,59,0.0340682,3,7,60,0.0360721,3,7,61,0.0340681,4,3,0,0.0360721,4,3,7,0.0340682,
b6b5
BLACK
3,1,2,14,4,14,14,3,14,14,14,5,1,0,14,0,0,14,0,0,14,14,14,2,14,0,14,14,8,14,0,14,9,8,14,0,14,14,8,14,14,14,14,14,14,8,14,14,8,14,8,13,14,14,14,8,11,14,10,12,14,10,9,11,0,0,0,0,-1,
0,0,0,0.0420842,0,2,49,0.0420842,0,4,14,0.0400801,0,4,15,0.0420842,0,4,42,0.0420842,0,7,42,0.0420842,0,7,43,0.0400802,1,3,7,0.0420842,1,3,28,0.0400802,1,3,42,0.0420842,1,4,56,0.0400802,1,4,57,0.0420842,1,4,58,0.0420842,1,4,63,0.0400802,1,5,0,0.0420842,1,5,1,0.0420842,2,0,0,0.0420842,2,2,0,0.0420842,2,3,0,0.0420842,2,3,7,0.0420841,2,7,35,0.0420842,2,7,36,0.0420842,3,1,49,0.0420842,4,3,0,0.0420842,
a3a4
WHITE
3,1,2,14,4,2,14,3,0,14,14,14,5,0,14,0,14,14,0,14,14,14,14,14,14,0,14,14,8,14,0,1,14,8,14,0,14,14,8,8,10,14,14,14,8,8,14,14,8,14,8,9,13,14,14,14,11,14,14,12,14,10,9,11,0,0,0,0,-1,
0,1,56,0.0340681,0,1,58,0.0340681,0,2,7,0.0340681,0,2,8,0.0340681,0,2,9,0.0360722,0,2,10,0.0340681,0,2,49,0.0340682,0,2,50,0.0360722,0,4,42,0.0340682,0,4,49,0.0340682,0,5,7,0.0340681,0,5,8,0.0340682,0,7,42,0.0340681,1,0,0,0.0360721,1,0,1,0.0340682,1,4,0,0.0340681,1,4,35,0.0340682,1,4,42,0.0340681,1,5,0,0.0340682,1,5,1,0.0360722,1,7,0,0.0340682,2,2,0,0.0340681,3,6,7,0.0340681,3,7,58,0.0340681,3,7,59,0.0340682,3,7,60,0.0360721,3,7,61,0.0340681,4,3,0,0.0360721,4,3,7,0.0340681,
f8g7
BLACK
3,1,2,14,4,14,14,3,14,14,14,5,1,0,14,0,14,14,0,0,14,14,14,2,0,0,14,14,8,14,0,14,9,8,14,0,14,14,8,14,14,14,14,14,14,8,14,14,8,14,8,13,14,14,10,8,11,14,10,12,14,14,9,11,0,0,0,0,-1,
0,0,0,0.0380761,0,0,1,0.0380762,0,1,58,0.0360721,0,2,49,0.0360722,0,2,50,0.0380762,0,4,14,0.0360721,0,4,15,0.0380761,0,4,42,0.0380761,0,7,42,0.0360722,0,7,43,0.0360721,1,3,7,0.0380761,1,3,28,0.0360722,1,3,42,0.0360721,1,4,56,0.0360721,1,4,57,0.0380761,1,4,58,0.0360721,1,4,63,0.0360721,1,5,0,0.0380762,1,5,1,0.0380762,2,2,0,0.0360722,2,3,0,0.0380761,2,3,7,0.0380761,2,7,35,0.0380761,2,7,36,0.0360721,3,0,7,0.0360721,3,1,49,0.0360721,4,3,0,0.0380761,
f2f4
WHITE
3,1,14,14,4,2,14,3,0,2,14,14,5,0,14,0,14,14,0,14,14,14,14,14,14,0,14,14,8,14,0,1,14,8,8,0,14,14,8,8,10,14,14,14,8,8,14,14,8,14,14,9,13,14,14,14,11,14,14,12,14,10,9,11,0,0,0,0,42,
0,1,56,0.0340681,0,1,58,0.0340682,0,4,42,0.0360722,0,4,43,0.0360721,0,4,49,0.0360722,0,5,7,0.0360722,0,5,8,0.0360722,0,7,42,0.0360721,1,0,0,0.0360721,1,0,1,0.0360721,1,1,21,0.0360721,1,1,49,0.0360721,1,4,0,0.0360722,1,4,35,0.0340681,1,4,42,0.0360721,1,5,0,0.0360721,1,5,1,0.0360721,1,7,0,0.0360721,2,2,0,0.0360721,3,1,7,0.0360722,3,6,7,0.0360721,3,7,58,0.0340681,3,7,59,0.0360721,3,7,60,0.0360721,3,7,61,0.0340681,4,3,0,0.0360721,4,3,7,0.0360721,4,3,49,0.0360722,
g7f8
BLACK
3,1,2,14,4,14,14,3,14,14,14,5,1,14,14,0,14,14,0,0,14,14,14,2,0,0,14,14,8,0,0,14,9,8,14,0,14,14,8,14,14,14,14,14,14,8,14,14,8,14,8,13,14,14,14,8,11,14,10,12,14,10,9,11,0,0,0,0,-1,
0,0,0,0.0340682,0,0,1,0.0360721,0,1,58,0.0340681,0,2,49,0.0340681,0,2,50,0.0360721,0,4,7,0.0340681,0,4,8,0.0340681,0,4,9,0.0340682,0,4,14,0.0340682,0,4,15,0.0360722,0,4,42,0.0340681,0,7,42,0.0340682,0,7,43,0.0340681,1,3,7,0.0360722,1,3,28,0.0340681,1,3,42,0.0340681,1,4,56,0.0340681,1,4,58,0.0340682,1,4,63,0.0340681,2,2,0,0.0340681,2,3,0,0.0360722,2,3,7,0.0340681,2,7,35,0.0340681,2,7,36,0.0340681,3,0,7,0.0340682,3,1,49,0.0340682,3,5,0,0.0340682,3,5,7,0.0340682,4,3,0,0.0360721,
h1f1
WHITE
3,1,2,14,4,2,14,3,0,14,14,14,5,0,14,0,14,14,0,14,14,14,14,14,14,0,14,14,8,14,0,1,14,8,8,0,14,14,8,8,10,14,14,14,8,8,14,14,8,14,14,9,13,14,14,14,14,14,11,12,14,10,9,11,0,0,0,0,-1,
0,1,56,0.0320641,0,1,58,0.0320641,0,2,7,0.0320641,0,2,8,0.0320641,0,2,9,0.0340681,0,2,10,0.0340682,0,2,49,0.0340682,0,2,50,0.0340681,0,4,42,0.0340681,0,4,49,0.0340681,0,5,7,0.0340681,0,5,8,0.0340681,0,7,42,0.0340681,1,0,0,0.0340681,1,0,1,0.0340681,1,4,0,0.0320641,1,4,35,0.0320641,1,4,42,0.0340681,1,5,0,0.0340681,1,5,1,0.0340681,1,7,0,0.0340681,2,2,0,0.0320641,3,1,7,0.0340681,3,6,7,0.0320641,3,7,58,0.0320641,3,7,59,0.0320641,3,7,60,0.0340681,3,7,61,0.0320641,4,3,0,0.0340682,4,3,7,0.0340681,
f8b4 (capture)
BLACK
3,1,2,14,4,3,14,14,14,14,14,5,1,14,14,0,14,14,0,0,14,14,14,2,0,10,14,14,8,0,0,14,9,8,14,0,14,14,8,14,14,14,14,14,14,8,14,14,8,14,8,13,14,14,14,8,11,14,10,12,14,14,9,11,0,0,0,0,-1,
0,0,0,0.0380761,0,0,1,0.0380762,0,1,58,0.0360721,0,2,49,0.0360721,0,2,50,0.0380761,0,4,7,0.0360721,0,4,8,0.0360722,0,4,9,0.0380761,0,4,42,0.0380762,0,5,0,0.0380761,0,5,1,0.0360722,0,5,14,0.0360721,0,5,15,0.0380761,1,3,7,0.0380761,1,3,28,0.0360721,1,3,42,0.0360721,1,4,56,0.0360721,1,4,58,0.0360722,1,4,63,0.0360721,2,2,49,0.0380762,2,3,0,0.0380762,2,3,7,0.0380761,2,7,35,0.0360721,3,0,7,0.0360721,3,5,0,0.0360722,3,5,7,0.0380761,4,3,0,0.0380761,
f4g5 (capture)
WHITE
3,1,14,14,4,2,14,3,0,14,14,14,5,0,14,0,14,14,0,14,14,14,14,14,14,8,14,14,8,14,0,1,14,8,14,0,14,14,2,8,10,14,14,14,8,8,14,14,8,14,14,9,13,14,14,14,14,14,11,12,14,10,9,11,0,0,0,0,-1,
0,1,56,0.0320641,0,1,58,0.0320641,0,4,42,0.0320641,0,4,43,0.0320641,0,4,49,0.0320641,0,5,7,0.0320641,0,5,8,0.0320641,0,7,42,0.0320641,1,0,0,0.0320641,1,0,1,0.0320641,1,4,0,0.0320641,1,4,35,0.0320641,1,4,42,0.0320641,1,5,0,0.0320641,1,5,1,0.0340681,1,7,0,0.0320641,2,2,0,0.0320641,2,2,49,0.0340681,3,6,7,0.0320641,3,7,58,0.0320641,3,7,59,0.0320641,3,7,60,0.0320641,3,7,61,0.0320641,4,3,0,0.0320641,4,3,7,0.0320641,4,6,7,0.0340681,4,6,35,0.0320641,4,6,36,0.0320641,4,6,37,0.0320641,4,6,38,0.0320641,4,6,49,0.0320641,
a5c6
BLACK
3,1,2,14,4,3,14,14,14,14,14,5,1,14,14,0,14,14,0,0,14,14,14,2,0,10,14,14,8,14,0,14,14,8,14,0,14,14,0,14,14,14,9,14,14,8,14,14,8,14,8,13,14,14,14,8,11,14,10,12,14,14,9,11,0,0,0,0,-1,
0,0,0,0.0300601,0,0,1,0.0300601,0,1,58,0.0300601,0,2,49,0.0300601,0,2,50,0.0300601,0,4,7,0.0300601,0,4,8,0.0300601,0,4,9,0.0300601,0,4,42,0.0300601,0,5,0,0.0300601,0,5,1,0.0300601,0,5,2,0.0300601,0,5,3,0.0300601,0,5,4,0.0320641,0,5,14,0.0300601,0,5,15,0.0320641,1,3,7,0.0320642,1,3,28,0.0300601,1,3,42,0.0300601,1,4,56,0.0300601,1,4,57,0.0300601,1,4,58,0.0300601,1,4,63,0.0300601,2,2,49,0.0320641,2,3,0,0.0300601,2,3,7,0.0300601,2,7,35,0.0300601,3,0,0,0.0300601,3,0,7,0.0300601,4,3,0,0.0300601,4,3,49,0.0300601,4,6,0,0.0300601,4,6,49,0.0300601,
h3g2
WHITE
3,1,14,14,4,2,14,3,0,14,14,14,5,0,14,0,14,14,0,14,14,1,14,14,14,8,14,14,8,14,0,14,14,8,14,0,14,14,2,8,14,14,14,14,8,8,14,14,8,10,14,9,13,14,14,14,14,14,11,12,14,10,9,11,0,0,0,0,-1,
0,1,56,0.0300601,0,1,58,0.0300601,0,4,42,0.0320641,0,4,43,0.0320642,0,4,49,0.0320641,0,5,7,0.0320641,0,5,8,0.0320641,0,7,42,0.0300601,1,0,0,0.0320641,1,0,1,0.0320641,1,4,0,0.0300601,1,4,35,0.0300601,1,4,42,0.0300601,1,7,0,0.0320641,1,7,1,0.0320641,2,2,0,0.0300601,2,2,49,0.0320641,2,5,56,0.0320642,2,5,58,0.0300601,2,5,59,0.0320641,2,5,60,0.0320641,2,5,62,0.0300601,3,6,7,0.0300601,4,3,0,0.0320642,4,3,7,0.0320641,4,6,7,0.0320641,4,6,21,0.0320641,4,6,35,0.0300601,4,6,36,0.0320641,4,6,37,0.0320641,4,6,38,0.0300601,4,6,49,0.0300601,
d7e8
BLACK
3,1,2,14,4,3,14,14,14,14,14,5,1,14,2,0,14,14,0,0,14,14,14,14,0,10,14,14,8,14,0,14,14,8,14,0,14,14,0,14,14,14,9,14,14,8,14,14,8,14,8,14,14,14,14,8,11,14,10,12,13,14,9,11,0,0,0,0,-1,
0,0,0,0.0260521,0,0,1,0.0260521,0,1,58,0.0260521,0,2,49,0.0260521,0,2,50,0.0260521,0,4,7,0.0260521,0,4,8,0.0260521,0,4,9,0.0260521,0,4,42,0.0260521,0,5,0,0.0260521,0,5,1,0.0260521,0,5,2,0.0260521,0,5,3,0.0260521,0,5,4,0.0280561,0,5,14,0.0260521,0,5,15,0.0280561,1,3,7,0.0280561,1,3,28,0.0260521,1,3,42,0.0260521,1,4,56,0.0260521,1,4,57,0.0260521,1,4,58,0.0260521,1,4,63,0.0260521,1,6,7,0.0260521,1,6,21,0.0260521,1,6,49,0.0260521,1,6,50,0.0260521,1,7,0,0.0260521,1,7,1,0.0260521,2,2,49,0.0280561,2,3,0,0.0280561,2,3,7,0.0260521,3,0,0,0.0260521,3,0,7,0.0260521,4,3,0,0.0260521,4,3,49,0.0260521,4,6,0,0.0260521,4,6,49,0.0260522,
d3d4
WHITE
3,1,14,5,4,2,14,3,0,14,14,14,14,0,14,0,14,14,0,14,14,1,14,14,14,8,14,14,8,14,0,14,14,8,14,0,8,14,2,8,14,14,14,14,14,8,14,14,8,10,14,9,13,14,14,14,14,14,11,12,14,10,9,11,0,0,0,0,-1,
0,1,56,0.0260521,0,1,58,0.0260521,0,3,0,0.0280561,0,3,7,0.0280561,0,3,42,0.0260521,0,3,49,0.0280561,0,4,0,0.0280561,0,4,1,0.0260521,0,4,2,0.0280561,0,4,49,0.0280561,0,5,7,0.0280561,0,5,8,0.0260521,0,5,49,0.0280561,0,5,50,0.0260521,0,5,51,0.0280561,0,5,52,0.0260521,0,7,42,0.0260521,1,0,0,0.0280561,1,0,1,0.0280561,1,7,0,0.0280561,1,7,1,0.0280561,2,2,0,0.0260521,2,2,49,0.0280561,2,5,56,0.0260521,2,5,58,0.0260521,2,5,59,0.0260521,2,5,60,0.0280561,2,5,62,0.0260521,3,6,7,0.0260521,4,3,0,0.0280561,4,6,7,0.0280561,4,6,21,0.0260521,4,6,35,0.0260521,4,6,36,0.0280561,4,6,37,0.0260521,4,6,38,0.0260521,4,6,49,0.0260521,
h7h5
BLACK
3,1,2,14,4,3,14,14,14,14,14,5,1,14,2,0,14,14,0,14,14,14,14,14,0,10,14,0,8,14,0,14,14,8,14,0,14,14,0,8,14,14,9,14,14,8,14,14,8,14,8,14,14,14,14,14,11,14,10,12,13,14,9,11,0,0,0,0,47,
0,0,0,0.0280561,0,0,1,0.0280561,0,1,58,0.0260521,0,2,49,0.0260521,0,2,50,0.0280561,0,4,7,0.0260521,0,4,8,0.0260521,0,4,9,0.0280561,0,4,42,0.0280561,0,5,0,0.0280561,0,5,1,0.0260521,0,5,2,0.0280561,0,5,3,0.0280561,0,5,4,0.0280561,0,5,14,0.0260521,0,5,15,0.0280561,1,3,7,0.0280561,1,3,28,0.0260521,1,3,42,0.0260521,1,4,56,0.0260521,1,4,57,0.0280561,1,4,63,0.0260521,1,6,7,0.0260521,1,6,21,0.0260521,1,6,49,0.0260521,1,6,50,0.0280561,1,7,0,0.0280561,1,7,1,0.0280561,2,2,49,0.0280561,3,0,0,0.0260521,3,0,7,0.0260521,3,6,7,0.0260521,4,3,0,0.0280561,4,3,49,0.0260521,4,6,0,0.0260521,4,6,7,0.0280561,4,6,49,0.0260521,
e2g3
WHITE
3,1,14,5,4,2,14,3,14,14,14,14,14,0,14,0,14,14,0,14,14,1,14,14,0,8,14,14,8,14,0,14,14,8,14,0,8,14,2,8,14,9,14,14,14,8,14,14,8,10,14,14,13,14,14,14,14,14,11,12,14,10,9,11,0,0,0,0,-1,
0,0,0,0.0260521,0,0,1,0.0260521,0,1,56,0.0240481,0,1,58,0.0240481,0,3,0,0.0260521,0,3,7,0.0260521,0,3,42,0.0260521,0,3,49,0.0260521,0,4,0,0.0260521,0,4,1,0.0260522,0,4,2,0.0260521,0,4,49,0.0260521,0,5,7,0.0260521,0,5,8,0.0260521,0,5,49,0.0260521,0,5,50,0.0260521,0,5,51,0.0260521,0,5,52,0.024048,0,7,42,0.0260521,1,7,0,0.0260521,1,7,1,0.0260521,2,2,0,0.0240481,2,2,49,0.0260521,2,5,56,0.0260521,2,5,58,0.0240481,2,5,59,0.0260521,2,5,60,0.0260521,2,5,62,0.0260521,3,0,0,0.0260521,3,0,7,0.0260521,3,6,7,0.0240481,4,3,0,0.0260521,4,6,7,0.0260521,4,6,21,0.0260521,4,6,35,0.0240481,4,6,36,0.0260521,4,6,37,0.0260522,4,6,38,0.0240481,4,6,49,0.0260521,
c6a5
BLACK
3,1,2,14,4,3,14,14,14,14,14,5,14,14,2,0,14,14,0,14,14,14,1,14,0,10,14,0,8,14,0,14,9,8,14,0,14,14,0,8,14,14,14,14,14,8,14,14,8,14,8,14,14,14,14,14,11,14,10,12,13,14,9,11,0,0,0,0,-1,
0,0,0,0.0260521,0,0,1,0.0260521,0,1,58,0.0260521,0,2,49,0.0260521,0,2,50,0.0260521,0,4,0,0.0260521,0,4,1,0.0260521,0,4,2,0.0260521,0,4,7,0.0260521,0,4,42,0.0260521,0,5,0,0.0260521,0,5,1,0.0260521,0,5,2,0.0260521,0,5,3,0.0260521,0,5,4,0.0280561,0,5,14,0.0260522,0,5,15,0.0280561,1,3,7,0.0260521,1,3,14,0.0260521,1,3,28,0.0260521,1,3,42,0.0260521,1,6,7,0.0260521,1,6,21,0.0260521,1,6,49,0.0260521,1,6,50,0.0260521,1,7,0,0.0260521,1,7,1,0.0260521,2,2,49,0.0280561,2,6,57,0.0280561,2,6,58,0.0260521,2,6,59,0.0260521,2,6,60,0.0260521,2,6,62,0.0280561,3,0,7,0.0260521,3,6,7,0.0260521,4,3,0,0.0260521,4,6,0,0.0260521,4,6,49,0.0260521,
a1a2
WHITE
3,1,14,5,4,2,14,3,14,14,14,14,14,0,14,0,14,14,0,14,14,14,14,14,0,8,14,14,8,14,0,1,14,8,14,0,8,14,2,8,14,9,14,14,14,8,14,14,8,10,14,14,13,14,14,11,14,14,11,12,14,10,9,14,0,0,0,0,-1,
0,0,0,0.0251729,0,0,1,0.0251729,0,1,56,0.0251729,0,1,58,0.0251729,0,3,0,0.0251729,0,3,7,0.0251729,0,3,42,0.0251729,0,3,49,0.0251729,0,4,0,0.0338589,0,4,1,0.0251729,0,4,2,0.0251729,0,4,49,0.0251729,0,5,7,0.0251729,0,5,8,0.0251729,0,5,49,0.0338589,0,5,50,0.0251729,0,5,51,0.0251729,0,5,52,0.0251729,0,7,42,0.0251729,1,5,0,0.0251729,1,5,1,0.0338589,1,7,0,0.0251729,2,2,0,0.0251729,2,2,49,0.0338589,3,0,0,0.0251729,3,0,7,0.0251729,3,6,7,0.0251729,3,7,58,0.0251729,3,7,59,0.0251729,3,7,60,0.0251729,3,7,61,0.0251729,4,3,0,0.0251729,4,6,7,0.0338589,4,6,35,0.0251729,4,6,36,0.0251729,4,6,37,0.0251729,4,6,38,0.0251729,4,6,49,0.0251729,
b4c3 (capture)
BLACK
14,1,2,14,4,3,14,14,3,14,14,5,14,14,2,0,14,14,10,14,14,14,1,14,0,14,14,0,8,14,0,14,9,8,14,0,14,14,0,8,14,14,14,14,14,8,14,14,8,14,8,14,14,14,14,14,11,14,10,12,13,14,9,11,0,0,0,0,-1,
0,1,57,0.165315,1,3,7,0.173427,1,3,14,0.165315,1,3,28,0.165315,1,3,42,0.165315,1,3,49,0.165315,
d2c3 (capture)
WHITE
3,1,14,5,4,2,14,3,14,14,14,14,14,0,14,0,14,14,0,14,14,14,14,14,0,8,14,14,8,14,0,1,14,8,14,0,8,14,14,8,14,9,14,14,14,13,14,14,8,10,14,14,14,14,14,11,14,14,11,12,14,10,9,14,0,0,0,0,-1,
0,0,0,0.0292585,0,0,1,0.0292585,0,1,56,0.0292585,0,1,58,0.0292584,0,3,0,0.0292585,0,3,7,0.0292585,0,3,42,0.0292585,0,3,49,0.0292584,0,4,0,0.0378762,0,4,1,0.0292584,0,4,2,0.0292585,0,4,49,0.0292585,0,5,7,0.0292585,0,5,8,0.0292585,0,5,49,0.0378762,0,5,50,0.0292584,0,5,51,0.0292585,0,5,52,0.0292585,0,7,42,0.0292584,1,5,0,0.0292584,1,5,1,0.0378762,1,7,0,0.0292585,2,2,0,0.0292584,2,2,49,0.0378762,3,0,0,0.0292584,3,0,7,0.0292584,3,6,0,0.0292584,3,6,7,0.0292584,3,7,58,0.0292584,3,7,59,0.0292584,3,7,60,0.0292585,3,7,61,0.0292584,4,3,0,0.0292585,
b5b4
BLACK
14,1,2,14,4,3,14,14,3,14,14,14,14,14,2,0,14,14,5,14,14,14,1,14,0,8,14,0,8,14,0,14,9,14,14,0,14,14,0,8,14,14,14,14,14,8,14,14,8,14,8,14,14,14,14,14,11,14,10,12,13,14,9,11,0,0,0,0,-1,
2,2,21,0.251992,2,2,28,0.244024,2,2,35,0.251992,2,2,49,0.251992,
c3d2
WHITE
3,1,14,5,4,2,14,3,14,14,14,14,14,0,14,0,14,14,0,14,14,14,14,14,0,8,14,14,8,14,14,1,14,8,14,0,8,14,0,8,14,9,14,14,14,14,14,14,8,10,14,14,13,14,14,11,14,14,11,12,14,10,9,14,0,0,0,0,-1,
0,0,0,0.0344327,0,0,1,0.0344327,0,1,56,0.0265984,0,1,58,0.0265984,0,3,0,0.0344327,0,3,7,0.0344327,0,3,42,0.0265984,0,3,49,0.0344327,0,4,0,0.0344327,0,4,1,0.0265985,0,4,2,0.0344327,0,4,49,0.0344327,0,5,7,0.0344326,0,5,8,0.0344327,0,5,49,0.0344327,0,5,50,0.0265984,0,5,51,0.0344327,0,5,52,0.0265984,0,7,42,0.0265984,1,5,0,0.0344326,1,5,1,0.0344327,1,7,0,0.0344326,2,2,0,0.0265984,2,2,49,0.0344327,3,0,0,0.0344326,3,0,7,0.0265984,3,7,58,0.0265984,3,7,59,0.0265984,3,7,60,0.0344327,3,7,61,0.0265984,4,3,0,0.0344327,4,6,0,0.0265984,
b4b3
BLACK
14,1,2,14,4,3,14,14,3,14,14,5,14,14,2,0,14,8,14,14,14,14,1,14,0,14,14,0,8,14,0,14,9,14,14,0,14,14,0,8,14,14,14,14,14,8,14,14,8,14,8,14,14,14,14,14,11,14,10,12,13,14,9,11,0,0,0,0,-1,
0,1,57,0.0271679,0,1,58,0.0197246,0,2,49,0.0271679,0,2,50,0.0271679,0,4,0,0.0271679,0,4,1,0.0271679,0,4,2,0.0271679,0,4,7,0.0271678,0,4,42,0.0271678,0,5,0,0.0271679,0,5,1,0.0271679,0,5,2,0.0271679,0,5,3,0.0271679,0,5,4,0.0271679,0,5,14,0.0271679,0,5,15,0.0271679,1,0,0,0.0271679,1,0,14,0.0197246,1,0,15,0.0197245,1,0,28,0.0197245,1,3,7,0.0271679,1,3,14,0.0271678,1,3,28,0.0197245,1,3,49,0.0271679,1,6,7,0.0197245,1,6,21,0.0197246,1,6,49,0.0271678,1,6,50,0.0271679,1,7,0,0.0271679,1,7,1,0.0271679,2,6,57,0.0271679,2,6,58,0.0271679,2,6,59,0.0271678,2,6,60,0.0271679,2,6,62,0.0271679,3,6,7,0.0271679,4,3,0,0.0271679,4,6,0,0.0197245,4,6,49,0.0271679,
b1c3
WHITE
3,1,14,5,4,2,14,3,14,14,14,14,14,0,14,0,14,14,0,14,14,14,14,14,0,8,14,14,8,14,14,1,14,8,14,0,8,14,14,8,14,9,14,14,14,9,0,14,8,10,14,14,13,14,14,11,14,14,11,12,14,10,14,14,0,0,0,0,-1,
0,0,0,0.0344327,0,0,1,0.0344327,0,1,56,0.0265984,0,1,58,0.0265984,0,3,0,0.0344326,0,3,7,0.0344327,0,3,42,0.0265985,0,3,49,0.0344327,0,4,0,0.0344327,0,4,1,0.0265984,0,4,2,0.0344326,0,4,49,0.0344327,0,5,7,0.0344327,0,5,8,0.0344326,0,5,49,0.0344327,0,5,50,0.0265984,0,5,51,0.0344327,0,5,52,0.0265984,0,7,42,0.0265984,1,5,0,0.0344327,1,5,1,0.0344327,1,7,0,0.0344326,2,2,0,0.0265984,2,2,49,0.0344327,3,0,0,0.0265984,3,0,7,0.0265984,3,7,59,0.0265984,3,7,60,0.0344327,3,7,61,0.0265984,4,3,0,0.0344327,5,6,0,0.0265984,5,6,7,0.0344327,
c8g4 (capture)
BLACK
14,14,2,14,4,3,14,14,3,14,14,5,14,14,2,0,14,8,1,14,14,14,1,14,0,14,14,0,8,14,10,14,9,14,14,0,14,14,0,8,14,14,14,14,14,8,14,14,8,14,8,14,14,14,14,14,11,14,14,12,13,14,9,11,0,0,0,0,-1,
0,2,49,0.0251729,0,2,50,0.0251729,0,4,0,0.0251729,0,4,1,0.0251729,0,4,2,0.0251729,0,4,7,0.0251729,0,4,42,0.0251729,0,5,0,0.0251729,0,5,1,0.0251729,0,5,2,0.0251729,0,5,3,0.0251729,0,5,4,0.0338589,0,5,14,0.0251729,0,5,15,0.0338589,1,0,0,0.0251729,1,0,14,0.0251729,1,0,15,0.0251729,1,0,28,0.0251729,1,3,7,0.0251729,1,6,7,0.0251729,1,6,21,0.0251729,1,6,49,0.0251729,1,6,50,0.0251729,1,7,0,0.0251729,1,7,1,0.0251729,2,2,56,0.0251729,2,2,58,0.0251729,2,2,61,0.0338589,2,2,62,0.0251729,2,2,63,0.0251729,2,6,57,0.0338589,2,6,58,0.0251729,2,6,59,0.0251729,2,6,60,0.0251729,2,6,62,0.0338589,4,3,0,0.0251729,4,6,0,0.0251729,4,6,49,0.0251729,
e1e4 (capture)
WHITE
3,1,14,5,4,14,14,3,14,14,14,14,14,0,14,0,14,14,0,14,14,14,14,14,0,8,14,14,8,14,14,1,14,2,14,12,8,14,14,8,14,9,14,14,14,9,0,14,8,10,14,14,13,14,14,11,14,14,11,14,14,10,14,14,0,0,0,0,-1,
0,1,56,0.165315,0,3,7,0.165315,0,3,42,0.165315,0,3,49,0.165315,0,4,49,0.165315,4,1,22,0.173427,
e8d7
BLACK
14,14,2,14,14,3,14,14,3,14,14,5,14,14,2,0,14,8,1,14,14,14,1,14,0,14,14,0,4,14,10,14,9,14,14,0,14,14,0,8,14,14,14,14,14,8,14,14,8,14,8,13,14,14,14,14,11,14,14,12,14,14,9,11,0,0,0,0,-1,
0,2,49,0.0201385,0,2,50,0.0201385,0,5,0,0.0201385,0,5,1,0.0201385,0,5,2,0.0201385,0,5,3,0.0201385,0,5,4,0.0201385,0,5,14,0.0201385,0,5,15,0.0201385,0,5,42,0.0201386,0,5,43,0.0201385,1,0,0,0.0201385,1,0,14,0.0201385,1,0,15,0.0201385,1,0,28,0.0201385,1,3,0,0.0201386,1,3,7,0.0201385,1,3,21,0.0201385,1,6,7,0.0201385,1,6,21,0.0201386,1,6,49,0.0201386,1,7,0,0.0201385,1,7,1,0.0201385,2,2,58,0.0201385,2,2,61,0.0201385,2,2,62,0.0201385,2,2,63,0.0201385,2,6,57,0.0201385,2,6,58,0.0201385,2,6,60,0.0201385,2,6,62,0.0201385,3,4,0,0.0201384,3,4,1,0.0201385,3,4,2,0.0201385,3,4,3,0.0132128,3,4,7,0.0201386,3,4,8,0.0201385,3,4,9,0.0201385,3,4,14,0.0201385,3,4,15,0.0201385,3,4,21,0.0201385,3,4,28,0.0201386,3,4,29,0.0201385,3,4,30,0.0201385,3,4,35,0.0201385,3,4,36,0.0201385,3,4,37,0.0201385,4,3,0,0.0201385,4,6,0,0.0201385,4,6,49,0.0201386,
f1g1
WHITE
3,1,14,14,4,14,14,3,14,14,14,14,5,0,14,0,14,14,0,14,14,14,14,14,0,8,14,14,8,14,14,1,14,2,14,12,8,14,14,8,14,9,14,14,14,9,0,14,8,10,14,14,13,14,14,11,14,11,14,14,14,10,14,14,0,0,0,0,-1,
0,0,0,0.0361908,0,0,1,0.0361908,0,1,56,0.0283976,0,1,58,0.0283976,0,4,14,0.0283976,0,4,15,0.0361908,0,4,42,0.0361909,0,4,43,0.0361908,0,4,49,0.0361908,0,7,42,0.0361909,0,7,43,0.0283976,1,4,0,0.0283976,1,4,21,0.0361908,1,5,0,0.0361909,1,5,1,0.0361908,1,7,0,0.0361908,2,2,0,0.0283977,2,2,49,0.0361908,3,0,0,0.0361909,3,7,59,0.0361908,3,7,60,0.0361908,3,7,61,0.0283977,4,1,7,0.0283977,4,1,8,0.0283977,4,1,9,0.0283977,4,1,21,0.0361908,4,1,22,0.0283977,4,1,49,0.0361908,5,6,0,0.0361908,5,6,7,0.0361908,
g8e7
BLACK
14,14,2,14,14,14,3,14,3,14,14,5,14,14,2,0,14,8,1,14,14,14,1,14,0,14,14,0,4,14,10,14,9,14,14,0,14,14,0,8,14,14,14,14,14,8,14,14,8,14,8,13,9,14,14,14,11,14,14,12,14,14,14,11,0,0,0,0,-1,
0,2,49,0.022841,0,2,50,0.0228409,0,6,14,0.0228409,0,6,42,0.0228409,0,6,43,0.0228409,0,6,44,0.0228409,1,0,0,0.0228409,1,0,14,0.0156007,1,0,15,0.0228409,1,0,28,0.0156006,1,3,0,0.0156006,1,3,7,0.0228409,1,3,21,0.0228409,1,6,7,0.0156006,1,6,21,0.0228409,1,6,35,0.0228409,1,6,49,0.0228409,1,7,0,0.0228409,1,7,1,0.0228409,2,2,58,0.022841,2,2,61,0.0228409,2,2,62,0.0228409,2,2,63,0.0228409,2,6,57,0.0228409,2,6,58,0.0228409,2,6,60,0.0228409,2,6,61,0.0228409,2,6,62,0.0228409,3,4,0,0.0156007,3,4,1,0.0228409,3,4,2,0.0228409,3,4,7,0.0156006,3,4,8,0.0228409,3,4,9,0.0156007,3,4,14,0.0228409,3,4,15,0.0228409,3,4,21,0.0228409,3,4,28,0.0228409,3,4,29,0.0228409,3,4,30,0.0228409,3,4,35,0.0228409,3,4,36,0.0228409,3,4,37,0.0228409,4,3,0,0.0228409,4,6,0,0.0228409,4,6,49,0.0228409,
e4e7 (capture)
WHITE
3,14,14,14,4,14,14,3,14,14,14,12,5,0,14,0,14,14,0,14,14,14,14,14,0,8,14,14,8,14,14,1,14,2,14,14,8,14,14,8,14,9,14,14,14,9,0,14,8,10,14,14,13,14,14,11,14,11,14,14,14,10,14,14,0,0,0,0,-1,
0,4,49,0.330653,1,4,21,0.338693,1,4,42,0.330653,
d7e7 (capture)
BLACK
14,14,2,14,14,14,3,14,3,14,14,5,14,14,2,0,14,8,1,14,14,14,1,14,0,14,14,0,14,14,10,14,9,14,14,0,14,14,0,8,14,14,14,14,14,8,14,14,8,14,8,14,13,14,14,14,11,14,14,12,14,14,14,11,0,0,0,0,-1,
0,2,49,0.0242075,0,2,50,0.0319008,0,6,14,0.0319008,0,6,42,0.0242075,0,6,43,0.0319008,0,6,44,0.0319008,1,0,0,0.0319008,1,0,14,0.0242075,1,0,15,0.0242074,1,0,28,0.0242075,1,3,0,0.0242074,1,3,7,0.0319008,1,3,21,0.0319008,1,6,7,0.0242074,1,6,21,0.0242074,1,6,35,0.0242074,1,6,49,0.0242074,1,6,50,0.0319008,1,7,0,0.0319008,1,7,1,0.0319008,2,2,56,0.0319008,2,2,58,0.0319008,2,2,61,0.0319008,2,2,62,0.0319008,2,2,63,0.0319008,2,6,57,0.0319008,2,6,58,0.0319008,2,6,59,0.0319008,2,6,60,0.0319008,2,6,61,0.0319008,2,6,62,0.0319008,4,3,0,0.0319008,4,6,0,0.0242075,4,6,49,0.0319008,
g3f5
WHITE
3,14,14,14,4,14,14,3,14,14,14,5,14,0,14,0,14,14,0,14,14,14,14,14,0,8,9,14,8,14,14,1,14,2,14,14,8,14,14,8,14,14,14,14,14,9,0,14,8,10,14,14,13,14,14,11,14,11,14,14,14,10,14,14,0,0,0,0,-1,
1,3,14,0.201589,1,3,28,0.193645,1,3,35,0.201589,1,3,42,0.201589,4,1,21,0.201589,
e7f7
BLACK
14,14,2,14,14,14,3,14,3,14,14,5,14,14,2,0,14,8,1,14,14,14,14,14,0,14,14,0,14,14,10,14,9,14,14,0,14,1,0,8,14,14,14,14,14,8,14,14,8,14,8,14,14,13,14,14,11,14,14,12,14,14,14,11,0,0,0,0,-1,
0,2,49,0.0264129,0,2,50,0.0348072,0,6,14,0.0264129,0,6,42,0.0264129,0,6,43,0.0348072,0,6,44,0.0264129,1,0,0,0.0348072,1,0,14,0.0264128,1,0,15,0.0264129,1,0,28,0.0264129,1,3,0,0.0264129,1,3,7,0.0348072,1,3,21,0.0348072,1,6,7,0.0264129,1,6,21,0.0264129,1,6,35,0.0264129,1,6,49,0.0264129,1,6,50,0.0264129,1,7,0,0.0264129,1,7,1,0.0264129,2,2,56,0.0264129,2,2,58,0.0264129,2,2,61,0.0348072,2,2,62,0.0348072,2,2,63,0.0264129,4,3,0,0.0348072,4,5,56,0.0348072,4,5,57,0.0264129,4,5,58,0.0264129,4,5,59,0.0264129,4,5,61,0.0264129,4,5,62,0.0264129,4,5,63,0.0264129,4,6,0,0.0264129,4,6,49,0.0264129,
a2a3
WHITE
3,14,14,14,4,14,14,3,14,14,5,14,14,0,14,0,14,14,0,14,14,14,14,14,0,8,9,14,8,14,14,1,14,2,14,14,8,14,14,8,14,14,14,14,14,9,0,11,8,10,14,14,13,14,14,14,14,11,14,14,14,10,14,14,0,0,0,0,-1,
0,0,0,0.0319008,0,0,1,0.0319008,0,0,14,0.0319008,0,0,15,0.0319008,0,0,16,0.0242075,0,4,0,0.0319008,0,4,1,0.0242074,0,4,2,0.0319008,0,4,14,0.0242074,0,4,15,0.0319008,0,4,42,0.0319008,0,4,43,0.0319008,0,4,44,0.0319008,0,4,49,0.0319008,0,7,42,0.0242074,0,7,43,0.0242075,1,2,21,0.0319008,1,2,28,0.0319008,1,2,35,0.0319008,1,2,49,0.0319008,1,5,0,0.0319008,1,5,1,0.0319008,1,7,0,0.0319008,2,2,49,0.0319008,3,0,0,0.0242074,3,7,59,0.0242075,3,7,60,0.0319008,3,7,61,0.0242074,4,1,7,0.0319008,4,1,8,0.0242074,4,1,9,0.0242075,4,1,21,0.0319008,4,1,49,0.0319008,5,6,0,0.0242075,
a5c6
BLACK
14,14,2,14,14,14,3,14,14,14,14,5,14,14,2,0,3,8,1,14,14,14,14,14,0,14,14,0,14,14,10,14,14,14,14,0,14,1,0,8,14,14,9,14,14,8,14,14,8,14,8,14,14,13,14,14,11,14,14,12,14,14,14,11,0,0,0,0,-1,
0,2,49,0.0288041,0,6,14,0.0288041,0,6,42,0.0288041,0,6,43,0.028804,0,6,44,0.028804,1,3,0,0.0214148,1,3,7,0.028804,1,3,21,0.028804,1,6,7,0.0214148,1,6,21,0.0288041,1,6,35,0.0214148,1,6,49,0.0288041,1,6,50,0.0288041,1,7,0,0.0288041,1,7,1,0.028804,2,0,14,0.0288041,2,0,28,0.0288041,2,0,29,0.028804,2,2,56,0.0288041,2,2,58,0.0288041,2,2,60,0.0288041,2,2,61,0.028804,2,2,62,0.028804,2,2,63,0.0288041,3,0,0,0.0288041,4,3,0,0.028804,4,3,49,0.0288041,4,5,56,0.028804,4,5,57,0.0288041,4,5,58,0.0288041,4,5,59,0.0288041,4,5,61,0.0214148,4,5,62,0.0214148,4,5,63,0.0288041,4,6,0,0.0288041,4,6,49,0.0288041,
d5c6 (capture)
WHITE
3,14,14,14,4,14,14,3,14,14,5,14,14,0,14,0,14,14,0,14,14,8,14,14,0,8,9,14,14,14,14,14,14,2,14,14,8,14,14,8,14,14,14,14,14,9,0,11,8,10,14,14,13,14,14,14,14,11,14,14,14,10,14,14,0,0,0,0,-1,
0,0,0,0.0344327,0,0,1,0.0344327,0,0,14,0.0344326,0,0,15,0.0344327,0,0,16,0.0265984,0,4,0,0.0344327,0,4,1,0.0265984,0,4,2,0.0265984,0,4,3,0.0265984,0,4,14,0.0265984,0,4,15,0.0344327,0,4,42,0.0265984,0,4,43,0.0344327,0,4,44,0.0344327,0,4,49,0.0344326,0,7,42,0.0265984,0,7,43,0.0265984,1,2,7,0.0344327,1,2,21,0.0265984,1,2,28,0.0344327,1,2,35,0.0344327,1,2,49,0.0344327,1,7,0,0.0344326,1,7,1,0.0344326,2,2,49,0.0344327,3,0,0,0.0265984,4,1,7,0.0344327,4,1,8,0.0265984,4,1,9,0.0265984,4,1,21,0.0344327,4,1,49,0.0344327,5,6,0,0.0265985,
f7g6
BLACK
14,14,2,14,14,14,3,14,14,14,14,5,14,14,2,0,3,8,1,14,14,14,14,14,0,14,14,0,14,14,10,14,14,14,14,14,14,1,0,8,14,14,0,14,14,8,13,14,8,14,8,14,14,14,14,14,11,14,14,12,14,14,14,11,0,0,0,0,-1,
0,2,49,0.0288041,0,6,14,0.0288041,0,6,42,0.0288041,0,6,43,0.028804,0,6,44,0.0288041,1,3,0,0.0214148,1,3,7,0.028804,1,3,21,0.028804,1,6,7,0.0214148,1,6,21,0.0288041,1,6,35,0.0214148,1,6,49,0.0288041,1,6,50,0.0288041,1,6,51,0.0288041,1,7,0,0.0288041,1,7,1,0.028804,2,0,14,0.0288041,2,0,28,0.0288041,2,0,29,0.028804,2,2,56,0.0288041,2,2,57,0.0288041,2,2,58,0.0288041,2,2,60,0.0288041,2,2,61,0.028804,2,2,62,0.028804,2,2,63,0.0288041,3,0,0,0.0288041,3,3,0,0.028804,4,5,56,0.028804,4,5,57,0.0288041,4,5,58,0.0288041,4,5,59,0.0288041,4,5,61,0.0214148,4,5,62,0.0214148,4,5,63,0.028804,4,6,49,0.0288041,
h2h4
WHITE
3,14,14,14,4,14,14,3,14,14,14,14,14,0,14,0,14,5,0,14,14,8,14,14,0,8,9,14,14,14,14,14,8,2,14,14,8,14,14,8,14,14,14,14,14,9,0,11,14,10,14,14,13,14,14,14,14,11,14,14,14,10,14,14,0,0,0,0,40,
0,0,0,0.0327425,0,0,1,0.0327426,0,0,14,0.0327426,0,0,15,0.0411535,0,0,16,0.0327426,0,4,0,0.0411535,0,4,1,0.0327425,0,4,2,0.0327426,0,4,3,0.0327426,0,4,14,0.0327425,0,4,15,0.0411535,0,4,42,0.0327426,0,4,43,0.0327426,0,4,44,0.0327426,0,4,49,0.0327426,0,7,42,0.0327425,0,7,43,0.0327425,1,7,0,0.0327426,1,7,1,0.0327426,2,1,7,0.0411535,2,1,21,0.0327426,2,1,35,0.0327426,2,2,49,0.0411535,4,1,7,0.0327426,4,1,8,0.0327426,4,1,9,0.0327426,4,1,21,0.0327426,4,1,49,0.0411535,5,6,0,0.0327426,
g4f5 (capture)
BLACK
14,14,2,14,14,14,3,14,14,14,14,5,14,14,2,14,3,8,1,14,14,14,14,14,0,14,14,0,14,14,14,0,14,14,14,14,14,10,0,8,14,14,0,14,14,8,13,14,8,14,8,14,14,14,14,14,11,14,14,12,14,14,14,11,0,0,0,0,-1,
0,2,49,0.0370671,0,6,14,0.0370671,0,6,42,0.0370671,0,6,43,0.0370671,0,6,44,0.0370671,1,3,7,0.0370671,1,3,14,0.0370671,1,3,21,0.0370671,1,3,28,0.0294913,1,6,7,0.0294913,1,6,21,0.0294913,1,6,35,0.0294913,1,6,49,0.0370671,1,6,50,0.0370671,1,6,51,0.0370671,2,0,14,0.0370671,2,0,28,0.0370671,2,0,29,0.0370671,2,2,56,0.0370671,2,2,57,0.0294913,2,2,58,0.0370671,2,2,60,0.0370671,2,2,61,0.0370671,2,2,62,0.0370671,2,2,63,0.0370671,3,0,0,0.0370671,3,3,0,0.0370671,4,6,49,0.0370671,
d2e2
WHITE
3,14,14,14,4,14,14,3,14,14,14,14,14,0,14,0,14,5,0,14,14,8,14,14,0,8,2,14,14,14,14,14,8,14,14,14,8,14,14,8,14,14,14,14,14,9,0,11,14,10,14,13,14,14,14,14,14,11,14,14,14,10,14,14,0,0,0,0,-1,
0,0,0,0.0292585,0,0,1,0.0292585,0,0,14,0.0292585,0,0,15,0.0378762,0,0,16,0.0292585,0,4,0,0.0378762,0,4,1,0.0292584,0,4,2,0.0292585,0,4,3,0.0292584,0,4,14,0.0292584,0,4,15,0.0378762,0,4,42,0.0292584,0,4,43,0.0292584,0,4,44,0.0292585,0,4,49,0.0292585,0,7,42,0.0292584,0,7,43,0.0292584,1,7,0,0.0292585,1,7,1,0.0292585,2,1,21,0.0292585,2,1,28,0.0292584,2,1,35,0.0292585,2,2,49,0.0378762,3,2,7,0.0292585,3,2,8,0.0292585,3,2,9,0.0292585,3,2,10,0.0292584,3,2,21,0.0292584,3,2,22,0.0292585,3,2,23,0.0292584,3,2,49,0.0292584,3,2,50,0.0292584,5,6,0,0.0292584,
f5e4
BLACK
14,14,2,14,14,14,3,14,14,14,14,14,5,14,2,14,3,8,1,14,14,14,14,14,0,14,14,0,10,14,14,0,14,14,14,14,14,14,0,8,14,14,0,14,14,8,13,14,8,14,8,14,14,14,14,14,11,14,14,12,14,14,14,11,0,0,0,0,-1,
0,2,7,0.0314235,0,2,8,0.0314236,0,2,9,0.0314235,0,2,49,0.0314236,0,6,14,0.0314235,0,6,42,0.0314235,0,6,43,0.0400471,0,6,44,0.0314235,1,4,0,0.0314235,1,4,14,0.0314235,1,4,21,0.0314235,1,4,28,0.0314235,1,4,35,0.0314236,1,4,42,0.0314235,1,6,7,0.0314234,1,6,21,0.0314236,1,6,35,0.0314235,1,6,49,0.0314235,1,6,50,0.0314235,2,0,14,0.0314235,2,0,28,0.0314236,2,0,29,0.0314235,2,2,56,0.0314235,2,2,57,0.0314235,2,2,58,0.0314235,2,2,60,0.0314235,2,2,61,0.0400471,2,2,62,0.0400471,3,0,0,0.0314235,3,3,0,0.0314235,4,6,49,0.0314235,
g2h3
WHITE
3,14,14,14,4,14,14,3,14,14,14,14,14,0,14,0,14,5,0,14,14,8,14,14,0,8,14,14,14,14,14,14,8,14,14,2,8,14,14,8,10,14,14,14,14,9,0,11,14,14,14,13,14,14,14,14,14,11,14,14,14,10,14,14,0,0,0,0,-1,
0,0,0,0.0319008,0,0,1,0.0319008,0,0,14,0.0319008,0,0,15,0.0319008,0,0,16,0.0319008,0,4,0,0.0319008,0,4,1,0.0242074,0,4,2,0.0319008,0,4,3,0.0242074,0,4,14,0.0242074,0,4,15,0.0319008,0,4,42,0.0319008,0,4,43,0.0319008,0,4,44,0.0319008,0,4,49,0.0319008,0,7,42,0.0319008,0,7,43,0.0242074,1,7,0,0.0319008,1,7,1,0.0319008,2,1,21,0.0319008,2,1,28,0.0242075,2,1,35,0.0242075,2,2,0,0.0242075,2,2,49,0.0319008,4,3,7,0.0319008,4,3,8,0.0319008,4,3,9,0.0242074,4,3,21,0.0242075,4,3,22,0.0319008,4,3,35,0.0319008,4,3,49,0.0242075,4,3,50,0.0319008,4,3,51,0.0242074,5,6,0,0.0319008,
b3b2
BLACK
14,14,2,14,14,14,3,14,14,8,14,14,5,14,14,14,3,14,1,14,14,14,14,2,0,14,14,0,10,14,14,0,14,14,14,14,14,14,0,8,14,14,0,14,14,8,13,14,8,14,8,14,14,14,14,14,11,14,14,12,14,14,14,11,0,0,0,0,-1,
0,2,7,0.0288041,0,2,8,0.0214148,0,2,9,0.028804,0,2,49,0.0288041,0,6,0,0.028804,0,6,1,0.028804,0,6,2,0.0214148,0,6,14,0.0288041,0,6,42,0.0288041,0,6,43,0.028804,0,6,44,0.0288041,1,4,0,0.0214148,1,4,14,0.0214148,1,4,21,0.028804,1,4,28,0.0288041,1,4,35,0.0214148,1,4,42,0.0288041,2,0,14,0.0288041,2,0,28,0.0288041,2,0,29,0.028804,2,2,56,0.0288041,2,2,57,0.0288041,2,2,58,0.0288041,2,2,60,0.0288041,2,2,61,0.028804,2,2,62,0.028804,2,7,35,0.0288041,2,7,36,0.0288041,2,7,49,0.0288041,2,7,50,0.0288041,2,7,51,0.0288041,2,7,52,0.028804,2,7,53,0.0288041,3,0,0,0.0288041,3,3,0,0.028804,4,6,49,0.0288041,
g5f6 (capture)
WHITE
3,14,14,14,4,14,14,3,14,14,14,14,14,0,14,0,14,5,8,14,14,8,14,14,0,14,14,14,14,14,14,14,8,14,14,2,8,14,14,8,10,14,14,14,14,9,14,11,14,14,14,13,14,14,0,14,14,11,14,14,14,10,14,14,0,0,0,0,-1,
2,1,14,0.283994,2,1,21,0.292834,2,1,35,0.130338,4,3,50,0.292834,
e4g2
BLACK
14,14,2,14,14,14,3,14,14,8,14,14,5,14,10,14,3,14,1,14,14,14,14,2,0,14,14,0,14,14,14,0,14,14,14,14,14,14,14,8,14,14,0,14,14,0,13,14,8,14,8,14,14,14,14,14,11,14,14,12,14,14,14,11,0,0,0,0,-1,
0,2,7,0.0264129,0,2,8,0.0264129,0,2,9,0.0348072,0,2,10,0.0264129,0,2,11,0.0264129,0,2,49,0.0264129,0,6,0,0.0348072,0,6,14,0.0264129,0,6,42,0.0264129,0,6,43,0.0348072,0,6,44,0.0348072,1,4,0,0.0264129,1,4,14,0.0264129,1,4,28,0.0264129,1,4,35,0.0264129,1,4,42,0.0264129,1,4,49,0.0348072,2,0,14,0.0264129,2,0,28,0.0264129,2,0,29,0.0348072,2,2,56,0.0264129,2,2,57,0.0264128,2,2,58,0.0264129,2,2,60,0.0264129,2,2,61,0.0348072,2,2,62,0.0348072,2,7,35,0.0264129,2,7,49,0.0264129,2,7,50,0.0264129,2,7,51,0.0264129,2,7,52,0.0348072,2,7,53,0.0264129,3,0,0,0.0264129,3,3,0,0.0264129,5,5,0,0.0264129,
e2e3
WHITE
3,14,14,14,4,14,14,3,14,14,14,14,14,0,14,0,14,5,8,14,14,8,14,14,0,14,14,14,14,14,14,14,8,14,14,14,8,14,14,8,10,14,14,13,14,9,14,11,14,2,14,14,14,14,0,14,14,11,14,14,14,10,14,14,0,0,0,0,-1,
0,0,0,0.0344327,0,0,1,0.0344327,0,0,14,0.0344327,0,0,15,0.0344327,0,0,16,0.0265984,0,4,0,0.0344327,0,4,1,0.0265984,0,4,2,0.0344326,0,4,3,0.0265984,0,4,14,0.0265984,0,4,15,0.0344327,0,4,42,0.0344327,0,4,43,0.0344327,0,4,44,0.0344326,0,4,49,0.0344327,0,4,50,0.0265984,0,7,42,0.0265984,0,7,43,0.0265984,1,7,0,0.0344327,1,7,1,0.0344327,2,1,14,0.0344326,2,1,21,0.0344327,2,1,35,0.0265984,2,1,42,0.0344327,6,6,0,0.0265984,6,6,49,0.0344327,6,6,64,0.0265984,6,6,65,0.0265984,6,6,67,0.0265985,6,6,68,0.0265984,6,6,70,0.0344327,6,6,71,0.0344326,
g6h7
BLACK
14,14,2,14,14,14,3,14,14,8,14,14,14,14,10,14,3,14,1,14,5,14,14,2,0,14,14,0,14,14,14,0,14,14,14,14,14,14,14,8,14,14,0,14,14,0,14,14,8,14,8,14,14,14,14,13,11,14,14,12,14,14,14,11,0,0,0,0,-1,
0,2,7,0.0314234,0,2,49,0.0314235,0,6,0,0.0314235,0,6,14,0.0314236,0,6,42,0.0314236,0,6,43,0.0400471,0,6,44,0.0314235,2,0,14,0.0314235,2,0,28,0.0314235,2,0,29,0.0314235,2,2,56,0.0314235,2,2,57,0.0314235,2,2,58,0.0314235,2,2,60,0.0314235,2,2,61,0.0400471,2,2,62,0.0400471,2,2,63,0.0314235,2,4,7,0.0314235,2,4,21,0.0314235,2,4,28,0.0314236,2,4,35,0.0314235,2,4,42,0.0314235,2,7,35,0.0314235,2,7,49,0.0314235,2,7,50,0.0314235,2,7,51,0.0314235,2,7,52,0.0314235,2,7,53,0.0314236,3,0,0,0.0314236,3,3,0,0.0314235,5,5,0,0.0314235,
c3e4
WHITE
3,14,14,14,4,14,14,3,5,14,14,14,14,0,14,0,14,14,8,14,14,8,14,14,0,14,14,14,14,14,14,14,8,14,14,9,8,14,14,8,10,14,14,13,14,14,14,11,14,2,14,14,14,14,0,14,14,11,14,14,14,10,14,14,0,0,0,0,-1,
0,0,14,0.0319008,0,0,15,0.0319008,0,0,16,0.0319008,0,4,0,0.0319008,0,4,1,0.0242075,0,4,2,0.0319008,0,4,3,0.0242074,0,4,14,0.0242074,0,4,15,0.0319008,0,4,42,0.0319008,0,4,43,0.0319008,0,4,44,0.0319008,0,4,49,0.0319008,0,4,50,0.0319008,0,7,42,0.0319008,0,7,43,0.0242074,1,0,0,0.0319008,1,0,7,0.0319008,1,0,21,0.0242075,1,7,0,0.0319008,1,7,1,0.0319008,6,1,7,0.0319008,6,1,21,0.0319008,6,1,22,0.0319008,6,1,35,0.0319008,6,1,49,0.0242074,6,6,0,0.0242074,6,6,49,0.0319008,6,6,64,0.0242075,6,6,65,0.0242074,6,6,67,0.0242075,6,6,68,0.0242075,6,6,70,0.0319008,6,6,71,0.0319008,
b2c1B
BLACK
14,14,10,14,14,14,3,14,14,14,14,14,14,14,10,14,3,14,14,14,5,14,14,2,0,14,14,0,1,14,14,0,14,14,14,14,14,14,14,8,14,14,0,14,14,0,14,14,8,14,8,14,14,14,14,13,11,14,14,12,14,14,14,11,0,0,0,0,-1,
0,6,45,0.201589,2,4,21,0.193645,2,4,28,0.201589,2,4,42,0.201589,3,4,61,0.201589,
e4d2
WHITE
3,14,14,14,4,14,14,3,5,14,14,14,14,0,14,0,14,14,8,14,14,8,14,14,0,14,14,14,14,14,14,14,8,14,14,14,8,14,14,8,10,14,14,13,14,14,14,11,14,2,14,14,9,14,14,14,14,11,14,14,14,2,14,14,0,0,0,0,-1,
0,0,14,0.0314235,0,0,15,0.0400471,0,0,16,0.0314235,0,4,0,0.0400471,0,4,1,0.0314236,0,4,2,0.0314235,0,4,3,0.0314235,0,4,14,0.0314235,0,4,15,0.0314235,0,4,42,0.0314235,0,4,43,0.0314235,0,4,44,0.0314235,0,4,49,0.0314235,0,4,50,0.0314236,0,7,42,0.0314235,0,7,43,0.0314235,1,0,0,0.0314235,1,0,7,0.0400471,1,0,21,0.0314236,1,7,0,0.0314235,1,7,1,0.0314235,6,1,7,0.0314235,6,1,21,0.0314235,6,1,22,0.0314235,6,1,23,0.0314235,6,1,24,0.0314234,6,1,35,0.0314235,6,1,49,0.0314235,7,5,21,0.0314235,7,5,22,0.0314236,7,5,35,0.0314236,
h7g8
BLACK
14,14,10,14,14,14,3,14,14,14,14,1,14,14,10,14,3,14,14,14,5,14,14,2,0,14,14,0,14,14,14,0,14,14,14,14,14,14,14,8,14,14,0,14,14,0,14,14,8,14,8,14,14,14,14,14,11,14,14,12,14,14,13,11,0,0,0,0,-1,
0,6,0,0.0432647,0,6,14,0.0432647,0,6,42,0.035594,0,6,43,0.0432647,0,6,44,0.0432647,0,6,45,0.0432647,2,0,14,0.0432647,2,0,15,0.035594,2,0,16,0.0432647,2,0,28,0.035594,2,0,29,0.0432647,2,4,7,0.0432647,2,4,21,0.035594,2,4,28,0.0432647,2,4,42,0.0432647,2,7,35,0.0432647,2,7,49,0.0432647,2,7,50,0.0432647,2,7,51,0.0432647,2,7,52,0.0432647,2,7,53,0.035594,3,0,0,0.0432647,3,3,0,0.0432647,5,5,0,0.0432647,
a3b3
WHITE
3,5,14,14,4,14,14,3,14,14,14,14,14,0,14,0,14,14,8,14,14,8,14,14,0,14,14,14,14,14,14,14,8,14,14,14,8,14,14,8,10,14,14,13,14,14,11,14,14,2,14,14,9,14,14,14,14,11,14,14,14,2,14,14,0,0,0,0,-1,
0,0,0,0.0479392,0,0,1,0.0479393,0,1,7,0.0401301,0,1,14,0.0401301,0,1,49,0.0479393,0,4,0,0.0479392,0,4,1,0.0401302,0,4,2,0.0479392,0,4,3,0.0401301,0,4,14,0.0401302,0,4,15,0.0479393,0,4,42,0.0479392,0,4,43,0.0479393,0,4,49,0.0479393,0,4,50,0.0479392,0,7,42,0.0479392,0,7,43,0.0401302,1,7,0,0.0479392,1,7,1,0.0479392,7,5,21,0.0479392,7,5,22,0.0401302,7,5,35,0.0479393,
d8b8
BLACK
14,14,10,14,14,14,3,14,14,14,14,1,14,14,10,14,14,3,14,14,5,14,14,2,0,14,14,0,14,14,14,0,14,14,14,14,14,14,14,8,14,14,0,14,14,0,14,14,8,14,8,14,14,14,14,14,11,12,14,14,14,14,13,11,0,0,0,0,-1,
0,6,0,0.0411535,0,6,14,0.0327426,0,6,42,0.0327425,0,6,43,0.0411535,0,6,44,0.0327426,0,6,45,0.0327425,2,1,0,0.0327425,2,1,1,0.0327426,2,1,2,0.0327426,2,1,3,0.0411535,2,1,4,0.0327426,2,1,14,0.0327426,2,1,15,0.0327426,2,1,28,0.0327426,2,1,29,0.0327425,2,1,42,0.0411535,2,4,7,0.0327426,2,4,21,0.0327426,2,4,28,0.0327425,2,4,42,0.0411535,2,7,35,0.0327426,2,7,49,0.0327426,2,7,50,0.0327426,2,7,51,0.0327426,2,7,52,0.0411535,2,7,53,0.0327426,3,0,0,0.0327426,3,3,0,0.0327426,5,5,0,0.0327426,
g1f1
WHITE
3,5,14,14,14,14,4,3,14,14,14,14,14,0,14,0,14,14,8,14,14,8,14,14,0,14,14,14,14,14,14,14,8,14,14,14,8,14,14,8,10,14,14,13,14,14,11,14,14,2,14,14,9,14,14,14,14,14,11,14,14,2,14,14,0,0,0,0,-1,
0,0,0,0.0368478,0,0,1,0.0452394,0,1,7,0.0368478,0,1,14,0.0368478,0,1,49,0.0368478,0,6,0,0.0452394,0,6,1,0.0368478,0,6,2,0.0368478,0,6,3,0.0368478,0,6,4,0.0368478,0,6,42,0.0368477,0,6,43,0.0452394,0,6,44,0.0368477,0,6,45,0.0368478,1,7,0,0.0368478,1,7,1,0.0368477,6,1,7,0.0368478,6,1,21,0.0368478,6,1,22,0.0368478,6,1,23,0.0368478,6,1,24,0.0368478,6,1,35,0.0452394,6,1,49,0.0368478,7,5,21,0.0452394,7,5,22,0.0368478,7,5,35,0.0368478,
b8b4
BLACK
14,14,10,14,14,3,14,14,14,14,14,1,14,14,10,14,14,3,14,14,5,14,14,2,0,12,14,0,14,14,14,0,14,14,14,14,14,14,14,8,14,14,0,14,14,0,14,14,8,14,8,14,14,14,14,14,11,14,14,14,14,14,13,11,0,0,0,0,-1,
0,5,0,0.0370671,0,5,1,0.0370671,0,5,2,0.0370671,0,5,3,0.0370671,0,5,14,0.0370671,0,5,15,0.0370671,0,5,42,0.0294913,0,5,43,0.0370671,0,5,44,0.0294913,2,1,0,0.0294913,2,1,14,0.0370671,2,1,15,0.0370671,2,1,28,0.0294913,2,1,29,0.0294913,2,1,42,0.0370671,2,4,7,0.0370671,2,4,21,0.0370671,2,4,28,0.0370671,2,4,42,0.0370671,2,7,35,0.0370671,2,7,49,0.0370671,2,7,50,0.0370671,2,7,51,0.0370671,2,7,52,0.0370671,2,7,53,0.0370671,3,0,0,0.0370671,3,3,0,0.0370671,5,5,0,0.0370671,
f1g1
WHITE
3,5,14,14,14,14,14,3,14,14,14,14,14,0,14,0,14,14,8,14,14,8,14,14,0,14,14,14,14,14,14,14,8,14,14,14,8,14,4,8,10,14,14,13,14,14,11,14,14,2,14,14,9,14,14,14,14,11,14,14,14,2,14,14,0,0,0,0,-1,
0,0,0,0.00695059,0,0,1,0.00695059,0,1,7,0.00695062,0,1,14,0.00695062,0,1,49,0.00695059,0,7,42,0.00695062,0,7,43,0.00695062,0,7,44,0.00695059,0,7,45,0.00695059,0,7,46,0.00695059,1,7,0,0.00695059,1,7,1,0.00695059,4,6,0,0.00695062,4,6,7,0.00695059,4,6,14,0.00695059,4,6,21,0.00695062,4,6,28,0.00695059,4,6,29,0.00695059,4,6,30,0.00695062,4,6,31,0.00695062,4,6,35,0.00695062,4,6,36,0.00695059,4,6,37,0.00695062,4,6,38,0.00695062,4,6,42,0.00695059,4,6,43,0.00695059,4,6,49,0.00695062,4,6,50,0.791482,7,5,21,0.00695059,7,5,22,0.00695062,7,5,35,0.00695062,
b4d2 (capture)
BLACK
-1 WINNER!
