3,1,2,4,5,2,1,3,0,0,0,0,0,0,0,0,14,14,14,14,14,14,14,14,14,14,14,14,14,14,14,14,14,14,14,14,14,14,14,14,14,14,14,14,14,14,14,14,8,8,8,8,8,8,8,8,11,9,10,12,13,10,9,11,1,1,1,1,-1,
0,1,57,0.0501002,0,1,58,0.0501002,0,6,57,0.0501002,0,6,58,0.0501002,1,0,0,0.0501002,1,0,1,0.0501002,1,1,0,0.0501002,1,1,1,0.0501002,1,2,0,0.0501002,1,2,1,0.0501002,1,3,0,0.0501002,1,3,1,0.0501002,1,4,0,0.0501002,1,4,1,0.0480961,1,5,0,0.0501002,1,5,1,0.0501002,1,6,0,0.0501002,1,6,1,0.0501002,1,7,0,0.0501002,1,7,1,0.0501002,
b2b4
WHITE
3,1,2,5,4,2,1,3,0,0,0,0,0,0,0,0,14,14,14,14,14,14,14,14,14,14,14,14,14,14,14,14,14,14,14,14,14,14,8,14,14,14,14,14,14,14,14,14,8,8,8,8,8,8,14,8,11,9,10,13,12,10,9,11,1,1,1,1,46,
0,1,57,0.0501002,0,1,58,0.0501002,0,6,57,0.0501002,0,6,58,0.0501002,1,0,0,0.0501002,1,0,1,0.0501002,1,1,0,0.0501002,1,1,1,0.0501002,1,2,0,0.0501002,1,2,1,0.0501002,1,3,0,0.0501002,1,3,1,0.0501002,1,4,0,0.0501002,1,4,1,0.0480961,1,5,0,0.0501002,1,5,1,0.0501002,1,6,0,0.0501002,1,6,1,0.0501002,1,7,0,0.0501002,1,7,1,0.0501002,
e7e6
BLACK
3,1,2,4,5,2,1,3,0,14,0,0,0,0,0,0,14,14,14,14,14,14,14,14,14,0,14,14,14,14,14,14,14,14,14,14,14,14,14,14,14,14,14,14,8,14,14,14,8,8,8,8,14,8,8,8,11,9,10,12,13,10,9,11,1,1,1,1,-1,
0,1,57,0.0480962,0,1,58,0.0480962,0,2,49,0.0480962,0,2,50,0.0480962,0,6,57,0.0460922,0,6,58,0.0480962,1,0,0,0.0480962,1,0,1,0.0480962,1,2,0,0.0480962,1,2,1,0.0480962,1,3,0,0.0480962,1,3,1,0.0480962,1,4,0,0.0480962,1,4,1,0.0460922,1,5,0,0.0480962,1,5,1,0.0460922,1,6,0,0.0480962,1,6,1,0.0480962,1,7,0,0.0460922,1,7,1,0.0480962,3,1,0,0.0460922,
e2e3
WHITE
3,1,2,5,4,2,1,3,0,0,0,14,0,0,0,0,14,14,14,0,14,14,14,14,14,14,14,14,14,14,14,14,14,14,14,14,14,14,8,14,14,14,14,8,14,14,14,14,8,8,8,14,8,8,14,8,11,9,10,13,12,10,9,11,1,1,1,1,-1,
0,1,56,0.0340682,0,1,57,0.0340681,0,1,58,0.0340681,0,2,7,0.0340681,0,2,8,0.0360722,0,2,9,0.0360722,0,2,10,0.0340682,0,3,0,0.0340681,0,4,49,0.0340681,0,4,50,0.0340681,0,4,51,0.0340682,0,4,52,0.0340682,0,6,57,0.0340681,0,6,58,0.0340681,1,0,0,0.0360722,1,0,1,0.0340682,1,1,0,0.0360721,1,1,1,0.0340681,1,2,0,0.0340682,1,2,1,0.0360721,1,4,0,0.0340682,1,4,1,0.0340681,1,5,0,0.0340682,1,5,1,0.0340681,1,6,0,0.0360721,1,6,1,0.0340682,1,7,0,0.0340681,1,7,1,0.0340681,2,3,0,0.0340681,
d8e7
BLACK
3,1,2,4,5,2,1,3,0,14,0,0,14,0,0,0,14,14,14,14,0,14,14,14,14,0,14,14,14,14,14,14,14,14,14,14,14,14,14,14,14,14,14,14,8,14,14,14,8,8,8,8,12,8,8,8,11,9,10,14,13,10,9,11,1,1,1,1,-1,
0,1,57,0.0320641,0,1,58,0.0320641,0,2,49,0.0320641,0,2,50,0.0320641,0,3,7,0.0320641,0,3,8,0.0320641,0,3,9,0.0320641,0,3,10,0.0320641,0,4,0,0.0340681,0,5,49,0.0320641,0,5,50,0.0320641,0,5,51,0.0320641,0,5,52,0.0340681,0,5,53,0.0320641,0,6,57,0.0320641,0,6,58,0.0320641,0,6,59,0.0320641,1,0,0,0.0320641,1,0,1,0.0320641,1,2,0,0.0320641,1,2,1,0.0320641,1,3,0,0.0320641,1,3,1,0.0320641,1,5,0,0.0320641,1,5,1,0.0320641,1,6,0,0.0320641,1,6,1,0.0320641,1,7,0,0.0320641,1,7,1,0.0320641,2,4,0,0.0340681,3,1,0,0.0320641,
h2h4
WHITE
3,1,2,5,14,2,1,3,0,0,0,4,0,0,0,0,14,14,14,0,14,14,14,14,14,14,14,14,14,14,14,14,8,14,14,14,14,14,8,14,14,14,14,8,14,14,14,14,14,8,8,14,8,8,14,8,11,9,10,13,12,10,9,11,1,1,1,1,40,
0,1,57,0.0360721,0,1,58,0.0380761,0,3,14,0.0380761,0,6,57,0.0360722,0,6,58,0.0360721,1,0,0,0.0380761,1,0,1,0.0360722,1,1,0,0.0380762,1,1,1,0.0380762,1,2,0,0.0360722,1,2,1,0.0380761,1,3,7,0.0360722,1,3,8,0.0380762,1,3,9,0.0360721,1,3,21,0.0360721,1,3,49,0.0380761,1,3,50,0.0380761,1,3,51,0.0380761,1,4,0,0.0380762,1,4,1,0.0360721,1,5,0,0.0360721,1,5,1,0.0360721,1,6,0,0.0380761,1,6,1,0.0380761,1,7,0,0.0360721,1,7,1,0.0360721,2,3,0,0.0360721,
e7g5
BLACK
3,1,2,4,5,2,1,3,0,14,0,0,14,0,0,14,14,14,14,14,0,14,14,14,14,0,14,14,14,14,14,0,14,14,14,14,14,14,12,14,14,14,14,14,8,14,14,14,8,8,8,8,14,8,8,8,11,9,10,14,13,10,9,11,1,1,1,1,-1,
0,1,57,0.0300601,0,1,58,0.0300601,0,2,49,0.0300601,0,2,50,0.0300601,0,3,7,0.0300601,0,3,8,0.0300601,0,3,9,0.0300601,0,3,10,0.0300601,0,4,0,0.0320641,0,5,49,0.0300601,0,5,50,0.0300601,0,5,51,0.0300601,0,5,52,0.0320641,0,5,53,0.0300601,0,6,57,0.0300601,0,6,58,0.0300601,0,6,59,0.0320642,0,7,0,0.0300601,0,7,1,0.0300601,1,0,0,0.0300601,1,0,1,0.0300601,1,2,0,0.0300601,1,2,1,0.0300601,1,3,0,0.0300601,1,3,1,0.0300601,1,5,0,0.0300601,1,5,1,0.0300601,1,6,0,0.0300601,1,6,1,0.0300601,2,4,0,0.0320641,3,1,0,0.0300601,3,7,0,0.0300601,3,7,49,0.0300601,
g1h3
WHITE
3,1,2,5,14,2,1,3,0,0,0,14,0,0,0,0,14,14,14,0,14,14,14,14,14,4,14,14,14,14,14,14,8,14,14,14,14,14,8,14,9,14,14,8,14,14,14,14,14,8,8,14,8,8,14,8,11,14,10,13,12,10,9,11,1,1,1,1,-1,
0,1,56,0.0240481,0,1,57,0.0220441,0,1,58,0.0240481,0,2,7,0.0220441,0,2,8,0.0240481,0,2,9,0.0240481,0,2,10,0.0240481,0,3,0,0.0220441,0,3,14,0.0240481,0,6,57,0.0220441,0,6,58,0.0220441,1,0,0,0.0240481,1,0,1,0.0240481,1,1,0,0.0240481,1,2,0,0.0220441,1,2,1,0.0240481,1,4,0,0.0240481,1,4,1,0.0220441,1,5,0,0.0220441,1,5,1,0.0220441,1,6,0,0.0240481,1,6,1,0.0240481,1,7,0,0.0220441,1,7,1,0.0220441,2,3,0,0.0220441,3,1,0,0.0220441,3,1,1,0.0220441,3,1,2,0.0240481,3,1,7,0.0240481,3,1,8,0.0240481,3,1,14,0.0240481,3,1,15,0.0240481,3,1,16,0.0240481,3,1,17,0.0220441,3,1,18,0.0240481,3,1,19,0.0220441,3,1,21,0.0240481,3,1,22,0.0240481,3,1,23,0.0240481,3,1,28,0.0220441,3,1,35,0.0240481,3,1,42,0.0240481,3,1,49,0.0240481,
g5h5
BLACK
3,1,2,4,5,2,14,3,0,14,0,0,14,0,0,14,14,14,14,14,0,14,14,1,14,0,14,14,14,14,14,0,14,14,14,14,14,14,14,12,14,14,14,14,8,14,14,14,8,8,8,8,14,8,8,8,11,9,10,14,13,10,9,11,1,1,1,1,-1,
0,1,57,0.0320641,0,1,58,0.0340682,0,2,49,0.0320641,0,2,50,0.0320641,0,3,7,0.0340681,0,3,8,0.0340681,0,3,9,0.0340681,0,3,10,0.0340682,0,5,49,0.0320641,0,5,50,0.0320641,0,5,51,0.0340681,0,5,52,0.0340681,0,5,53,0.0340681,0,7,0,0.0340681,0,7,42,0.0320641,1,0,0,0.0340681,1,0,1,0.0320641,1,2,0,0.0320641,1,2,1,0.0340681,1,3,0,0.0340681,1,3,1,0.0340681,1,5,0,0.0320641,1,5,1,0.0320641,1,6,0,0.0340681,1,6,1,0.0340681,2,4,0,0.0340681,2,7,58,0.0340681,2,7,59,0.0340682,2,7,61,0.0340681,3,1,0,0.0320641,
f2f3
WHITE
3,1,2,5,14,2,1,3,0,0,0,14,0,0,0,0,14,14,14,0,14,14,14,14,4,14,14,14,14,14,14,14,8,14,14,14,14,14,8,14,9,14,8,8,14,14,14,14,14,8,14,14,8,8,14,8,11,14,10,13,12,10,9,11,1,1,1,1,-1,
0,1,56,0.0260521,0,1,57,0.0260521,0,1,58,0.0280561,0,2,7,0.0260521,0,2,8,0.0280561,0,2,9,0.0280561,0,2,10,0.0260521,0,3,0,0.0260521,0,3,14,0.0280561,0,6,57,0.0260521,0,6,58,0.0260521,1,0,0,0.0280561,1,1,0,0.0280561,1,1,1,0.0260521,1,2,0,0.0260521,1,2,1,0.0280561,1,4,0,0.0280561,1,4,1,0.0260521,1,5,0,0.0260521,1,5,1,0.0260521,1,6,0,0.0280561,1,6,1,0.0280561,1,7,0,0.0260521,1,7,1,0.0260521,2,3,0,0.0260521,3,0,0,0.0280561,3,0,7,0.0260521,3,0,8,0.0280561,3,0,14,0.0280561,3,0,15,0.0280561,3,0,16,0.0280561,3,0,17,0.0260521,3,0,18,0.0280561,3,0,19,0.0260521,3,0,20,0.0280561,3,0,21,0.0280561,3,0,28,0.0260521,
f8e7
BLACK
3,1,2,4,5,2,14,3,0,14,0,0,14,14,0,14,14,14,14,14,0,0,14,1,14,0,14,14,14,14,14,0,14,14,14,14,14,14,14,12,14,14,14,14,8,14,14,14,8,8,8,8,10,8,8,8,11,9,10,14,13,14,9,11,1,1,1,1,-1,
0,1,57,0.0340681,0,1,58,0.0340681,0,2,49,0.0340681,0,2,50,0.0340681,0,3,7,0.0340681,0,4,0,0.0360722,0,4,7,0.0340682,0,5,49,0.0340682,0,5,50,0.0340681,0,5,51,0.0340682,0,5,52,0.0360722,0,5,53,0.0340682,0,7,0,0.0360721,0,7,42,0.0340681,1,0,0,0.0340682,1,0,1,0.0340682,1,2,0,0.0340681,1,2,1,0.0340681,1,3,0,0.0340682,1,3,1,0.0340681,1,6,0,0.0340681,1,6,1,0.0340682,2,4,0,0.0360721,2,5,0,0.0360722,2,7,58,0.0340682,2,7,59,0.0360721,2,7,60,0.0340681,2,7,61,0.0340681,3,1,0,0.0340681,
f1c4
WHITE
3,1,14,5,14,2,1,3,0,0,0,2,0,0,0,0,14,14,14,0,14,14,14,14,4,14,14,14,14,14,14,14,8,14,14,14,14,10,8,14,9,14,8,8,14,14,14,14,14,8,14,14,8,8,14,8,11,14,14,13,12,10,9,11,1,1,1,1,-1,
0,1,57,0.0240481,0,1,58,0.0260521,0,3,14,0.0240481,0,3,42,0.0260521,0,6,57,0.0240481,0,6,58,0.0240481,1,0,0,0.0260521,1,1,0,0.0260521,1,1,1,0.0240481,1,2,0,0.0240481,1,2,1,0.0260521,1,3,7,0.0240481,1,3,8,0.0260521,1,3,9,0.0240481,1,3,21,0.0240481,1,3,35,0.0260521,1,3,49,0.0260521,1,3,50,0.0240481,1,3,51,0.0260521,1,4,0,0.0260521,1,4,1,0.0240481,1,5,0,0.0240481,1,5,1,0.0240481,1,6,0,0.0260521,1,6,1,0.0260521,1,7,0,0.0240481,1,7,1,0.0240481,2,3,0,0.024048,3,0,0,0.0260521,3,0,7,0.0240481,3,0,8,0.0260521,3,0,14,0.0240481,3,0,15,0.0260521,3,0,16,0.0260521,3,0,17,0.0240481,3,0,18,0.0260521,3,0,19,0.0240481,3,0,20,0.0260521,3,0,21,0.0260521,3,0,28,0.0240481,
b7b6
BLACK
3,1,2,4,5,14,14,3,0,14,0,0,14,14,0,14,14,14,14,14,0,0,14,1,14,0,2,14,14,14,14,0,14,14,14,14,14,14,14,12,14,8,14,14,8,14,14,14,8,14,8,8,10,8,8,8,11,9,10,14,13,14,9,11,1,1,1,1,-1,
0,1,57,0.0280561,0,1,58,0.0300601,0,2,49,0.0280561,0,2,50,0.0280561,0,3,7,0.0300601,0,4,0,0.0300601,0,4,7,0.0300601,0,4,14,0.0300601,0,4,16,0.0300601,0,7,0,0.0300601,0,7,42,0.0280561,0,7,43,0.0280561,1,0,0,0.0300601,1,0,1,0.0280561,1,2,0,0.0280561,1,3,0,0.0300601,1,3,1,0.0300601,1,6,0,0.0300601,1,6,1,0.0300601,2,4,0,0.0300601,2,5,0,0.0300601,2,7,58,0.0300601,2,7,59,0.0300601,2,7,60,0.0280561,2,7,61,0.0300601,3,1,0,0.0280561,3,2,7,0.0280561,3,2,8,0.0300601,3,2,21,0.0300601,3,2,22,0.0280561,3,2,23,0.0300601,3,2,35,0.0300601,3,2,49,0.0300601,3,2,50,0.0300601,
h3g5
WHITE
3,1,14,5,14,2,1,3,0,0,0,2,0,0,14,0,14,14,14,0,14,14,0,14,4,9,14,14,14,14,14,14,8,14,14,14,14,10,8,14,14,14,8,8,14,14,14,14,14,8,14,14,8,8,14,8,11,14,14,13,12,10,9,11,1,1,1,1,-1,
0,1,57,0.0300601,0,1,58,0.0300601,0,3,14,0.0300601,0,3,42,0.0300601,0,5,7,0.0300601,0,5,8,0.0300601,0,6,57,0.0300601,0,6,58,0.0300601,1,0,0,0.0300601,1,1,0,0.0300601,1,2,0,0.0300601,1,2,1,0.0300601,1,3,7,0.0300601,1,3,8,0.0300601,1,3,9,0.0300601,1,3,21,0.0300601,1,3,35,0.0320641,1,3,49,0.0300601,1,3,50,0.0300601,1,4,0,0.0300601,1,4,1,0.0300601,1,5,0,0.0300601,1,5,1,0.0300601,1,7,0,0.0300601,1,7,1,0.0300601,2,3,0,0.0300601,2,6,0,0.0320642,3,0,0,0.0320641,3,0,7,0.0300601,3,0,8,0.0300601,3,0,14,0.0300601,3,0,21,0.0320641,3,0,28,0.0300601,
b8a6
BLACK
3,1,2,4,5,14,14,3,0,14,0,0,14,14,0,14,14,14,14,14,0,0,14,14,14,0,2,14,14,14,14,0,14,14,14,14,14,14,1,12,9,8,14,14,8,14,14,14,8,14,8,8,10,8,8,8,11,14,10,14,13,14,9,11,1,1,1,1,-1,
0,1,57,0.0280561,0,1,58,0.0280561,0,2,49,0.0280561,0,2,50,0.0280561,0,3,7,0.0280561,0,4,0,0.0280561,0,4,7,0.0280561,0,4,14,0.0280561,0,4,16,0.0280561,0,7,0,0.0280561,0,7,1,0.0260521,0,7,42,0.0260521,0,7,43,0.0280561,1,0,0,0.0280561,1,0,1,0.0280561,1,2,0,0.0280561,1,3,0,0.0280561,1,3,1,0.0280561,1,6,0,0.0280561,1,6,1,0.0280561,2,4,0,0.0280561,2,5,0,0.0280561,3,1,0,0.0260521,3,2,7,0.0280561,3,2,8,0.0280561,3,2,21,0.0280561,3,2,22,0.0260522,3,2,23,0.0280561,3,2,35,0.0280561,3,2,49,0.0280561,3,2,50,0.0280561,4,6,57,0.0280561,4,6,58,0.0280561,4,6,59,0.0280561,4,6,60,0.0280561,4,6,62,0.0260521,
g5f7 (capture)
WHITE
3,1,14,5,14,2,14,3,0,0,9,2,0,0,14,0,14,14,14,0,14,14,0,1,4,14,14,14,14,14,14,14,8,14,14,14,14,10,8,14,14,14,8,8,14,14,14,14,14,8,14,14,8,8,14,8,11,14,14,13,12,10,9,11,1,1,1,1,-1,
0,1,57,0.0260521,0,1,58,0.0260521,0,3,42,0.0260521,0,3,49,0.0240481,0,5,7,0.0260521,0,7,42,0.0240481,1,0,0,0.0260521,1,1,0,0.0260521,1,1,1,0.0260521,1,3,7,0.0260521,1,3,8,0.0260521,1,3,9,0.0260521,1,3,21,0.024048,1,3,35,0.0260521,1,3,49,0.0260521,1,3,50,0.0260521,1,3,51,0.0260521,1,4,0,0.0260521,1,4,1,0.0240481,1,5,0,0.0260522,1,5,1,0.0240481,2,3,0,0.0240481,2,6,0,0.0260521,2,7,58,0.0260521,2,7,59,0.0260521,2,7,61,0.0260522,3,0,0,0.0260521,3,0,7,0.0240481,3,0,8,0.0260521,3,0,14,0.0260521,3,0,15,0.0260521,3,0,16,0.0260521,3,0,17,0.0260521,3,0,18,0.0260521,3,0,19,0.0260521,3,0,20,0.0260521,3,0,21,0.0260521,3,0,22,0.0260521,3,0,28,0.0240481,
e7f6
BLACK
3,1,2,4,5,14,14,3,0,14,0,0,14,14,0,14,14,14,14,14,0,0,14,14,14,0,2,14,14,14,14,0,14,14,14,14,14,14,14,12,9,8,14,14,8,10,14,14,8,14,8,8,14,1,8,8,11,14,10,14,13,14,9,11,1,1,1,1,-1,
0,1,57,0.0260521,0,1,58,0.0260521,0,2,49,0.0260521,0,2,50,0.0260521,0,3,7,0.0280561,0,4,0,0.0280561,0,4,7,0.0260521,0,4,14,0.0260521,0,4,16,0.0280561,0,7,0,0.0280561,0,7,1,0.0260521,0,7,42,0.0260521,0,7,43,0.0260521,1,0,0,0.0280561,1,0,1,0.0260521,1,2,0,0.0260521,1,3,0,0.0280561,1,3,1,0.0280561,1,6,0,0.0280561,1,6,1,0.0280561,2,4,0,0.0280561,2,5,0,0.0280561,3,1,0,0.0260521,3,2,7,0.0260521,3,2,8,0.0280561,3,2,21,0.0280561,3,2,22,0.0260521,3,2,23,0.0280561,3,2,35,0.0280561,3,2,49,0.0260521,3,2,50,0.0280561,6,5,56,0.0260521,6,5,59,0.0280561,6,5,60,0.0260521,6,5,61,0.0260521,6,5,62,0.0280561,6,5,63,0.0260521,
c4e2
WHITE
3,1,14,5,14,2,14,3,0,0,9,14,0,0,14,0,14,14,2,0,14,14,0,1,4,14,14,14,14,14,14,14,8,14,14,14,14,14,8,14,14,14,8,8,14,14,14,14,14,8,14,10,8,8,14,8,11,14,14,13,12,10,9,11,1,1,1,1,-1,
0,1,56,0.0240481,0,1,58,0.0240481,0,3,0,0.0240481,0,3,42,0.0240481,0,3,49,0.0240481,0,5,7,0.0240481,0,7,42,0.0240481,1,0,0,0.0240481,1,1,0,0.0240481,1,1,1,0.0240481,1,4,0,0.0240481,1,4,1,0.0240481,1,5,0,0.0240481,1,5,1,0.0240481,2,2,7,0.0240481,2,2,8,0.0240481,2,2,9,0.0240481,2,2,10,0.0240481,2,2,11,0.0240481,2,2,21,0.0240481,2,2,22,0.0260521,2,2,49,0.0240481,2,2,50,0.0260521,2,3,0,0.024048,2,6,0,0.0240481,2,7,58,0.0240481,2,7,59,0.0240481,2,7,61,0.0240481,3,0,0,0.0240481,3,0,7,0.0240481,3,0,8,0.0240481,3,0,14,0.0240481,3,0,15,0.0260521,3,0,16,0.0240481,3,0,17,0.0240481,3,0,18,0.0260521,3,0,19,0.0240481,3,0,20,0.0260521,3,0,21,0.0260521,3,0,22,0.0260521,3,0,28,0.0240481,
f6e7
BLACK
3,1,2,4,5,14,14,3,0,14,0,0,2,14,0,14,14,14,14,14,0,0,14,14,14,0,14,14,14,14,14,0,14,14,14,14,14,14,14,12,9,8,14,14,8,14,14,14,8,14,8,8,10,1,8,8,11,14,10,14,13,14,9,11,1,1,1,1,-1,
0,1,57,0.0300601,0,1,58,0.0300601,0,2,49,0.0300601,0,2,50,0.0300601,0,4,7,0.0300601,0,4,14,0.0300601,0,4,16,0.0300601,0,7,0,0.0300601,0,7,1,0.0300601,0,7,42,0.0300601,0,7,43,0.0300601,1,0,0,0.0300601,1,0,1,0.0300601,1,2,0,0.0300601,1,2,1,0.0300601,1,3,0,0.0300601,1,3,1,0.0300601,1,4,21,0.0300601,1,4,49,0.0300601,1,4,50,0.0300601,1,4,51,0.0300601,1,4,52,0.0320641,1,6,0,0.0300601,1,6,1,0.0300601,2,4,0,0.0320641,2,5,0,0.0320641,3,1,0,0.0300601,6,5,56,0.0300601,6,5,59,0.0300601,6,5,60,0.0300601,6,5,61,0.0300601,6,5,62,0.0320642,6,5,63,0.0300601,
f7h6
WHITE
3,1,14,5,14,2,14,3,0,0,14,2,0,0,14,0,9,14,14,0,14,14,0,1,4,14,14,14,14,14,14,14,8,14,14,14,14,14,8,14,14,14,8,8,14,14,14,14,14,8,14,10,8,8,14,8,11,14,14,13,12,10,9,11,1,1,1,1,-1,
0,1,57,0.0260521,0,1,58,0.0260521,0,3,14,0.0260521,0,3,42,0.0260521,0,5,7,0.0260521,0,7,42,0.0240481,1,1,0,0.0260521,1,1,1,0.0260521,1,1,49,0.0260521,1,3,7,0.0260522,1,3,8,0.0260521,1,3,9,0.0260521,1,3,21,0.0240481,1,3,35,0.0260521,1,3,49,0.0260521,1,3,50,0.0260521,1,3,51,0.0260521,1,4,0,0.0260521,1,4,1,0.0240481,1,5,0,0.0260521,1,5,1,0.0240481,2,3,0,0.0240481,2,6,0,0.0260521,2,7,58,0.0260521,2,7,59,0.0260521,2,7,61,0.0260522,3,0,0,0.0260521,3,0,7,0.0240481,3,0,8,0.0260521,3,0,14,0.0260521,3,0,15,0.0260521,3,0,16,0.0260521,3,0,17,0.0240481,3,0,18,0.0260521,3,0,19,0.0260521,3,0,20,0.0260521,3,0,21,0.0260521,3,0,22,0.0260521,3,0,28,0.024048,
h5h4 (capture)
BLACK
3,1,2,4,5,14,14,3,0,14,0,0,2,14,0,14,14,14,14,14,0,0,14,14,14,0,14,14,14,14,14,12,14,14,14,14,14,14,14,14,9,8,14,14,8,14,14,1,8,14,8,8,10,14,8,8,11,14,10,14,13,14,9,11,1,1,1,1,-1,
0,4,14,0.332665,0,7,2,0.332665,1,6,0,0.334669,
e1f1
WHITE
3,1,14,5,14,2,14,3,0,0,14,2,0,0,14,0,9,14,14,0,14,14,0,1,14,14,14,14,14,14,14,14,4,14,14,14,14,14,8,14,14,14,8,8,14,14,14,14,14,8,14,10,8,8,14,8,11,14,13,14,12,10,9,11,1,1,0,0,-1,
0,1,57,0.0240481,0,1,58,0.0240481,0,3,14,0.0240481,0,3,42,0.0240481,0,5,7,0.0240481,0,7,42,0.0240481,1,1,0,0.0240481,1,1,1,0.0240481,1,1,49,0.0240481,1,3,7,0.0240481,1,3,8,0.0240481,1,3,9,0.0240481,1,3,21,0.0240481,1,3,35,0.0260521,1,3,49,0.0240481,1,3,50,0.0240481,1,4,0,0.0240481,1,4,1,0.0240481,1,5,0,0.0240481,1,5,1,0.0240481,2,3,0,0.024048,2,6,0,0.0260521,2,7,58,0.0240481,2,7,59,0.0240481,2,7,61,0.0240481,4,0,0,0.0240481,4,0,1,0.0240481,4,0,2,0.0260521,4,0,7,0.0240481,4,0,8,0.0260521,4,0,9,0.0240481,4,0,14,0.0240481,4,0,15,0.0260521,4,0,16,0.0240481,4,0,17,0.0240481,4,0,18,0.0240481,4,0,19,0.0240481,4,0,21,0.0260521,4,0,22,0.0240481,4,0,28,0.0260521,4,0,29,0.0240481,
a6c5
BLACK
3,1,2,4,14,5,14,3,0,14,0,0,2,14,0,14,14,14,14,14,0,0,14,14,14,0,14,14,14,14,14,12,14,14,9,14,14,14,14,14,14,8,14,14,8,14,14,1,8,14,8,8,10,14,8,8,11,14,10,14,13,14,9,11,0,0,1,1,-1,
0,1,57,0.0320641,0,1,58,0.0340681,0,2,49,0.0340681,0,2,50,0.0340682,0,3,14,0.0340681,0,5,14,0.0320641,0,7,0,0.0340681,0,7,1,0.0320641,0,7,2,0.0320641,0,7,42,0.0320641,1,0,0,0.0340682,1,0,1,0.0320641,1,2,0,0.0320641,1,2,1,0.0340681,1,3,0,0.0340681,1,3,1,0.0340681,1,4,49,0.0340681,1,4,50,0.0340681,1,4,51,0.0320641,1,4,52,0.0340681,1,6,0,0.0340681,1,6,1,0.0340681,2,4,0,0.0340681,2,5,0,0.0340681,3,1,0,0.0320641,3,1,7,0.0340682,5,7,58,0.0340681,5,7,59,0.0320641,5,7,60,0.0320641,5,7,61,0.0340681,
h1h4 (capture)
WHITE
3,1,14,5,14,2,14,3,0,0,14,2,0,0,14,0,9,14,14,0,14,14,0,14,14,14,14,14,14,1,14,14,11,14,14,14,14,14,8,14,14,14,8,8,14,14,14,14,14,8,14,10,8,8,14,8,14,14,13,14,12,10,9,11,1,1,0,0,-1,
0,1,57,0.0340681,0,1,58,0.0340681,0,3,14,0.0340682,0,3,42,0.0360722,0,5,7,0.0360721,0,5,8,0.0340682,0,7,42,0.0340681,1,1,0,0.0360721,1,1,1,0.0340682,1,1,49,0.0340682,1,3,7,0.0340681,1,3,21,0.0340682,1,3,35,0.0360722,1,3,49,0.0340682,1,3,50,0.0340681,1,3,51,0.0340682,1,4,0,0.0340681,1,4,1,0.0340681,1,5,0,0.0340681,1,7,0,0.0340681,1,7,1,0.0340681,2,3,0,0.0340681,2,6,0,0.0360722,3,5,56,0.0340682,3,5,57,0.0340681,3,5,58,0.0340682,3,5,59,0.0340681,3,5,62,0.0340681,3,5,63,0.0360721,
e6e5
BLACK
3,1,2,4,14,5,14,14,0,14,0,0,2,14,0,14,14,14,14,14,0,0,14,14,14,0,14,14,14,14,14,3,14,14,9,14,8,14,14,14,14,8,14,14,14,14,14,1,8,14,8,8,10,14,8,8,11,14,10,14,13,14,9,11,0,0,1,1,-1,
0,1,57,0.0260521,0,1,58,0.0260521,0,2,49,0.0260521,0,2,50,0.0260521,0,3,14,0.0260521,0,5,0,0.0260521,0,5,14,0.0260521,0,5,42,0.0260521,1,0,0,0.0280561,1,0,1,0.0260521,1,2,0,0.0260521,1,2,1,0.0280561,1,3,0,0.0280561,1,3,1,0.0280561,1,4,49,0.0280561,1,4,50,0.0280561,1,4,51,0.0260521,1,4,52,0.0280561,1,6,0,0.0280561,1,6,1,0.0260521,2,4,0,0.0280561,2,5,0,0.0280561,3,1,0,0.0260521,3,1,7,0.0280561,3,7,0,0.0260521,3,7,28,0.0260521,3,7,29,0.0280561,3,7,30,0.0280561,3,7,42,0.0280561,3,7,43,0.0280561,3,7,44,0.0260521,3,7,45,0.0280561,3,7,46,0.0260521,5,7,58,0.0280561,5,7,59,0.0260521,5,7,60,0.0260521,5,7,61,0.0280561,
f1g1
WHITE
3,1,14,5,14,2,14,3,0,0,14,2,0,0,14,0,9,14,14,14,14,14,0,14,14,14,14,0,14,1,14,14,11,14,14,14,14,14,8,14,14,14,8,8,14,14,14,14,14,8,14,10,8,8,14,8,14,13,14,14,12,10,9,11,1,1,0,0,-1,
0,1,57,0.0340681,0,1,58,0.0340681,0,3,14,0.0340681,0,3,42,0.0340682,0,5,7,0.0340681,0,5,8,0.0320641,0,7,42,0.0320641,1,1,0,0.0340681,1,1,1,0.0340681,1,1,49,0.0340681,1,3,7,0.0320641,1,3,21,0.0320641,1,3,35,0.0340681,1,3,49,0.0340681,1,3,50,0.0340681,1,3,51,0.0340681,1,4,0,0.0340682,1,4,1,0.0320641,1,5,0,0.0320641,1,7,0,0.0320641,1,7,1,0.0340681,2,6,0,0.0340681,3,3,0,0.0320641,3,5,56,0.0340682,3,5,57,0.0320641,3,5,58,0.0340681,3,5,59,0.0320641,3,5,60,0.0340681,3,5,62,0.0320641,3,5,63,0.0340681,
e7d6
BLACK
3,1,2,4,14,14,5,14,0,14,0,0,2,14,0,14,14,14,14,14,0,0,14,14,14,0,14,14,14,14,14,3,14,14,9,14,8,14,14,14,14,8,14,10,14,14,14,1,8,14,8,8,14,14,8,8,11,14,10,14,13,14,9,11,0,0,1,1,-1,
0,1,57,0.0240481,0,1,58,0.0240481,0,2,49,0.0240481,0,2,50,0.0240481,0,3,14,0.0240481,0,3,15,0.0240481,0,6,7,0.0260521,0,6,14,0.0240481,0,6,42,0.0240481,0,6,49,0.0260521,1,0,0,0.0260521,1,0,1,0.0240481,1,2,0,0.0240481,1,2,1,0.0260521,1,3,0,0.0260521,1,3,1,0.0260521,1,4,21,0.0240481,1,4,49,0.0260521,1,4,50,0.0240481,1,4,51,0.024048,1,4,52,0.0260521,1,6,0,0.0260521,1,6,1,0.0240481,2,4,0,0.0260521,2,5,0,0.0260521,3,1,0,0.0240481,3,1,7,0.0260521,3,7,0,0.0240481,3,7,28,0.0240481,3,7,29,0.0260521,3,7,30,0.0260521,3,7,42,0.0260521,3,7,43,0.0260521,3,7,44,0.0240481,3,7,45,0.0260521,3,7,46,0.0240481,5,7,58,0.0260521,5,7,59,0.0240481,5,7,60,0.0240481,5,7,61,0.0260521,
e3e4
WHITE
3,1,14,5,14,2,14,3,0,0,14,14,0,0,14,0,9,14,14,14,2,14,0,14,14,14,14,0,14,1,14,14,11,14,14,8,14,14,8,14,14,14,8,14,14,14,14,14,14,8,14,10,8,8,14,8,14,13,14,14,12,10,9,11,1,1,0,0,-1,
0,1,56,0.0400801,0,1,57,0.0400802,0,1,58,0.0400802,0,3,0,0.0400801,0,3,14,0.0400801,0,3,42,0.0400802,0,5,7,0.0400802,0,5,8,0.0400802,0,7,42,0.0380762,1,1,0,0.0400802,1,1,1,0.0400802,1,1,49,0.0400802,1,5,0,0.0400802,1,7,0,0.0400802,1,7,1,0.0400802,2,4,35,0.0400802,2,4,36,0.0400802,2,6,0,0.0400802,3,5,56,0.0400801,3,5,57,0.0400801,3,5,58,0.0400801,3,5,59,0.0400802,3,5,60,0.0400802,3,5,62,0.0400801,3,5,63,0.0400801,
b6b5
BLACK
3,1,2,4,14,14,5,14,0,14,0,0,2,14,0,14,14,14,14,14,14,0,14,14,14,0,14,14,0,14,14,3,14,8,9,14,8,14,14,14,14,14,14,10,14,14,14,1,8,14,8,8,14,14,8,8,11,14,10,14,13,14,9,11,0,0,1,1,-1,
0,1,57,0.0280561,0,1,58,0.0300601,0,2,49,0.0300601,0,2,50,0.0300601,0,3,14,0.0300601,0,3,15,0.0280561,0,6,7,0.0300601,0,6,14,0.0300601,0,6,42,0.0280561,0,6,49,0.0300601,1,0,0,0.0300601,1,0,1,0.0280561,1,2,0,0.0280561,1,2,1,0.0300601,1,3,0,0.0300601,1,3,1,0.0300601,1,4,21,0.0280561,1,4,49,0.0300601,1,4,50,0.0300601,1,4,51,0.0280561,1,6,0,0.0300601,1,6,1,0.0300601,2,5,0,0.0300601,3,1,7,0.0300601,3,7,0,0.0280561,3,7,28,0.0280561,3,7,29,0.0300601,3,7,30,0.0300601,3,7,42,0.0300601,3,7,43,0.0300601,5,7,58,0.0300601,5,7,59,0.0280561,5,7,60,0.0280561,5,7,61,0.0300601,
c2c4
WHITE
3,1,14,5,14,2,14,3,0,0,14,14,0,0,14,0,9,14,14,14,2,14,14,14,14,14,14,0,14,1,0,14,11,14,14,8,14,8,8,14,14,14,8,14,14,14,14,14,14,8,14,10,8,14,14,8,14,13,14,14,12,10,9,11,1,1,0,0,45,
0,1,56,0.0400801,0,1,57,0.0400802,0,1,58,0.0400802,0,3,0,0.0400802,0,3,14,0.0400802,0,3,42,0.0400802,0,5,7,0.0400802,0,5,8,0.0400802,0,7,42,0.0380762,1,1,0,0.0400801,1,1,1,0.0400801,1,1,49,0.0400802,1,5,0,0.0400802,1,7,0,0.0400801,1,7,1,0.0400801,2,4,35,0.0400802,2,4,36,0.0400802,3,5,56,0.0400802,3,5,57,0.0400802,3,5,58,0.0400801,3,5,59,0.0400801,3,5,60,0.0400802,3,5,62,0.0400801,3,5,63,0.0400802,3,6,49,0.0400802,
e8f8
BLACK
3,1,2,4,14,14,5,14,0,14,14,0,2,14,0,14,14,14,14,14,14,0,14,14,14,0,0,14,0,14,14,3,14,8,9,14,8,14,14,14,14,14,14,10,14,14,14,1,8,14,8,8,14,14,8,8,11,14,10,14,14,13,9,11,0,0,0,0,-1,
0,1,57,0.0280561,0,1,58,0.0300601,0,2,49,0.0300601,0,2,50,0.0300601,0,3,14,0.0300601,0,3,15,0.0280561,0,3,49,0.0280561,0,3,50,0.0280561,0,3,51,0.0300601,0,6,7,0.0300601,0,6,14,0.0300601,0,6,42,0.0280561,0,6,49,0.0300601,1,0,0,0.0300601,1,0,1,0.0280561,1,3,0,0.0300601,1,3,1,0.0300601,1,4,21,0.0280561,1,4,49,0.0300601,1,6,0,0.0300601,1,6,1,0.0300601,2,5,0,0.0300601,3,1,7,0.0300601,3,2,49,0.0300601,3,7,0,0.0280561,3,7,28,0.0280561,3,7,29,0.0300601,3,7,30,0.0300601,3,7,42,0.0300601,3,7,43,0.0300601,5,7,58,0.0300601,5,7,59,0.0280561,5,7,60,0.0280561,5,7,61,0.0300601,
g1h1
WHITE
3,1,5,14,14,2,14,3,0,0,14,14,0,0,14,0,9,14,14,14,2,14,14,14,14,14,14,0,14,1,0,14,11,14,14,8,14,8,8,14,14,14,8,14,14,14,14,14,14,8,14,10,8,14,14,8,13,14,14,14,12,10,9,11,0,0,0,0,-1,
0,1,56,0.0440882,0,1,57,0.0440882,0,1,58,0.0440882,0,2,7,0.0420842,0,2,14,0.0440882,0,5,7,0.0440882,0,5,8,0.0420842,0,7,42,0.0420842,1,1,0,0.0440882,1,1,1,0.0440882,1,1,49,0.0440882,1,5,0,0.0440882,1,7,0,0.0420842,1,7,1,0.0440882,2,4,35,0.0420842,3,5,56,0.0440882,3,5,57,0.0440882,3,5,58,0.0440882,3,5,59,0.0440882,3,5,60,0.0440882,3,5,62,0.0420842,3,5,63,0.0440882,3,6,49,0.0420842,
a7a6
BLACK
3,1,2,4,14,14,14,5,0,14,14,0,2,14,0,14,14,14,14,14,14,0,14,14,14,0,0,14,0,14,14,3,14,8,9,14,8,14,14,14,8,14,14,10,14,14,14,1,14,14,8,8,14,14,8,8,11,14,10,14,14,13,9,11,0,0,0,0,-1,
0,1,57,0.0300601,0,1,58,0.0320641,0,2,49,0.0320641,0,2,50,0.0300601,0,3,14,0.0320641,0,3,15,0.0300601,0,3,16,0.0300601,0,3,49,0.0300601,0,3,50,0.0300601,0,3,51,0.0320641,0,7,0,0.0320641,0,7,42,0.0300601,1,0,0,0.0320641,1,0,1,0.0300601,1,3,0,0.0320641,1,3,1,0.0320642,1,4,21,0.0300601,1,4,49,0.0320641,1,6,0,0.0320641,1,6,1,0.0320641,2,5,0,0.0320642,3,1,7,0.0320641,3,2,49,0.0320641,3,7,0,0.0300601,3,7,28,0.0300601,3,7,29,0.0320641,3,7,42,0.0320642,3,7,43,0.0320641,5,7,58,0.0320641,5,7,59,0.0300601,5,7,60,0.0300601,5,7,61,0.0320641,
h1h2
WHITE
3,1,5,14,14,2,14,3,0,0,14,14,0,0,14,14,9,14,14,14,2,14,14,0,14,14,14,0,14,1,0,14,11,14,14,8,14,8,8,14,14,14,8,14,14,14,14,14,13,8,14,10,8,14,14,8,14,14,14,14,12,10,9,11,0,0,0,0,-1,
0,1,56,0.0480962,0,1,57,0.0480962,0,1,58,0.0480962,0,2,7,0.0460922,0,2,14,0.0480962,0,5,7,0.0480962,0,7,0,0.0480962,0,7,42,0.0460922,1,1,0,0.0480962,1,1,1,0.0480962,1,1,49,0.0480962,1,5,0,0.0480962,2,4,35,0.0460922,2,7,0,0.0480962,3,5,56,0.0480962,3,5,57,0.0480962,3,5,58,0.0480962,3,5,59,0.0480962,3,5,60,0.0480962,3,5,62,0.0460922,3,6,49,0.0460922,
a8a7
BLACK
3,1,2,4,14,14,14,14,0,14,14,0,2,14,0,5,14,14,14,14,14,0,14,14,14,0,0,14,0,14,14,3,14,8,9,14,8,14,14,14,8,14,14,10,14,14,14,1,11,14,8,8,14,14,8,8,14,14,10,14,14,13,9,11,0,0,0,0,-1,
0,1,57,0.0280561,0,1,58,0.0300601,0,2,49,0.0300601,0,2,50,0.0300601,0,3,14,0.0300601,0,3,15,0.0280561,0,3,16,0.0280561,0,3,17,0.0300601,0,3,49,0.0280561,0,3,50,0.0280561,0,3,51,0.0300601,1,0,0,0.0300601,1,0,1,0.0300601,1,3,0,0.0300601,1,3,1,0.0300601,1,4,21,0.0280561,1,4,49,0.0300601,1,6,0,0.0300601,1,6,1,0.0300601,1,7,0,0.0280561,1,7,28,0.0300601,1,7,35,0.0280561,1,7,49,0.0300601,2,5,0,0.0300601,3,1,7,0.0300601,3,2,49,0.0300601,3,7,0,0.0280561,3,7,28,0.0300601,3,7,42,0.0300601,3,7,43,0.0300601,5,7,58,0.0300601,5,7,59,0.0280561,5,7,60,0.0280561,5,7,61,0.0300601,
b4c5 (capture)
WHITE
3,1,5,14,14,2,14,14,0,0,14,14,0,0,14,3,9,14,14,14,2,14,14,0,14,14,14,0,14,8,0,14,11,14,14,8,14,8,14,14,14,14,8,14,14,14,14,14,13,8,14,10,8,14,14,8,14,14,14,14,12,10,9,11,0,0,0,0,-1,
0,1,56,0.0581163,0,1,57,0.0581163,0,1,58,0.0581163,0,2,7,0.0581162,0,2,14,0.0601202,0,5,7,0.0601202,1,1,0,0.0601202,1,1,1,0.0581163,1,1,49,0.0581162,1,5,0,0.0581162,1,7,28,0.0581162,1,7,42,0.0601202,2,4,7,0.0601202,2,4,35,0.0581163,2,7,0,0.0601202,3,6,0,0.0581163,3,6,49,0.0581163,
g7g6
BLACK
3,1,2,4,14,14,14,14,0,14,14,0,2,14,0,5,14,14,14,14,14,0,14,14,14,14,0,14,0,14,14,3,14,8,0,14,8,14,14,14,8,14,14,10,14,14,8,1,11,14,8,8,14,14,14,8,14,14,10,14,14,13,9,11,0,0,0,0,-1,
0,1,57,0.0280561,0,1,58,0.0280561,0,2,49,0.0280561,0,2,50,0.0280561,0,3,14,0.0280561,0,3,15,0.0280561,0,3,16,0.0280561,0,3,17,0.0300601,0,3,49,0.0280561,0,3,50,0.0280561,0,3,51,0.0300601,1,0,0,0.0280561,1,0,1,0.0280561,1,3,0,0.0300601,1,3,1,0.0280561,1,4,21,0.0280561,1,4,49,0.0300601,1,6,0,0.0280561,1,6,1,0.0280561,1,7,0,0.0280561,1,7,28,0.0280561,1,7,35,0.0280561,1,7,49,0.0280561,2,5,0,0.0300601,3,2,49,0.0280561,3,7,0,0.0280561,3,7,28,0.0280561,3,7,42,0.0300601,3,7,43,0.0300601,4,2,0,0.0280561,4,2,7,0.0300601,5,7,58,0.0300601,5,7,59,0.0280561,5,7,60,0.0280561,5,7,61,0.0280561,
d1a4
WHITE
3,1,5,14,14,2,14,14,0,14,14,14,0,0,14,3,9,0,14,14,2,14,14,0,14,14,14,0,14,8,0,14,11,14,14,8,14,8,14,12,14,14,8,14,14,14,14,14,13,8,14,10,8,14,14,8,14,14,14,14,14,10,9,11,0,0,0,0,-1,
0,1,56,0.0581163,0,1,57,0.0581163,0,1,58,0.0581162,0,2,7,0.0581162,0,2,14,0.0601202,0,2,49,0.0581163,0,5,7,0.0601202,1,5,0,0.0581163,1,7,28,0.0581162,1,7,42,0.0601202,2,1,0,0.0581163,2,4,7,0.0601202,2,4,35,0.0581163,2,7,0,0.0601202,3,6,0,0.0581162,3,6,7,0.0601202,3,6,49,0.0581163,
c7c6
BLACK
3,1,2,14,14,14,14,14,0,14,14,0,2,14,0,5,14,14,14,14,14,0,14,14,4,14,0,14,0,14,14,3,14,8,0,14,8,14,14,14,8,14,8,10,14,14,8,1,11,14,14,8,14,14,14,8,14,14,10,14,14,13,9,11,0,0,0,0,-1,
0,1,57,0.0280561,0,1,58,0.0280561,0,2,49,0.0280561,0,2,50,0.0280561,1,0,0,0.0280561,1,3,0,0.0280561,1,3,1,0.0280561,1,4,21,0.0280561,1,4,35,0.0280561,1,4,49,0.0300601,1,6,0,0.0280561,1,6,1,0.0280561,1,7,0,0.0280561,1,7,28,0.0280561,1,7,35,0.0280561,1,7,49,0.0280561,2,5,0,0.0300601,3,0,0,0.0280561,3,0,1,0.0300601,3,0,7,0.0280561,3,0,14,0.0280561,3,0,21,0.0300601,3,0,22,0.0300601,3,0,23,0.0300601,3,0,28,0.0280561,3,2,49,0.0280561,3,7,0,0.0280561,3,7,28,0.0280561,3,7,42,0.0280561,3,7,43,0.0300601,4,2,7,0.0300601,5,7,58,0.0300601,5,7,59,0.0280561,5,7,60,0.0280561,5,7,61,0.0280561,
h2g3
WHITE
3,1,5,14,14,2,14,14,0,14,14,14,0,14,14,3,9,0,14,14,2,0,14,0,14,14,14,0,14,8,0,14,11,14,14,8,14,8,14,12,14,13,8,14,14,14,14,14,14,8,14,10,8,14,14,8,14,14,14,14,14,10,9,11,0,0,0,0,-1,
0,1,56,0.0504675,0,1,57,0.0504674,0,1,58,0.0504674,0,2,7,0.0504674,0,2,14,0.0504675,0,2,49,0.0504674,0,5,7,0.0504674,1,7,28,0.0504674,1,7,42,0.0586912,1,7,43,0.0586912,2,1,0,0.0504674,2,4,7,0.0586912,2,4,21,0.0504674,2,4,22,0.0504675,2,4,35,0.0504674,2,7,0,0.0586912,3,6,0,0.0504674,3,6,7,0.0586912,3,6,49,0.0504674,
a6a5
BLACK
3,1,2,14,14,14,14,14,0,14,14,0,2,14,0,14,14,14,14,14,14,0,5,14,4,14,0,14,0,14,14,3,8,8,0,14,8,14,14,14,14,14,8,10,14,14,8,1,11,14,14,8,14,14,14,8,14,14,10,14,14,13,9,11,0,0,0,0,-1,
0,1,57,0.0242074,0,1,58,0.0319008,0,2,49,0.0319008,0,2,50,0.0319008,1,0,0,0.0319008,1,3,0,0.0319008,1,3,1,0.0319008,1,4,21,0.0242074,1,4,35,0.0242075,1,4,49,0.0319008,2,5,0,0.0319008,2,6,0,0.0319008,2,6,14,0.0319008,2,6,21,0.0242075,2,6,35,0.0242075,3,0,0,0.0319008,3,0,7,0.0242074,3,0,14,0.0319008,3,0,21,0.0319008,3,0,22,0.0319008,3,0,23,0.0319008,3,0,28,0.0242075,3,2,49,0.0319008,3,7,0,0.0242074,3,7,28,0.0242075,3,7,29,0.0319008,3,7,30,0.0319008,3,7,42,0.0319008,3,7,43,0.0319008,4,2,7,0.0319008,5,7,58,0.0319008,5,7,59,0.0242074,5,7,60,0.0242074,5,7,61,0.0319008,
c5d6 (capture)
WHITE
3,1,5,14,14,2,14,14,0,14,14,14,0,14,14,3,9,0,14,14,8,0,14,14,14,14,14,0,14,14,0,0,11,14,14,8,14,8,14,12,14,13,8,14,14,14,14,14,14,8,14,10,8,14,14,8,14,14,14,14,14,10,9,11,0,0,0,0,-1,
0,1,56,0.0609524,0,1,57,0.0609525,0,1,58,0.0609525,0,2,14,0.0609525,0,2,49,0.0609524,0,5,7,0.0609525,0,5,8,0.0609524,1,7,0,0.0609524,1,7,28,0.0609524,1,7,42,0.0609525,1,7,43,0.0692061,2,1,0,0.0609524,2,5,0,0.0692061,3,6,0,0.0609524,3,6,7,0.0692061,3,6,49,0.0609524,
a7a6
BLACK
3,1,2,14,14,14,14,14,0,14,14,0,2,14,0,14,14,14,14,14,14,0,5,14,4,14,0,14,0,14,14,3,8,8,14,14,8,14,14,14,11,14,8,0,14,14,8,1,14,14,14,8,14,14,14,8,14,14,10,14,14,13,9,11,0,0,0,0,-1,
0,1,57,0.0242075,0,1,58,0.0319008,0,2,49,0.0319008,0,2,50,0.0319008,1,0,0,0.0319008,1,3,0,0.0319008,1,3,1,0.0319008,1,4,21,0.0242074,1,4,35,0.0242075,1,4,49,0.0319008,2,5,0,0.0319008,2,6,0,0.0319008,2,6,14,0.0319008,2,6,21,0.0242074,2,6,35,0.0242075,3,0,0,0.0319008,3,0,7,0.0242074,3,0,14,0.0319008,3,0,21,0.0319008,3,0,22,0.0319008,3,0,23,0.0319008,3,0,28,0.0242075,3,2,0,0.0242075,3,2,49,0.0319008,3,7,0,0.0242074,3,7,28,0.0319008,3,7,29,0.0319008,3,7,30,0.0319008,3,7,42,0.0319008,3,7,43,0.0319008,5,7,58,0.0319008,5,7,59,0.0242074,5,7,60,0.0242074,5,7,61,0.0319008,
a2a3
WHITE
3,1,5,14,14,2,14,14,0,14,14,14,0,14,14,14,9,0,14,14,8,0,14,3,14,14,14,0,14,14,0,0,11,14,14,8,14,8,14,12,14,13,8,14,14,14,14,8,14,8,14,10,8,14,14,14,14,14,14,14,14,10,9,11,0,0,0,0,-1,
0,1,56,0.0742547,0,1,57,0.0663416,0,1,58,0.0742547,0,2,14,0.0742547,0,2,49,0.0742547,0,5,7,0.0742547,2,1,0,0.0663416,2,5,0,0.0742547,2,7,28,0.0663415,2,7,29,0.0742547,2,7,42,0.0742547,3,6,0,0.0663416,3,6,7,0.0742546,3,6,49,0.0663416,
b5c4 (capture)
BLACK
3,1,2,14,14,14,14,14,14,14,14,0,2,14,0,14,0,14,14,14,14,0,5,14,4,14,8,14,0,14,14,3,8,14,14,14,8,14,14,14,11,14,8,0,14,14,8,1,14,14,14,8,14,14,14,8,14,14,10,14,14,13,9,11,0,0,0,0,-1,
0,0,0,0.0344327,0,1,57,0.0265984,0,2,49,0.0265984,1,3,0,0.0344326,1,3,1,0.0344326,1,4,21,0.0265984,1,4,35,0.0265984,1,4,49,0.0344327,1,4,50,0.0265984,2,5,0,0.0344327,2,6,0,0.0344327,2,6,14,0.0344326,2,6,21,0.0265984,2,6,35,0.0265984,3,0,0,0.0344327,3,0,7,0.0265984,3,0,8,0.0344326,3,0,14,0.0265984,3,0,15,0.0344327,3,0,21,0.0344327,3,0,22,0.0344327,3,0,23,0.0344327,3,7,0,0.0265984,3,7,28,0.0265985,3,7,29,0.0344327,3,7,30,0.0344327,3,7,42,0.0344327,3,7,43,0.0344327,5,7,58,0.0344327,5,7,59,0.0265984,5,7,60,0.0265984,5,7,61,0.0344327,
f3f4
WHITE
3,1,5,14,14,2,14,14,0,14,14,14,0,14,14,14,9,0,14,14,8,0,14,3,14,14,14,0,14,14,14,0,11,14,8,8,14,0,14,12,14,13,14,14,14,14,14,8,14,8,14,10,8,14,14,14,14,14,14,14,14,10,9,11,0,0,0,0,-1,
0,1,56,0.0738146,0,1,57,0.0738146,0,1,58,0.0738146,0,2,14,0.0818966,0,2,49,0.0738146,0,5,7,0.0818967,2,1,0,0.0738146,2,5,0,0.0818966,2,7,28,0.0738146,2,7,29,0.0818966,2,7,42,0.0818966,3,3,49,0.0738146,4,5,0,0.0738146,
a6a7
BLACK
3,1,2,14,14,14,14,14,14,14,14,0,2,14,0,14,0,14,14,14,14,14,5,14,4,14,8,14,0,0,14,3,8,14,14,14,8,14,14,14,14,14,8,0,14,14,8,1,11,14,14,8,14,14,14,8,14,14,10,14,14,13,9,11,0,0,0,0,-1,
0,0,0,0.0288041,0,1,57,0.0288041,0,2,49,0.0288041,1,3,0,0.0288041,1,3,1,0.0288041,1,4,7,0.0288041,1,4,8,0.0288041,1,4,9,0.0288041,1,4,21,0.0214148,1,4,35,0.0214148,1,4,49,0.028804,1,4,50,0.0288041,2,6,0,0.0288041,2,6,14,0.0288041,2,6,21,0.0288041,2,6,35,0.0214148,2,6,42,0.0288041,3,0,0,0.028804,3,0,7,0.0288041,3,0,8,0.0288041,3,0,14,0.0288041,3,0,15,0.028804,3,0,21,0.028804,3,0,22,0.028804,3,0,23,0.028804,3,5,0,0.028804,3,5,49,0.0214148,3,7,0,0.0214148,3,7,28,0.0288041,3,7,29,0.028804,3,7,30,0.0288041,3,7,42,0.028804,5,7,58,0.028804,5,7,59,0.0288041,5,7,60,0.0288041,5,7,61,0.0288041,
h6g8 (capture)
WHITE
3,9,5,14,14,2,14,14,0,14,14,14,0,14,14,3,14,0,14,14,8,0,14,14,14,14,14,0,14,14,14,0,11,14,8,8,14,0,14,12,14,13,14,14,14,14,14,8,14,8,14,10,8,14,14,14,14,14,14,14,14,10,9,11,0,0,0,0,-1,
0,0,14,0.0559554,0,2,0,0.0559554,0,2,14,0.0640818,0,2,42,0.0640818,0,2,49,0.0559554,0,5,7,0.0640818,0,5,8,0.0559554,1,0,0,0.0559554,1,0,1,0.0559554,1,7,0,0.0559554,1,7,28,0.0559554,1,7,42,0.0640818,1,7,43,0.0640818,2,1,0,0.0559554,2,5,0,0.0640818,3,3,49,0.0559554,4,5,0,0.0559554,
c8b7
BLACK
3,1,2,14,14,14,14,14,14,14,14,0,2,14,0,14,0,14,14,14,14,14,5,14,4,14,8,14,0,0,14,3,8,14,14,14,8,14,14,14,14,14,8,0,14,14,8,14,11,10,14,8,14,14,14,8,14,14,14,14,14,13,1,11,0,0,0,0,-1,
0,0,0,0.0311276,0,1,57,0.0231423,0,2,49,0.0231423,1,3,0,0.0311276,1,3,1,0.0231423,1,4,7,0.0231423,1,4,8,0.0311276,1,4,9,0.0311276,1,4,21,0.0231423,1,4,35,0.0231423,1,4,49,0.0311276,1,4,50,0.0231423,2,6,0,0.0311276,2,6,14,0.0311276,2,6,21,0.0231423,2,6,35,0.0231423,2,6,42,0.0311276,3,0,0,0.0311276,3,0,7,0.0231423,3,0,8,0.0311276,3,0,14,0.0231423,3,0,15,0.0311276,3,0,21,0.0311276,3,0,22,0.0311276,3,0,23,0.0311276,3,5,0,0.0311276,3,5,49,0.0231423,3,7,0,0.0231423,3,7,1,0.0231423,3,7,2,0.0231423,3,7,28,0.0231423,3,7,29,0.0311276,3,7,30,0.0311276,3,7,42,0.0311276,7,6,60,0.0231423,7,6,61,0.0231423,7,6,62,0.0231423,
h4h6
WHITE
3,9,5,14,14,14,14,14,0,14,14,14,0,14,2,3,11,0,14,14,8,0,14,14,14,14,14,0,14,14,14,0,14,14,8,8,14,0,14,12,14,13,14,14,14,14,14,8,14,8,14,10,8,14,14,14,14,14,14,14,14,10,9,11,0,0,0,0,-1,
0,0,14,0.0742547,0,2,0,0.0663415,0,2,14,0.0742547,0,2,42,0.0742546,0,2,49,0.0742547,1,6,7,0.0742547,1,6,21,0.0742547,1,6,35,0.0742547,1,7,0,0.0663416,1,7,28,0.0742547,2,1,0,0.0663416,2,5,0,0.0742547,3,3,49,0.0663416,4,5,0,0.0663416,
f8e8
BLACK
3,1,2,14,14,14,14,14,14,14,14,0,2,14,0,14,0,14,14,14,14,14,5,14,4,14,8,14,0,0,14,14,8,14,14,14,8,14,14,14,14,14,8,0,14,14,8,3,11,10,14,8,14,14,14,8,14,14,14,14,13,14,1,11,0,0,0,0,-1,
0,0,0,0.0231423,0,1,57,0.0231423,0,2,49,0.0231423,1,3,0,0.0311276,1,3,1,0.0231423,1,4,7,0.0231423,1,4,8,0.0311276,1,4,9,0.0311276,1,4,21,0.0231423,1,4,35,0.0231423,1,4,49,0.0311276,1,4,50,0.0231423,2,6,0,0.0311276,2,6,7,0.0231423,2,6,14,0.0231423,2,6,21,0.0231423,2,6,35,0.0231423,2,6,42,0.0311276,3,0,0,0.0311276,3,0,7,0.0231423,3,0,8,0.0311276,3,0,14,0.0231423,3,0,15,0.0311276,3,0,21,0.0311276,3,0,22,0.0311276,3,0,23,0.0311276,3,5,0,0.0311276,3,5,49,0.0231423,5,7,0,0.0231423,5,7,28,0.0311276,5,7,29,0.0311276,5,7,30,0.0311276,5,7,31,0.0311276,5,7,32,0.0231423,5,7,42,0.0311276,7,6,60,0.0231423,7,6,61,0.0231423,
e2h5
WHITE
3,9,14,5,14,14,14,14,0,14,14,14,0,14,2,3,11,0,14,14,8,0,14,14,10,14,14,0,14,14,14,0,14,14,8,8,14,0,14,12,14,13,14,14,14,14,14,8,14,8,14,14,8,14,14,14,14,14,14,14,14,10,9,11,0,0,0,0,-1,
0,0,14,0.0738146,0,3,14,0.0738146,0,3,42,0.0818967,0,3,49,0.0738146,1,6,7,0.0818966,1,6,21,0.0818966,1,6,35,0.0818966,1,7,0,0.0738146,1,7,28,0.0738146,2,1,49,0.0738146,2,5,0,0.0818966,3,3,49,0.0738146,4,5,0,0.0738146,
a7a6
BLACK
3,1,2,14,14,14,14,14,14,14,14,0,14,14,0,14,0,14,14,14,14,14,5,14,4,14,8,14,0,0,14,14,8,14,14,14,8,14,14,2,11,14,8,0,14,14,8,3,14,10,14,8,14,14,14,8,14,14,14,14,13,14,1,11,0,0,0,0,-1,
0,0,0,0.0361908,0,1,57,0.0283977,0,2,49,0.0361908,1,3,0,0.0361908,1,3,1,0.0361909,2,6,0,0.0361908,2,6,7,0.0283976,2,6,14,0.0361909,2,6,21,0.0283977,2,6,35,0.0283977,2,6,42,0.0361908,3,0,0,0.0361908,3,0,7,0.0283976,3,0,8,0.0361908,3,0,14,0.0361909,3,0,15,0.0361908,3,0,21,0.0361908,3,0,22,0.0361908,3,0,23,0.0361908,3,5,0,0.0361908,3,5,49,0.0283976,4,7,35,0.0283977,4,7,36,0.0361908,4,7,37,0.0283976,4,7,38,0.0361908,4,7,49,0.0283977,5,7,0,0.0283976,5,7,42,0.0361908,7,6,60,0.0283977,7,6,61,0.0361909,
g3f3
WHITE
3,9,14,5,14,14,14,14,0,14,14,14,0,14,2,14,11,0,14,14,8,0,14,3,10,14,14,0,14,14,14,0,14,14,8,8,14,0,14,12,14,14,13,14,14,14,14,8,14,8,14,14,8,14,14,14,14,14,14,14,14,10,9,11,0,0,0,0,-1,
0,0,14,0.0738146,0,3,14,0.0738146,0,3,42,0.0738146,0,3,49,0.0738146,1,6,21,0.0818966,1,6,35,0.0818966,2,1,49,0.0738146,2,5,0,0.0818966,2,7,28,0.0738146,2,7,29,0.0818967,2,7,42,0.0818966,3,3,49,0.0738146,4,5,0,0.0738146,
g6h5 (capture)
BLACK
3,1,2,14,14,14,14,14,14,14,14,0,14,14,0,14,0,14,14,14,14,5,14,14,4,14,8,14,0,0,14,14,8,14,14,14,8,14,14,8,11,14,8,0,14,14,14,3,14,10,14,8,14,14,14,8,14,14,14,14,13,14,1,11,0,0,0,0,-1,
0,0,0,0.0370671,0,1,57,0.0370671,0,2,49,0.0370671,1,3,0,0.0370671,1,3,1,0.0370671,1,6,0,0.0370671,1,6,1,0.0370671,2,5,14,0.0370671,2,5,28,0.0370671,2,5,35,0.0370671,2,5,42,0.0294913,3,0,0,0.0370671,3,0,7,0.0294913,3,0,8,0.0370671,3,0,14,0.0370671,3,0,15,0.0370671,3,0,21,0.0370671,3,0,22,0.0370671,3,0,23,0.0370671,3,5,0,0.0370671,3,5,49,0.0294913,5,7,0,0.0294913,5,7,28,0.0370671,5,7,42,0.0370671,5,7,43,0.0370671,5,7,44,0.0294913,7,6,60,0.0370671,7,6,61,0.0370671,
f4f5
WHITE
3,9,14,5,14,14,14,14,0,14,14,14,0,14,2,14,11,14,14,14,8,0,14,3,0,14,8,0,14,14,14,0,14,14,14,8,14,0,14,12,14,14,13,14,14,14,14,8,14,8,14,14,8,14,14,14,14,14,14,14,14,10,9,11,0,0,0,0,-1,
0,0,14,0.0786886,0,3,14,0.0786886,0,3,42,0.086651,0,3,49,0.0786886,1,6,21,0.086651,1,6,35,0.086651,2,5,0,0.086651,2,7,28,0.0786886,2,7,29,0.086651,2,7,42,0.086651,3,0,0,0.086651,4,5,0,0.0786886,
h8g8 (capture)
BLACK
3,1,2,14,14,14,14,14,14,14,14,0,14,14,0,14,0,14,14,14,14,5,14,14,4,14,8,14,0,14,14,14,8,14,14,14,8,0,14,8,11,14,8,0,14,14,14,3,14,10,14,8,14,14,14,8,14,14,14,14,13,14,11,14,0,0,0,0,-1,
0,0,0,0.0432647,0,1,57,0.0432647,0,2,49,0.0432647,1,3,0,0.0432647,1,3,1,0.0432647,1,6,0,0.0432647,1,6,1,0.0432647,2,5,28,0.0432647,2,5,35,0.0432647,2,5,42,0.035594,3,0,0,0.0432647,3,0,7,0.035594,3,0,8,0.0432647,3,0,14,0.0432647,3,0,15,0.0432647,3,0,21,0.0432647,3,0,22,0.0432647,3,0,23,0.0432647,4,5,0,0.035594,5,7,0,0.035594,5,7,28,0.0432647,5,7,42,0.0432647,5,7,43,0.0432647,5,7,44,0.035594,
g2g4
WHITE
14,3,14,5,14,14,14,14,0,14,14,14,0,14,2,14,11,14,14,14,8,0,14,3,0,14,8,0,14,14,14,0,14,8,14,8,14,0,14,12,14,14,13,14,14,14,14,8,14,14,14,14,8,14,14,14,14,14,14,14,14,10,9,11,0,0,0,0,41,
0,1,0,0.0499112,0,1,1,0.0577265,0,1,2,0.0577265,0,1,3,0.0577265,0,1,14,0.0577264,0,1,42,0.0577264,0,3,14,0.0577264,0,3,42,0.0577264,0,3,49,0.0499112,1,6,21,0.0577265,1,6,35,0.0577265,2,5,0,0.0577265,2,7,28,0.0499112,2,7,29,0.0577264,2,7,42,0.0577265,3,0,0,0.0577265,3,0,7,0.0499112,4,5,0,0.0499112,
g8g6
BLACK
3,1,2,14,14,14,14,14,14,14,14,0,14,14,14,14,0,14,14,14,14,5,14,14,4,14,8,14,0,14,0,14,8,14,14,14,8,0,14,8,11,14,8,0,14,14,11,3,14,10,14,8,14,14,14,8,14,14,14,14,13,14,14,14,0,0,0,0,-1,
0,0,0,0.0402991,0,1,57,0.040299,0,2,49,0.0402991,1,3,0,0.040299,1,3,1,0.040299,2,5,14,0.040299,2,5,21,0.0402991,2,5,28,0.040299,2,5,35,0.040299,2,5,42,0.0402991,3,0,0,0.040299,3,0,7,0.0402991,3,0,8,0.040299,3,0,14,0.040299,3,0,15,0.040299,3,0,21,0.040299,3,0,22,0.040299,3,0,23,0.040299,3,6,0,0.040299,3,6,7,0.040299,4,5,0,0.040299,4,5,7,0.040299,5,7,0,0.0328238,5,7,28,0.040299,5,7,42,0.040299,
f3e3
WHITE
14,14,14,5,14,14,14,14,0,14,14,14,0,14,2,14,11,3,14,14,8,0,14,3,0,14,8,0,14,14,14,0,14,8,14,8,14,0,14,12,14,14,14,13,14,14,14,8,14,14,14,14,8,14,14,14,14,14,14,14,14,10,9,11,0,0,0,0,-1,
0,3,14,0.0503795,0,3,42,0.0503795,0,3,49,0.0503795,1,6,21,0.0503795,1,6,35,0.0503795,2,1,0,0.0503795,2,1,1,0.0503795,2,1,14,0.0503795,2,1,15,0.0503795,2,1,16,0.0503795,2,1,28,0.0503795,2,1,29,0.0503795,2,1,42,0.0503795,2,5,0,0.0503795,2,7,28,0.0427897,2,7,29,0.0503795,2,7,42,0.0503795,3,0,0,0.0503795,3,0,7,0.0503795,4,5,0,0.0503795,
g6d6 (capture)
BLACK
3,1,2,14,14,14,14,14,14,14,14,0,14,14,14,14,0,14,14,14,5,14,14,14,4,14,8,14,0,14,0,14,8,14,14,14,8,0,14,8,11,14,8,11,14,14,14,3,14,10,14,8,14,14,14,8,14,14,14,14,13,14,14,14,0,0,0,0,-1,
0,0,0,0.040299,0,1,57,0.040299,0,2,49,0.0402991,1,3,0,0.040299,1,3,1,0.0402991,2,4,14,0.0402991,2,4,21,0.040299,2,4,28,0.040299,3,0,0,0.040299,3,0,7,0.040299,3,0,8,0.040299,3,0,14,0.040299,3,0,15,0.040299,3,0,21,0.040299,3,0,22,0.040299,3,0,23,0.040299,3,6,0,0.040299,3,6,7,0.040299,4,5,0,0.0402991,5,7,0,0.0328238,5,7,28,0.040299,5,7,42,0.040299,5,7,43,0.040299,5,7,44,0.040299,5,7,45,0.0402991,
h6d6 (capture)
WHITE
14,14,14,5,14,14,14,14,0,14,14,14,0,14,2,14,14,14,14,14,11,0,14,3,0,14,8,0,14,14,14,0,14,8,14,8,14,0,14,12,14,14,14,13,14,14,14,8,14,14,14,14,8,14,14,14,14,14,14,14,14,10,9,11,0,0,0,0,-1,
0,3,0,0.0663416,0,3,14,0.0742547,0,3,42,0.0742547,0,3,49,0.0663416,1,0,0,0.0742547,1,6,21,0.0742547,1,6,35,0.0742547,2,5,0,0.0742547,2,7,28,0.0663415,2,7,29,0.0742547,2,7,42,0.0742546,3,0,0,0.0742547,3,0,7,0.0663416,4,5,0,0.0663416,
c6c5
BLACK
3,1,2,14,14,14,14,14,14,14,14,0,14,14,14,14,0,14,14,14,5,14,14,14,4,14,8,14,0,14,0,14,8,14,8,14,8,0,14,8,11,14,14,3,14,14,14,14,14,10,14,8,14,14,14,8,14,14,14,14,13,14,14,14,0,0,0,0,-1,
0,0,0,0.0314235,0,1,57,0.0314235,0,2,49,0.0314235,1,3,0,0.0314235,1,3,1,0.0314235,2,4,14,0.0314236,2,4,21,0.0314235,2,4,28,0.0314235,3,0,0,0.0314235,3,0,7,0.0314236,3,0,8,0.0314235,3,0,9,0.0314235,3,0,14,0.0314235,3,0,15,0.0314235,3,0,21,0.0314235,3,0,22,0.0314235,3,0,23,0.0314235,3,6,0,0.0314236,3,6,7,0.0400471,4,5,0,0.0314235,5,3,0,0.0314235,5,3,14,0.0314235,5,3,15,0.0400471,5,3,16,0.0400471,5,3,17,0.0314235,5,3,28,0.0314236,5,3,29,0.0314235,5,3,30,0.0314235,5,3,42,0.0314235,5,3,43,0.0314234,5,3,44,0.0314236,
a4d7 (capture)
WHITE
14,14,14,5,14,14,14,14,0,14,14,14,12,14,2,14,14,14,14,14,11,14,14,3,0,14,8,0,14,0,14,0,14,8,14,8,14,0,14,14,14,14,14,13,14,14,14,8,14,14,14,14,8,14,14,14,14,14,14,14,14,10,9,11,0,0,0,0,-1,
0,3,42,1,
e8f8
BLACK
3,1,2,14,14,14,14,14,14,14,14,0,14,14,14,14,0,14,14,14,5,14,14,14,14,14,8,14,0,14,0,14,8,14,8,14,8,0,14,8,11,14,14,3,14,14,14,14,14,10,14,4,14,14,14,8,14,14,14,14,14,13,14,14,0,0,0,0,-1,
0,0,0,0.0264129,0,1,57,0.0264129,0,2,49,0.0264129,1,3,0,0.0348072,1,3,1,0.0264129,2,0,0,0.0348072,2,4,14,0.0264129,2,4,21,0.0264129,2,4,28,0.0348072,3,6,0,0.0264129,3,6,7,0.0348072,4,5,0,0.0264129,5,3,14,0.0264129,5,3,15,0.0348072,5,3,16,0.0348072,5,3,17,0.0264129,5,3,28,0.0264129,5,3,29,0.0264129,5,3,30,0.0264129,5,3,42,0.0264129,5,3,43,0.0264129,5,3,44,0.0264129,6,3,0,0.0264129,6,3,7,0.0264129,6,3,14,0.0348072,6,3,15,0.0264129,6,3,16,0.0264129,6,3,17,0.0264129,6,3,21,0.0264129,6,3,35,0.0264128,6,3,36,0.0264129,6,3,37,0.0264129,6,3,42,0.0348072,6,3,43,0.0264129,6,3,49,0.0348072,
g4h5 (capture)
WHITE
14,14,5,14,14,14,14,14,0,14,14,14,12,14,2,14,14,14,14,14,11,14,14,3,8,14,8,0,14,0,14,0,14,14,14,8,14,0,14,14,14,14,14,13,14,14,14,8,14,14,14,14,8,14,14,14,14,14,14,14,14,10,9,11,0,0,0,0,-1,
0,2,42,0.0742546,1,0,0,0.0742547,1,6,21,0.0742547,1,6,35,0.0742547,1,6,49,0.0742547,1,6,50,0.0742547,1,6,51,0.0742547,2,7,28,0.0663416,2,7,29,0.0742547,2,7,42,0.0742547,2,7,43,0.0663416,2,7,44,0.0663416,3,7,0,0.0663415,4,5,0,0.0663416,
a5a4
BLACK
3,1,2,14,14,14,14,14,14,14,14,0,14,14,14,14,0,14,14,14,5,14,14,14,8,14,8,14,0,14,14,14,14,14,8,14,8,0,14,0,11,14,14,3,14,14,14,14,14,10,14,4,14,14,14,8,14,14,14,14,14,13,14,14,0,0,0,0,-1,
0,0,0,0.0292585,0,1,57,0.0292584,0,2,49,0.0292584,1,3,0,0.0292585,1,3,1,0.0292585,2,4,14,0.0292584,2,4,21,0.0292584,2,4,28,0.0378762,4,5,0,0.0292584,4,7,0,0.0292584,5,3,14,0.0292585,5,3,15,0.0378762,5,3,16,0.0378762,5,3,17,0.0292585,5,3,28,0.0292584,5,3,29,0.0292584,5,3,30,0.0292584,5,3,42,0.0292585,5,3,43,0.0292585,5,3,44,0.0292584,6,3,0,0.0292585,6,3,7,0.0292585,6,3,14,0.0292585,6,3,15,0.0292584,6,3,16,0.0292585,6,3,17,0.0292584,6,3,21,0.0292585,6,3,35,0.0292584,6,3,36,0.0292584,6,3,37,0.0292585,6,3,42,0.0378762,6,3,43,0.0292585,6,3,49,0.0292585,
d7b7 (capture)
WHITE
14,14,5,14,14,14,14,14,0,14,14,14,14,14,12,14,14,14,14,14,11,14,14,3,8,14,8,0,14,0,14,14,14,14,14,8,14,0,14,0,14,14,14,13,14,14,14,8,14,14,14,14,8,14,14,14,14,14,14,14,14,10,9,11,0,0,0,0,-1,
0,2,14,0.125934,0,2,42,0.0920073,1,0,0,0.0920073,2,7,0,0.0920073,2,7,28,0.0847233,2,7,29,0.125934,2,7,42,0.0920073,2,7,43,0.0847233,2,7,44,0.125934,4,5,0,0.0847233,
f8e8
BLACK
3,1,2,14,14,14,14,14,14,14,14,0,14,14,14,14,0,14,14,14,5,14,14,14,8,14,8,14,0,14,14,14,14,14,8,14,8,0,14,0,11,14,14,3,14,14,14,14,14,4,14,14,14,14,14,8,14,14,14,14,13,14,14,14,0,0,0,0,-1,
0,0,0,0.0292,0,1,57,0.0211999,0,2,49,0.0212,1,3,0,0.0292,1,3,1,0.0292,2,4,14,0.0212,2,4,21,0.0211999,2,4,28,0.0292,4,5,0,0.0212,4,7,0,0.0212,5,3,0,0.0211999,5,3,1,0.0212,5,3,14,0.0292,5,3,15,0.0292,5,3,16,0.0292,5,3,17,0.0211999,5,3,28,0.0211999,5,3,29,0.0292,5,3,30,0.0212,5,3,42,0.0212,5,3,43,0.0211999,5,3,44,0.0212,6,1,0,0.0292,6,1,7,0.0212,6,1,14,0.0211999,6,1,15,0.0212,6,1,16,0.0292,6,1,17,0.0292,6,1,18,0.0292,6,1,19,0.0211999,6,1,21,0.0292,6,1,22,0.0292,6,1,28,0.0292,6,1,29,0.0212,6,1,30,0.0212,6,1,31,0.0292,6,1,32,0.0292,6,1,35,0.0211999,6,1,42,0.0292,6,1,49,0.0292,
d6d5
WHITE
14,14,14,5,14,14,14,14,0,14,14,14,14,14,12,14,14,14,14,14,14,14,14,3,8,14,8,0,11,0,14,14,14,14,14,8,14,0,14,0,14,14,14,13,14,14,14,8,14,14,14,14,8,14,14,14,14,14,14,14,14,10,9,11,0,0,0,0,-1,
0,3,42,0.0593517,1,0,0,0.0817488,2,7,0,0.0817488,2,7,28,0.0736813,2,7,29,0.0817488,2,7,42,0.0817488,2,7,43,0.0817488,2,7,44,0.0736814,2,7,45,0.0736813,2,7,46,0.0817488,2,7,47,0.0736813,2,7,48,0.0817488,4,5,0,0.0736814,
a6c6
BLACK
3,1,2,14,14,14,14,14,14,14,14,0,14,14,14,14,0,14,14,14,5,14,14,14,8,14,8,14,0,14,14,14,14,14,8,3,8,0,14,0,14,14,11,14,14,14,14,14,14,4,14,14,14,14,14,8,14,14,14,14,13,14,14,14,0,0,0,0,-1,
0,0,0,0.0319008,0,1,57,0.0319008,0,2,49,0.0319008,1,3,0,0.0319008,1,3,1,0.0319008,2,4,14,0.0242074,2,4,21,0.0242074,2,4,28,0.0319008,4,3,0,0.0242075,4,3,1,0.0319008,4,3,2,0.0319008,4,3,14,0.0242074,4,3,28,0.0319008,4,3,29,0.0242075,4,3,42,0.0242075,4,5,0,0.0319008,4,7,0,0.0242074,6,1,0,0.0319008,6,1,7,0.0242075,6,1,14,0.0242074,6,1,15,0.0319008,6,1,16,0.0319008,6,1,17,0.0319008,6,1,18,0.0319008,6,1,19,0.0319008,6,1,21,0.0319008,6,1,28,0.0319008,6,1,29,0.0242075,6,1,30,0.0319008,6,1,31,0.0319008,6,1,32,0.0319008,6,1,35,0.0242074,6,1,42,0.0319008,6,1,49,0.0319008,
d2d4
WHITE
14,14,14,5,14,14,14,14,0,14,14,14,14,14,12,14,14,14,14,14,14,3,14,14,8,14,8,0,11,0,14,14,14,14,14,8,8,0,14,0,14,14,14,13,14,14,14,8,14,14,14,14,14,14,14,14,14,14,14,14,14,10,9,11,0,0,0,0,44,
0,3,42,0.0569769,1,0,0,0.0726129,2,5,14,0.072613,2,5,15,0.0644398,2,5,28,0.072613,2,5,29,0.0644398,2,5,42,0.0644398,2,5,43,0.0644398,2,5,44,0.0644398,2,5,45,0.0644398,2,5,46,0.072613,3,3,7,0.072613,3,5,49,0.0644398,4,5,0,0.0644398,4,5,49,0.0644398,
c6h6
BLACK
3,1,2,14,14,14,14,14,14,14,14,14,14,14,14,14,0,14,14,14,5,14,14,14,8,14,8,0,0,14,14,14,14,14,8,3,8,0,14,0,14,14,14,14,14,14,14,11,14,4,14,14,14,14,14,8,14,14,14,14,13,14,14,14,0,0,0,0,-1,
0,0,0,0.0319008,0,1,56,0.0319008,0,1,57,0.0319008,0,2,7,0.0242075,0,2,49,0.0319008,2,4,14,0.0242074,2,4,21,0.0242075,2,4,28,0.0319008,2,4,35,0.0242075,3,3,7,0.0319008,3,3,49,0.0242075,4,3,0,0.0242074,4,3,1,0.0319008,4,3,2,0.0319008,4,3,14,0.0242074,4,3,42,0.0319008,4,5,0,0.0319008,6,1,0,0.0319008,6,1,7,0.0242075,6,1,14,0.0242074,6,1,15,0.0319008,6,1,16,0.0319008,6,1,17,0.0319008,6,1,18,0.0319008,6,1,19,0.0319008,6,1,21,0.0319008,6,1,28,0.0319008,6,1,29,0.0242074,6,1,30,0.0319008,6,1,31,0.0319008,6,1,32,0.0319008,6,1,35,0.0242074,6,1,42,0.0319008,6,1,49,0.0319008,
a1a2
WHITE
14,14,14,5,14,14,14,14,0,14,14,14,14,14,12,14,3,14,14,14,14,14,14,14,8,14,8,0,11,0,14,14,14,14,14,8,8,0,14,0,14,14,14,13,14,14,14,8,14,14,14,14,14,14,14,11,14,14,14,14,14,10,9,14,0,0,0,0,-1,
0,3,42,0.071248,2,0,0,0.0866024,2,0,14,0.0866024,2,0,15,0.0786445,2,0,16,0.0866024,2,0,17,0.0866023,2,0,18,0.0786443,2,0,19,0.0866024,2,0,20,0.0866023,3,3,7,0.0866023,3,5,49,0.0786444,4,5,0,0.0866024,
h6a6
BLACK
14,1,2,14,14,14,14,14,3,14,14,14,14,14,14,14,0,14,14,14,5,14,14,14,8,14,8,0,0,14,14,14,14,14,8,3,8,0,14,0,11,14,14,14,14,14,14,14,14,4,14,14,14,14,14,8,14,14,14,14,13,14,14,14,0,0,0,0,-1,
0,1,56,0.0246729,0,1,57,0.0246729,0,2,7,0.0174207,0,2,49,0.0246729,1,0,14,0.0246729,1,0,15,0.0246729,1,0,16,0.0174206,1,0,17,0.0246729,1,0,18,0.0246729,1,0,19,0.0246729,1,0,20,0.0246729,1,0,28,0.0246729,2,4,14,0.0246729,2,4,21,0.0246729,2,4,28,0.0246729,2,4,35,0.0246729,3,3,7,0.0246729,3,3,49,0.0246729,4,3,0,0.0174206,4,3,1,0.0246729,4,3,2,0.0246729,4,3,14,0.0246729,4,3,42,0.0246729,4,5,0,0.0246729,4,7,0,0.0174207,6,1,0,0.0246729,6,1,7,0.0246729,6,1,14,0.0174207,6,1,15,0.0246729,6,1,16,0.0246729,6,1,17,0.0246729,6,1,18,0.0246729,6,1,19,0.0246729,6,1,21,0.0246729,6,1,28,0.0246729,6,1,29,0.0246729,6,1,30,0.0246729,6,1,31,0.0246729,6,1,32,0.0246729,6,1,35,0.0246729,6,1,42,0.0246729,6,1,49,0.0246729,
e3e2
WHITE
14,14,14,5,14,14,14,14,0,14,14,14,14,14,12,14,14,14,14,14,14,14,14,3,8,14,8,0,11,0,14,14,14,14,14,8,8,0,14,0,14,14,14,14,14,14,14,8,14,14,14,13,14,14,14,11,14,14,14,14,14,10,9,14,0,0,0,0,-1,
0,3,42,0.0569769,1,0,0,0.0644398,2,7,0,0.072613,2,7,28,0.0644398,2,7,29,0.0644398,2,7,42,0.072613,2,7,43,0.0644398,2,7,44,0.0644398,2,7,45,0.0644398,2,7,46,0.072613,2,7,47,0.0644398,2,7,48,0.072613,3,3,7,0.072613,3,5,49,0.0644398,4,5,0,0.0644398,
a6c6
BLACK
14,1,2,14,14,14,14,14,3,14,14,14,5,14,14,14,0,14,14,14,14,14,14,14,8,14,8,0,0,14,14,14,14,14,8,3,8,0,14,0,14,14,11,14,14,14,14,14,14,4,14,14,14,14,14,8,14,14,14,14,13,14,14,14,0,0,0,0,-1,
0,1,56,0.0214292,0,1,57,0.0214292,0,2,7,0.0214292,0,2,8,0.0214293,0,2,9,0.0214293,0,2,10,0.0214293,0,2,11,0.0214293,0,2,49,0.0214293,1,0,14,0.0303502,1,0,15,0.0214292,1,0,16,0.0214292,1,0,28,0.0214292,1,4,0,0.0214293,1,4,7,0.0214292,1,4,14,0.0214293,1,4,21,0.0214292,1,4,28,0.0214292,1,4,35,0.0214292,1,4,42,0.0214293,3,3,7,0.0303502,3,3,49,0.0214292,4,3,0,0.0214292,4,3,1,0.0214292,4,3,2,0.0214293,4,3,14,0.0214292,4,3,42,0.0214292,4,5,0,0.0214292,4,7,0,0.0214292,6,1,0,0.0214293,6,1,7,0.0214292,6,1,14,0.0214292,6,1,15,0.0214292,6,1,16,0.0214293,6,1,17,0.0303502,6,1,18,0.0214293,6,1,19,0.0214293,6,1,21,0.0214293,6,1,28,0.0214293,6,1,29,0.0214292,6,1,30,0.0214293,6,1,31,0.0214293,6,1,32,0.0303502,6,1,35,0.0214292,6,1,42,0.0214292,6,1,49,0.0214293,
b7f7
WHITE
14,14,14,5,14,14,14,14,0,14,12,14,14,14,14,14,14,14,14,14,14,3,14,14,8,14,8,0,11,0,14,14,14,14,14,8,8,0,14,0,14,14,14,14,14,14,14,8,14,14,14,13,14,14,14,11,14,14,14,14,14,10,9,14,0,0,0,0,-1,
0,3,49,1,
e8f7 (capture)
BLACK
14,1,2,14,14,14,14,14,3,14,14,14,5,14,14,14,0,14,14,14,14,14,14,14,8,14,8,0,0,14,14,14,14,14,8,3,8,0,14,0,14,14,11,14,14,14,14,14,14,14,14,14,14,13,14,8,14,14,14,14,14,14,14,14,0,0,0,0,-1,
0,1,56,0.0370671,0,1,57,0.0370671,0,2,7,0.0294913,0,2,8,0.0370671,0,2,9,0.0370671,0,2,10,0.0370671,0,2,11,0.0370671,0,2,49,0.0370671,1,0,14,0.0370671,1,0,15,0.0370671,1,0,16,0.0294913,1,0,28,0.0370671,1,4,0,0.0370671,1,4,7,0.0370671,1,4,14,0.0370671,1,4,21,0.0294913,1,4,28,0.0370671,1,4,35,0.0370671,1,4,42,0.0370671,3,3,7,0.0370671,3,3,49,0.0370671,4,3,0,0.0294913,4,3,1,0.0370671,4,3,2,0.0370671,4,3,14,0.0370671,4,3,42,0.0370671,4,5,0,0.0370671,4,7,0,0.0294913,
a2c2
WHITE
14,14,14,14,14,14,14,14,0,14,5,14,14,14,14,14,14,14,14,14,14,3,14,14,8,14,8,0,11,0,14,14,14,14,14,8,8,0,14,0,14,14,14,14,14,14,14,8,14,14,14,13,14,11,14,14,14,14,14,14,14,10,9,14,0,0,0,0,-1,
1,0,0,0.0504675,1,2,0,0.0504675,1,2,14,0.0504674,1,2,21,0.0586912,1,2,28,0.0504674,1,2,35,0.0504674,1,2,42,0.0586912,2,5,14,0.0586912,2,5,15,0.0504674,2,5,28,0.0586912,2,5,29,0.0504674,2,5,42,0.0504674,2,5,43,0.0504674,2,5,44,0.0504674,2,5,45,0.0504674,2,5,46,0.0504675,3,3,7,0.0586912,3,5,49,0.0504674,4,5,0,0.0504674,
f7f8
BLACK
14,1,2,14,14,14,14,14,14,14,3,14,5,14,14,14,0,14,14,14,14,14,14,14,8,14,8,0,0,14,14,14,14,14,8,3,8,0,14,0,14,14,11,14,14,14,14,14,14,14,14,14,14,14,14,8,14,14,14,14,14,13,14,14,0,0,0,0,-1,
0,1,56,0.0327426,0,1,57,0.0327426,0,2,7,0.0327425,0,2,8,0.0411535,0,2,9,0.0411535,0,2,10,0.0327426,0,2,11,0.0327425,0,2,49,0.0327426,1,2,0,0.0327426,1,2,1,0.0327426,1,2,14,0.0327425,1,2,42,0.0411535,1,2,43,0.0327426,1,4,0,0.0327426,1,4,7,0.0327426,1,4,14,0.0411535,1,4,21,0.0327426,1,4,28,0.0411535,1,4,35,0.0327425,1,4,42,0.0327426,3,3,7,0.0411535,3,3,49,0.0327426,4,3,0,0.0327426,4,3,1,0.0327426,4,3,2,0.0327426,4,3,14,0.0327426,4,3,42,0.0327426,4,5,0,0.0327426,4,7,0,0.0327425,
e2f1
WHITE
14,14,5,14,14,14,14,14,0,14,14,14,14,14,14,14,14,14,14,14,14,3,14,14,8,14,8,0,11,0,14,14,14,14,14,8,8,0,14,0,14,14,14,14,14,14,14,8,14,14,14,14,14,11,14,14,14,14,13,14,14,10,9,14,0,0,0,0,-1,
0,2,0,0.0499112,0,2,7,0.0499112,0,2,14,0.0577265,0,2,42,0.0577265,0,2,49,0.0577265,1,0,0,0.0577264,2,5,14,0.0577265,2,5,15,0.0577264,2,5,28,0.0577265,2,5,29,0.0499112,2,5,42,0.0577264,2,5,43,0.0577265,2,5,44,0.0499112,2,5,45,0.0577265,2,5,46,0.0577264,3,3,7,0.0577265,3,5,49,0.0499112,4,5,0,0.0577264,
c5d4 (capture)
BLACK
14,1,2,14,14,5,14,14,14,14,3,14,14,14,14,14,0,14,14,14,14,14,14,14,8,14,8,8,0,14,14,14,14,14,14,3,8,0,14,0,14,14,11,14,14,14,14,14,14,14,14,14,14,14,14,8,14,14,14,14,14,13,14,14,0,0,0,0,-1,
0,1,56,0.0344327,0,1,57,0.0265984,0,2,7,0.0265984,0,2,8,0.0344327,0,2,9,0.0344327,0,2,10,0.0344326,0,2,11,0.0344327,0,2,49,0.0344327,0,5,0,0.0344327,0,5,7,0.0344327,0,5,14,0.0344327,0,5,42,0.0344326,0,5,49,0.0344326,1,2,0,0.0344327,1,2,1,0.0344327,1,2,14,0.0265984,1,2,15,0.0344327,1,2,16,0.0265984,1,2,17,0.0344326,1,2,18,0.0265985,1,2,42,0.0344327,1,2,43,0.0265984,4,3,0,0.0265984,4,3,1,0.0265984,4,3,2,0.0265984,4,3,14,0.0265984,4,3,28,0.0344327,4,3,42,0.0265984,4,3,43,0.0344327,4,3,44,0.0344327,4,5,0,0.0265984,4,7,0,0.0265984,
c2b2
WHITE
14,14,5,14,14,14,14,14,0,14,14,14,14,14,14,14,14,14,14,14,14,3,14,14,8,14,8,0,11,14,14,14,14,14,14,8,0,0,14,0,14,14,14,14,14,14,14,8,14,14,14,14,14,14,11,14,14,14,13,14,14,10,9,14,0,0,0,0,-1,
0,2,0,0.0499112,0,2,7,0.0499112,0,2,14,0.0577265,0,2,42,0.0577265,0,2,49,0.0577264,1,0,0,0.0577264,2,5,0,0.0577265,2,5,14,0.0577265,2,5,15,0.0577264,2,5,28,0.0577265,2,5,29,0.0499112,2,5,42,0.0577264,2,5,43,0.0577265,2,5,44,0.0499112,2,5,45,0.0499112,2,5,46,0.0577264,4,4,0,0.0577265,4,5,0,0.0577265,
c6b6
BLACK
14,1,2,14,14,5,14,14,14,3,14,14,14,14,14,14,0,14,14,14,14,14,14,14,8,14,8,8,0,14,14,14,14,14,14,3,8,0,14,0,14,11,14,14,14,14,14,14,14,14,14,14,14,14,14,8,14,14,14,14,14,13,14,14,0,0,0,0,-1,
0,1,56,0.0292585,0,1,57,0.0292584,0,2,7,0.0292584,0,2,8,0.0378762,0,2,9,0.0378762,0,2,10,0.0292585,0,2,11,0.0292585,0,5,0,0.0292585,0,5,7,0.0292585,0,5,14,0.0292585,0,5,42,0.0292584,0,5,49,0.0292584,1,1,0,0.0292584,1,1,1,0.0292584,1,1,2,0.0292584,1,1,3,0.0292584,1,1,14,0.0292584,1,1,15,0.0292585,1,1,16,0.0292585,1,1,17,0.0292585,1,1,18,0.0292585,1,1,19,0.0292585,1,1,42,0.0378762,4,3,0,0.0292584,4,3,1,0.0292584,4,3,2,0.0292584,4,3,14,0.0292584,4,3,28,0.0292585,4,3,42,0.0292584,4,3,43,0.0292585,4,3,44,0.0378762,4,5,0,0.0292585,4,7,0,0.0292585,
d5e5 (capture)
WHITE
14,14,5,14,14,14,14,14,0,14,14,14,14,14,14,14,14,14,14,14,14,14,3,14,8,14,8,11,14,14,14,14,14,14,14,8,0,0,14,0,14,14,14,14,14,14,14,8,14,14,14,14,14,14,11,14,14,14,13,14,14,10,9,14,0,0,0,0,-1,
0,2,0,0.0504674,0,2,42,0.0586912,0,2,49,0.0504674,1,0,0,0.0504674,2,6,0,0.0586912,2,6,1,0.0504674,2,6,2,0.0504674,2,6,3,0.0586912,2,6,14,0.0504675,2,6,28,0.0504675,2,6,29,0.0504675,2,6,42,0.0586912,2,6,43,0.0504674,2,6,44,0.0586912,2,6,45,0.0504674,2,6,46,0.0504674,2,6,47,0.0504674,4,4,0,0.0504674,4,5,0,0.0504674,
b6g6
BLACK
14,1,2,14,14,5,14,14,14,3,14,14,14,14,14,14,0,14,14,14,14,14,14,14,8,14,8,8,0,14,14,14,14,14,14,14,3,0,14,0,14,14,14,14,14,14,11,14,14,14,14,14,14,14,14,8,14,14,14,14,14,13,14,14,0,0,0,0,-1,
0,1,56,0.0319008,0,1,57,0.0242074,0,2,7,0.0242074,0,2,8,0.0319008,0,2,9,0.0319008,0,2,10,0.0319008,0,2,11,0.0319008,0,5,0,0.0319008,0,5,42,0.0242075,0,5,49,0.0242074,1,1,0,0.0319008,1,1,1,0.0319008,1,1,2,0.0242074,1,1,3,0.0319008,1,1,4,0.0319008,1,1,5,0.0319008,1,1,14,0.0319008,1,1,15,0.0319008,1,1,16,0.0319008,1,1,17,0.0319008,1,1,18,0.0319008,1,1,19,0.0319008,1,1,42,0.0319008,4,4,0,0.0319008,4,4,1,0.0242075,4,4,2,0.0319008,4,4,42,0.0319008,4,4,43,0.0242075,4,4,44,0.0319008,4,4,45,0.0242075,4,5,0,0.0242074,4,5,7,0.0319008,4,7,0,0.0242075,4,7,49,0.0242074,
c1d2
WHITE
14,14,5,14,14,14,14,14,0,14,14,14,14,14,14,14,14,3,14,14,14,14,14,14,8,14,8,11,14,14,14,14,14,14,14,8,0,0,14,0,14,14,14,14,14,14,14,8,14,14,14,14,10,14,11,14,14,14,13,14,14,14,9,14,0,0,0,0,-1,
0,2,0,0.0503795,0,2,42,0.0503795,0,2,49,0.0503795,1,0,0,0.0503795,2,1,0,0.0503795,2,1,1,0.0503795,2,1,2,0.0503795,2,1,3,0.0503795,2,1,4,0.0503795,2,1,14,0.0503795,2,1,15,0.0503795,2,1,16,0.0503795,2,1,17,0.0503795,2,1,18,0.0503795,2,1,19,0.0503795,2,1,28,0.0503795,2,1,29,0.0503795,2,1,42,0.0427897,4,4,0,0.0503795,4,5,0,0.0503795,
g6g7
BLACK
14,1,14,14,14,5,14,14,14,3,14,2,14,14,14,14,0,14,14,14,14,14,14,14,8,14,8,8,0,14,14,14,14,14,14,14,3,0,14,0,14,14,14,14,14,14,14,14,14,14,14,14,14,14,11,8,14,14,14,14,14,13,14,14,0,0,0,0,-1,
0,1,57,0.0283977,0,5,0,0.0361908,0,5,42,0.0283977,0,5,49,0.0283977,1,1,0,0.0361908,1,1,1,0.0361909,1,1,2,0.0283977,1,1,3,0.0361909,1,1,4,0.0361908,1,1,5,0.0361908,1,1,14,0.0361908,1,1,42,0.0361908,1,3,7,0.0283976,1,3,8,0.0361908,1,3,9,0.0361908,1,3,10,0.0283976,1,3,21,0.0283976,1,3,35,0.0361908,1,3,49,0.0361908,1,3,50,0.0361909,1,3,51,0.0361908,4,4,0,0.0361908,4,4,1,0.0361909,4,4,2,0.0361908,4,4,42,0.0361908,4,4,43,0.0283977,4,4,44,0.0361908,4,4,45,0.0283976,4,5,0,0.0283977,4,7,0,0.0283976,
d2a5
WHITE
14,14,5,14,14,14,14,14,0,3,14,14,14,14,14,14,14,14,14,14,14,14,14,14,8,14,8,11,14,14,14,10,14,14,14,8,0,0,14,0,14,14,14,14,14,14,14,8,14,14,14,14,14,14,11,14,14,14,13,14,14,14,9,14,0,0,0,0,-1,
0,2,0,0.0499112,0,2,42,0.0577265,1,0,0,0.0577265,1,1,0,0.0577264,1,1,1,0.0577265,1,1,2,0.0499112,1,1,3,0.0499112,1,1,4,0.0577265,1,1,5,0.0577265,1,1,14,0.0499112,1,1,15,0.0577264,1,1,16,0.0577264,1,1,17,0.0577265,1,1,18,0.0577264,1,1,19,0.0577264,1,1,28,0.0577265,4,4,0,0.0577265,4,5,0,0.0499112,
g7g8
BLACK
14,1,14,14,14,5,14,14,14,3,14,14,14,14,14,14,0,14,14,14,14,14,14,14,8,14,8,8,0,14,14,14,2,14,14,14,3,0,14,0,14,14,14,14,14,14,14,14,14,14,14,14,14,14,14,8,14,14,14,14,14,13,11,14,0,0,0,0,-1,
0,1,56,0.0292585,0,1,57,0.0292584,0,5,0,0.0292585,0,5,42,0.0292585,0,5,49,0.0292584,1,1,0,0.0292585,1,1,1,0.0292584,1,1,2,0.0292584,1,1,3,0.0292584,1,1,4,0.0292585,1,1,5,0.0292585,1,1,14,0.0292584,1,1,15,0.0292584,1,1,16,0.0292585,1,1,17,0.0292585,1,1,18,0.0292584,1,1,19,0.0292585,1,1,42,0.0378762,4,0,7,0.0292584,4,0,8,0.0378762,4,0,9,0.0292585,4,0,21,0.0292585,4,0,22,0.0292584,4,0,23,0.0378762,4,0,24,0.0378762,4,4,0,0.0292585,4,4,1,0.0292584,4,4,2,0.0292585,4,4,42,0.0292584,4,4,43,0.0292584,4,4,44,0.0292585,4,5,0,0.0292584,4,7,0,0.0292585,
a5c7
WHITE
14,3,5,14,14,14,14,14,0,14,14,14,14,10,14,14,14,14,14,14,14,14,14,14,8,14,8,11,14,14,14,14,14,14,14,8,0,0,14,0,14,14,14,14,14,14,14,8,14,14,14,14,14,14,11,14,14,14,13,14,14,14,9,14,0,0,0,0,-1,
0,1,0,0.0738146,0,1,1,0.0738146,0,1,2,0.0818966,0,1,3,0.0738146,0,1,4,0.0818966,0,1,5,0.0818967,0,1,6,0.0738146,0,1,42,0.0738146,0,2,0,0.0738146,0,2,49,0.0738146,1,0,0,0.0818966,4,4,0,0.0818966,4,5,0,0.0738146,
f8g7
BLACK
14,1,14,14,14,5,14,14,14,3,14,14,14,14,14,14,0,14,14,14,14,14,14,14,8,14,8,8,0,14,14,14,14,14,14,14,3,0,14,0,14,14,14,14,14,14,14,14,14,14,2,14,14,14,13,8,14,14,14,14,14,14,11,14,0,0,0,0,-1,
0,1,56,0.0319008,0,1,57,0.0242074,0,5,0,0.0319008,0,5,7,0.0319008,0,5,14,0.0242074,0,5,42,0.0242075,0,5,49,0.0242075,1,1,0,0.0319008,1,1,1,0.0319008,1,1,2,0.0242074,1,1,3,0.0242075,1,1,4,0.0319008,1,1,5,0.0319008,1,1,14,0.0319008,1,1,15,0.0319008,1,1,16,0.0319008,1,1,17,0.0319008,1,1,18,0.0319008,1,1,19,0.0319008,1,1,42,0.0319008,4,4,0,0.0319008,4,4,1,0.0242074,4,4,2,0.0319008,4,4,42,0.0319008,4,4,43,0.0242074,4,4,44,0.0319008,4,4,45,0.0242074,4,5,0,0.0242075,4,7,0,0.0242075,6,2,7,0.0319008,6,2,21,0.0319008,6,2,35,0.0319008,6,2,36,0.0319008,6,2,49,0.0319008,
e5e8
WHITE
14,3,14,11,14,14,14,14,0,5,14,14,14,10,14,14,14,14,14,14,14,14,14,14,8,14,8,14,14,14,14,14,14,14,14,8,0,0,14,0,14,14,14,14,14,14,14,8,14,14,14,14,14,14,11,14,14,14,13,14,14,14,9,14,0,0,0,0,-1,
0,1,14,0.100364,0,1,15,0.100364,0,1,42,0.100364,1,0,0,0.108638,1,1,7,0.100364,1,1,14,0.100364,1,1,35,0.0719004,1,1,49,0.108638,4,4,0,0.108638,4,5,0,0.100364,
g8h8
BLACK
14,1,14,14,14,5,14,14,14,3,14,14,14,14,14,14,0,14,14,14,14,14,14,14,8,14,8,8,0,14,14,14,14,14,14,14,14,0,14,0,14,14,14,14,14,14,14,14,14,14,2,14,14,14,13,8,14,14,14,14,3,14,14,11,0,0,0,0,-1,
0,1,56,0.0246729,0,1,57,0.0246729,0,5,0,0.0246729,0,5,7,0.0246729,0,5,14,0.0246729,0,5,42,0.0246729,0,5,49,0.0246729,1,1,0,0.0246729,1,1,1,0.0246729,1,1,2,0.0174206,1,1,3,0.0246729,1,1,4,0.0246729,1,1,5,0.0246729,1,1,14,0.0246729,1,1,15,0.0246729,1,1,16,0.0246729,1,1,17,0.0246729,1,1,18,0.0246729,1,1,19,0.0246729,1,1,42,0.0246729,3,4,0,0.0246729,4,5,0,0.0246729,4,7,0,0.0174207,6,2,7,0.0246729,6,2,21,0.0246729,6,2,22,0.0246729,6,2,23,0.0246729,6,2,24,0.0246729,6,2,25,0.0174207,6,2,35,0.0246729,6,2,36,0.0246729,6,2,49,0.0246729,7,4,14,0.0174206,7,4,15,0.0246729,7,4,16,0.0246729,7,4,28,0.0246729,7,4,29,0.0174207,7,4,30,0.0246729,7,4,42,0.0246729,7,4,43,0.0246729,7,4,44,0.0246729,7,4,45,0.0246729,
f1g1
WHITE
3,14,14,11,14,14,14,14,0,5,14,14,14,10,14,14,14,14,14,14,14,14,14,14,8,14,8,14,14,14,14,14,14,14,14,8,0,0,14,0,14,14,14,14,14,14,14,8,14,14,14,14,14,14,11,14,14,13,14,14,14,14,9,14,0,0,0,0,-1,
0,0,14,0.115576,0,0,15,0.107539,0,0,16,0.107539,1,0,0,0.115576,1,1,7,0.107539,1,1,14,0.107539,1,1,49,0.115576,4,4,0,0.115576,4,5,0,0.107539,
c4c3
BLACK
14,1,14,14,14,14,5,14,14,3,14,14,14,14,14,14,0,14,8,14,14,14,14,14,8,14,14,8,0,14,14,14,14,14,14,14,14,0,14,0,14,14,14,14,14,14,14,14,14,14,2,14,14,14,13,8,14,14,14,14,3,14,14,11,0,0,0,0,-1,
0,1,56,0.0246729,0,1,57,0.0246729,0,6,0,0.0246729,0,6,7,0.0246729,0,6,14,0.0246729,0,6,42,0.0174207,0,6,49,0.0246729,1,1,0,0.0246729,1,1,1,0.0246729,1,1,2,0.0174206,1,1,3,0.0246729,1,1,4,0.0246729,1,1,5,0.0246729,1,1,14,0.0246729,1,1,15,0.0246729,1,1,16,0.0246729,1,1,17,0.0246729,1,1,18,0.0246729,1,1,19,0.0246729,1,1,42,0.0246729,3,4,0,0.0246729,4,5,0,0.0246729,4,7,0,0.0174207,6,2,7,0.0246729,6,2,21,0.0246729,6,2,22,0.0246729,6,2,23,0.0246729,6,2,24,0.0246729,6,2,25,0.0246729,6,2,35,0.0246729,6,2,36,0.0246729,6,2,49,0.0246729,7,4,14,0.0174206,7,4,15,0.0246729,7,4,16,0.0246729,7,4,28,0.0246729,7,4,29,0.0174207,7,4,30,0.0246729,7,4,42,0.0246729,7,4,43,0.0246729,7,4,44,0.0246729,7,4,45,0.0246729,
c7b8
WHITE
3,14,14,11,14,14,10,14,0,5,14,14,14,14,14,14,14,14,14,14,14,14,14,14,8,14,8,14,14,14,14,14,14,14,14,8,0,14,14,0,14,14,14,14,14,0,14,8,14,14,14,14,14,14,11,14,14,13,14,14,14,14,9,14,0,0,0,0,-1,
0,0,14,0.100782,0,0,15,0.100782,0,0,16,0.100782,1,0,0,0.100782,1,1,7,0.0929585,1,1,14,0.100782,1,1,49,0.100782,4,4,0,0.100782,5,5,0,0.100782,5,5,7,0.100782,
h8f8
BLACK
14,1,14,14,14,14,5,14,14,3,14,14,14,14,14,14,0,14,8,14,14,14,14,14,8,14,14,8,0,14,14,14,14,14,14,14,14,0,14,0,14,14,14,14,14,14,14,14,14,14,14,14,14,14,13,8,14,2,14,14,3,11,14,14,0,0,0,0,-1,
0,1,56,0.0264129,0,1,57,0.0264129,0,6,0,0.0264129,0,6,7,0.0264129,0,6,14,0.0264129,0,6,42,0.0264129,0,6,49,0.0264129,1,1,0,0.0348072,1,1,1,0.0264129,1,1,2,0.0264129,1,1,3,0.0264129,1,1,4,0.0348072,1,1,14,0.0264129,1,1,15,0.0264129,1,1,16,0.0348072,1,1,17,0.0348072,1,1,18,0.0348072,1,1,19,0.0264129,1,1,42,0.0348072,3,4,0,0.0264129,4,5,0,0.0264129,4,7,0,0.0264129,7,1,21,0.0348072,7,1,22,0.0348072,7,1,23,0.0264129,7,1,24,0.0264129,7,1,25,0.0264129,7,1,26,0.0264129,7,1,35,0.0264128,7,4,14,0.0264129,7,4,28,0.0264129,7,4,29,0.0264129,7,4,30,0.0348072,7,4,42,0.0264129,7,4,43,0.0264129,
b8f4
WHITE
14,14,3,11,14,14,14,14,0,5,14,14,14,14,14,14,14,14,14,14,14,14,14,14,8,14,8,14,14,14,14,14,14,14,10,8,0,14,14,0,14,14,14,14,14,0,14,8,14,14,14,14,14,14,11,14,14,13,14,14,14,14,9,14,0,0,0,0,-1,
0,2,0,0.0663416,0,2,1,0.0663416,0,2,2,0.0742547,0,2,14,0.0742547,0,2,42,0.0742546,0,2,43,0.0742547,1,0,0,0.0742547,1,1,7,0.0663415,1,1,14,0.0663416,1,1,28,0.0742547,1,1,35,0.0742547,4,4,0,0.0742547,5,5,0,0.0742547,5,5,7,0.0663416,
f8g8
BLACK
14,1,14,14,14,14,5,14,14,3,14,14,14,14,14,14,0,14,8,14,14,14,14,14,8,14,14,8,0,2,14,14,14,14,14,14,14,0,14,0,14,14,14,14,14,14,14,14,14,14,14,14,14,14,13,8,14,14,14,14,3,14,11,14,0,0,0,0,-1,
0,1,56,0.0263137,0,1,57,0.0185792,0,6,0,0.0263137,0,6,7,0.0263136,0,6,14,0.0263136,0,6,42,0.0185791,0,6,49,0.0263136,1,1,0,0.0263136,1,1,1,0.0185792,1,1,2,0.0185791,1,1,3,0.0185792,1,1,4,0.0263136,1,1,5,0.0263136,1,1,14,0.0185791,1,1,15,0.0263136,1,1,16,0.0263136,1,1,17,0.0263136,1,1,18,0.0263136,1,1,19,0.0263136,1,1,42,0.0263136,3,4,0,0.0185792,3,5,7,0.0185792,3,5,8,0.0263136,3,5,21,0.0263136,3,5,22,0.0263136,3,5,35,0.0185791,3,5,36,0.0263136,3,5,37,0.0263136,3,5,49,0.0185792,3,5,50,0.0185792,3,5,51,0.0185792,3,5,52,0.0263136,4,5,0,0.0185792,4,7,0,0.0185792,7,4,14,0.0185791,7,4,15,0.0263137,7,4,28,0.0185791,7,4,29,0.0185791,7,4,30,0.0263136,7,4,42,0.0263136,7,4,43,0.0263136,7,4,44,0.0263136,7,4,45,0.0263136,
f4h6
WHITE
14,3,14,11,14,14,14,14,0,5,14,14,14,14,14,14,10,14,14,14,14,14,14,14,8,14,8,14,14,14,14,14,14,14,14,8,0,14,14,0,14,14,14,14,14,0,14,8,14,14,14,14,14,14,11,14,14,13,14,14,14,14,9,14,0,0,0,0,-1,
1,1,7,0.244024,1,1,14,0.251992,1,1,35,0.251992,1,1,49,0.251992,
g7f7
BLACK
14,1,14,14,14,14,5,14,14,3,14,14,14,14,14,14,0,14,8,14,14,14,14,14,8,14,14,8,0,14,14,14,14,14,14,14,14,0,14,0,14,14,14,14,14,14,14,2,14,14,14,14,14,13,14,8,14,14,14,14,3,14,11,14,0,0,0,0,-1,
0,6,7,0.121977,0,6,14,0.121977,0,6,42,0.121977,0,6,49,0.130039,1,1,18,0.130039,5,7,35,0.130039,5,7,49,0.121977,7,4,15,0.121977,
b2g2
WHITE
14,3,14,11,14,14,14,14,0,14,5,14,14,14,14,14,10,14,14,14,14,14,14,14,8,14,8,14,14,14,14,14,14,14,14,8,0,14,14,0,14,14,14,14,14,0,14,8,14,11,14,14,14,14,14,14,14,13,14,14,14,14,9,14,0,0,0,0,-1,
0,1,0,0.0738146,0,1,1,0.0738146,0,1,2,0.0818966,0,1,3,0.0738146,0,1,4,0.0818966,0,1,5,0.0738146,0,1,14,0.0738146,0,1,15,0.0738146,0,1,42,0.0738146,1,2,0,0.0738146,1,2,21,0.0818966,4,4,0,0.0818967,5,5,0,0.0818966,
g8g5
BLACK
14,1,14,14,14,14,5,14,14,14,14,14,14,14,3,14,0,14,8,14,14,14,14,14,8,14,14,8,0,14,14,14,14,14,14,14,14,0,11,0,14,14,14,14,14,14,14,2,14,14,14,14,14,13,14,8,14,14,14,14,3,14,14,14,0,0,0,0,-1,
0,1,56,0.0432138,0,1,57,0.0432138,0,6,7,0.0432138,0,6,14,0.0432138,0,6,42,0.0355521,0,6,49,0.0432138,1,6,0,0.0432138,1,6,1,0.0432138,1,6,2,0.0432138,3,4,0,0.0432138,4,5,0,0.0355521,5,7,35,0.0432138,5,7,49,0.0355521,5,7,50,0.0355521,7,4,14,0.0355521,7,4,15,0.0432138,7,4,16,0.0432138,7,4,28,0.0520519,7,4,29,0.0355521,7,4,30,0.0432138,7,4,42,0.0432138,7,4,43,0.0432138,7,4,44,0.0432138,7,4,45,0.0432138,
b1c3 (capture)
WHITE
14,14,14,11,14,14,14,14,0,14,5,14,14,14,14,14,10,14,14,14,14,14,14,14,8,3,8,14,14,14,14,14,14,14,14,8,0,14,14,0,14,14,14,14,14,9,14,8,14,11,14,14,14,14,14,14,14,13,14,14,14,14,14,14,0,0,0,0,-1,
1,2,0,0.0786886,1,2,21,0.086651,3,1,0,0.0786886,3,1,1,0.0786886,3,1,2,0.086651,3,1,14,0.086651,3,1,28,0.0786886,3,1,29,0.086651,3,1,30,0.086651,3,1,42,0.086651,4,4,0,0.086651,4,4,7,0.0786886,
g5g2 (capture)
BLACK
14,14,14,14,14,14,5,14,14,14,14,14,14,14,11,14,0,14,1,14,14,14,14,14,8,14,14,8,0,14,14,14,14,14,14,14,14,0,14,0,14,14,14,14,14,14,14,2,14,14,14,14,14,13,14,8,14,14,14,14,3,14,14,14,0,0,0,0,-1,
0,6,0,0.330653,0,6,14,0.338693,0,6,42,0.330653,
g1h1
WHITE
14,14,14,11,14,14,14,14,0,14,5,14,14,14,14,14,10,14,14,14,14,14,14,14,8,14,8,14,14,14,14,14,14,14,14,8,0,14,14,0,14,14,14,14,14,9,14,8,14,3,14,14,14,14,14,14,13,14,14,14,14,14,14,14,0,0,0,0,-1,
1,2,0,0.0577265,1,2,21,0.0577265,4,4,0,0.0577265,4,4,7,0.0499112,6,1,0,0.0577264,6,1,14,0.0499112,6,1,15,0.0577264,6,1,16,0.0577265,6,1,17,0.0577265,6,1,18,0.0577264,6,1,19,0.0499112,6,1,28,0.0577265,6,1,29,0.0499112,6,1,30,0.0499112,6,1,31,0.0577264,6,1,32,0.0577265,6,1,33,0.0577265,6,1,42,0.0577264,
g2g5
BLACK
14,14,14,14,14,14,14,5,14,14,14,14,14,14,14,14,0,14,1,14,14,14,14,14,8,14,14,8,0,14,14,14,14,14,14,14,14,0,11,0,14,14,14,14,14,14,14,2,14,14,14,14,14,13,14,8,14,14,14,14,3,14,14,14,0,0,0,0,-1,
0,7,0,0.0457954,2,2,57,0.0457954,2,2,58,0.0457954,2,2,59,0.0457954,2,2,60,0.0457954,2,2,61,0.0457954,2,2,62,0.0380197,2,2,63,0.0457954,3,4,0,0.0380197,4,5,0,0.0380197,5,7,35,0.0457954,5,7,49,0.0380197,5,7,50,0.0380197,7,4,14,0.0380196,7,4,15,0.0457954,7,4,16,0.0380197,7,4,28,0.0547069,7,4,29,0.0380197,7,4,30,0.0457954,7,4,42,0.0457954,7,4,43,0.0457954,7,4,44,0.0457954,7,4,45,0.0457954,
e8b8
WHITE
14,14,14,14,14,14,11,14,0,14,5,14,14,14,14,14,10,14,14,14,14,14,14,14,8,3,8,14,14,14,14,14,14,14,14,8,0,14,14,0,14,14,14,14,14,9,14,8,14,14,14,14,14,14,14,14,13,14,14,14,14,14,14,14,0,0,0,0,-1,
1,2,0,0.0738146,1,2,14,0.0738146,3,1,0,0.0738146,3,1,1,0.0738146,3,1,2,0.0818966,3,1,3,0.0818966,3,1,14,0.0818966,3,1,28,0.0738146,3,1,29,0.0738146,3,1,30,0.0818966,3,1,42,0.0738146,4,4,0,0.0818967,4,4,7,0.0738146,
g5h5 (capture)
BLACK
14,14,14,14,14,14,14,5,14,14,14,14,14,14,14,14,0,14,1,14,14,14,14,14,8,14,14,8,0,14,14,14,14,14,14,14,14,0,14,11,14,14,14,14,14,14,14,2,14,14,14,14,14,13,14,8,14,3,14,14,14,14,14,14,0,0,0,0,-1,
0,7,42,0.495992,0,7,49,0.504008,
h1g2
WHITE
14,14,14,14,14,14,11,14,0,14,5,14,14,14,14,14,10,14,14,14,14,14,14,14,3,14,8,14,14,14,14,14,14,14,14,8,0,14,14,0,14,14,14,14,14,9,14,8,14,13,14,14,14,14,14,14,14,14,14,14,14,14,14,14,0,0,0,0,-1,
1,2,0,0.0879694,1,2,14,0.0879694,3,0,0,0.0879694,3,0,1,0.0960535,3,0,2,0.0960535,3,0,3,0.0960535,3,0,14,0.0879695,3,0,15,0.0960535,3,0,28,0.0879694,4,4,0,0.0879695,4,4,7,0.0879694,
d4d3
BLACK
14,14,14,14,14,14,14,14,14,14,14,14,14,14,5,14,0,14,1,8,14,14,14,14,8,14,14,14,0,14,14,14,14,14,14,14,14,0,14,11,14,14,14,14,14,14,14,2,14,14,14,14,14,13,14,8,14,3,14,14,14,14,14,14,0,0,0,0,-1,
1,6,0,0.0264129,1,6,28,0.0264129,1,6,35,0.0348072,1,6,42,0.0264129,1,6,49,0.0348072,2,2,57,0.0348072,2,2,58,0.0264129,2,2,59,0.0348072,2,2,60,0.0264129,2,2,61,0.0348072,2,2,62,0.0264129,2,2,63,0.0264129,3,4,0,0.0264129,4,5,0,0.0264129,5,7,35,0.0264129,5,7,36,0.0264129,5,7,37,0.0348072,5,7,38,0.0264129,5,7,39,0.0348072,5,7,49,0.0264129,5,7,50,0.0264129,7,1,14,0.0264129,7,1,15,0.0264129,7,1,16,0.0348072,7,1,17,0.0264129,7,1,18,0.0348072,7,1,19,0.0264129,7,1,28,0.0264129,7,1,29,0.0264128,7,1,30,0.0264129,7,1,31,0.0264129,7,1,32,0.0264129,7,1,33,0.0264129,7,1,34,0.0264129,7,1,42,0.0264129,
g2f1
WHITE
14,14,14,14,14,14,11,14,0,14,5,14,14,14,14,14,10,14,14,14,14,14,14,14,3,14,8,14,14,14,14,14,14,14,14,8,14,14,14,0,14,14,14,14,0,9,14,8,14,14,14,14,14,14,14,14,14,14,13,14,14,14,14,14,0,0,0,0,-1,
1,2,0,0.100782,1,2,14,0.100782,3,0,0,0.100782,3,0,1,0.100782,3,0,2,0.100782,3,0,3,0.100782,3,0,14,0.100782,3,0,15,0.100782,3,0,28,0.0929585,5,4,0,0.100782,
f7e7
BLACK
14,14,14,14,14,5,14,14,14,14,14,14,14,14,14,14,0,14,1,8,14,14,14,14,8,14,14,14,0,14,14,14,14,14,14,14,14,0,14,11,14,14,14,14,14,14,14,2,14,14,14,14,13,14,14,8,14,3,14,14,14,14,14,14,0,0,0,0,-1,
0,5,0,0.0319008,0,5,7,0.0319008,0,5,14,0.0319008,0,5,42,0.0319008,2,2,57,0.0319008,2,2,58,0.0319008,2,2,59,0.0319008,2,2,60,0.0319008,2,2,61,0.0319008,2,2,62,0.0319008,2,2,63,0.0319008,3,4,0,0.0319008,4,5,0,0.0242074,5,7,35,0.0319008,5,7,36,0.0242075,5,7,37,0.0319008,5,7,38,0.0319008,5,7,39,0.0319008,5,7,49,0.0242075,5,7,50,0.0242074,7,1,14,0.0242075,7,1,15,0.0242074,7,1,16,0.0319008,7,1,17,0.0319008,7,1,18,0.0319008,7,1,19,0.0242074,7,1,28,0.0319008,7,1,29,0.0242075,7,1,30,0.0242074,7,1,31,0.0319008,7,1,32,0.0319008,7,1,33,0.0319008,7,1,34,0.0242075,7,1,42,0.0242074,
h6f8
WHITE
14,14,10,14,14,14,11,14,0,14,14,5,14,14,14,14,14,14,14,14,14,14,14,14,3,14,8,14,14,14,14,14,14,14,14,8,14,14,14,0,14,14,14,14,0,9,14,8,14,14,14,14,14,14,14,14,14,14,13,14,14,14,14,14,0,0,0,0,-1,
1,3,14,0.330653,1,3,42,0.330653,1,3,49,0.338693,
e7f6
BLACK
14,14,14,14,14,5,14,14,14,14,14,14,14,14,14,14,0,14,1,8,14,14,14,14,8,14,14,14,0,14,14,14,14,14,14,14,14,0,14,11,14,14,14,14,14,13,14,14,14,14,14,14,14,14,14,8,14,3,14,14,14,2,14,14,0,0,0,0,-1,
0,5,0,0.0327426,0,5,7,0.0411535,0,5,14,0.0327426,0,5,42,0.0327426,2,2,57,0.0411535,2,2,58,0.0327425,2,2,59,0.0327426,2,2,60,0.0327426,2,2,61,0.0327426,2,2,62,0.0327426,2,2,63,0.0327426,3,4,0,0.0327426,7,1,14,0.0327426,7,1,15,0.0327426,7,1,16,0.0411535,7,1,28,0.0327426,7,1,29,0.0327426,7,1,30,0.0327425,7,1,31,0.0327426,7,1,32,0.0327426,7,1,33,0.0327426,7,1,34,0.0327426,7,1,42,0.0327425,7,5,21,0.0327425,7,5,22,0.0411535,7,5,35,0.0411535,7,5,36,0.0411535,7,5,37,0.0327426,7,5,38,0.0327425,
c3d1
WHITE
14,14,10,14,14,14,11,14,0,14,14,14,14,14,14,14,14,14,5,14,14,14,14,14,3,14,8,14,14,14,14,14,14,14,14,8,14,14,14,0,14,14,14,14,0,14,14,8,14,14,14,14,14,14,14,14,14,14,13,14,9,14,14,14,0,0,0,0,-1,
1,0,0,0.0786886,2,2,7,0.086651,2,2,28,0.0786886,2,2,49,0.0786886,3,0,0,0.086651,3,0,1,0.086651,3,0,2,0.086651,3,0,3,0.086651,3,0,14,0.0786886,3,0,15,0.086651,3,0,28,0.0786886,5,4,0,0.086651,
f6e5
BLACK
14,14,14,1,14,5,14,14,14,14,14,14,14,14,14,14,0,14,14,8,14,14,14,14,8,14,14,14,0,14,14,14,14,14,14,14,13,0,14,11,14,14,14,14,14,14,14,14,14,14,14,14,14,14,14,8,14,3,14,14,14,2,14,14,0,0,0,0,-1,
0,3,56,0.0452394,0,3,57,0.0368477,0,3,58,0.0452394,0,3,59,0.0368478,0,5,0,0.0368478,0,5,7,0.0368478,0,5,14,0.0368478,0,5,42,0.0368478,4,5,0,0.0368478,7,1,14,0.0368478,7,1,15,0.0368478,7,1,16,0.0452394,7,1,28,0.0368477,7,1,29,0.0368478,7,1,30,0.0368478,7,1,31,0.0368478,7,1,32,0.0368478,7,1,33,0.0368477,7,1,34,0.0368478,7,1,42,0.0368478,7,5,21,0.0368478,7,5,22,0.0452394,7,5,35,0.0368478,7,5,36,0.0452394,7,5,37,0.0368478,7,5,38,0.0368478,
f8e7
WHITE
14,14,14,14,14,14,11,14,0,14,14,10,14,14,14,14,14,14,14,14,14,14,14,14,3,14,8,5,14,14,14,14,14,14,14,8,14,14,14,0,14,14,14,14,0,14,14,8,14,14,14,14,14,14,14,14,14,14,13,14,9,14,14,14,0,0,0,0,-1,
1,0,0,0.0786886,3,0,0,0.086651,3,0,1,0.086651,3,0,2,0.086651,3,0,3,0.086651,3,0,14,0.0786886,3,0,15,0.086651,3,0,28,0.0786886,3,3,0,0.0786886,3,3,7,0.086651,3,3,49,0.0786886,5,4,0,0.086651,
d3d2
BLACK
14,14,14,1,14,5,14,14,14,14,14,8,14,14,14,14,0,14,14,14,14,14,14,14,8,14,14,14,0,14,14,14,14,14,14,14,13,0,14,11,14,14,14,14,14,14,14,14,14,14,14,14,2,14,14,8,14,3,14,14,14,14,14,14,0,0,0,0,-1,
0,3,56,0.0400471,0,3,57,0.0314235,0,3,58,0.0400471,0,3,59,0.0314236,0,5,0,0.0314235,0,5,7,0.0314235,0,5,14,0.0314235,0,5,49,0.0314235,4,5,0,0.0314235,6,4,7,0.0314235,6,4,21,0.0314236,6,4,22,0.0314235,6,4,23,0.0314235,6,4,35,0.0400471,6,4,36,0.0314235,6,4,37,0.0314235,6,4,49,0.0314235,7,1,14,0.0314236,7,1,15,0.0314235,7,1,16,0.0314235,7,1,17,0.0314235,7,1,18,0.0314235,7,1,19,0.0314234,7,1,28,0.0314236,7,1,29,0.0314235,7,1,30,0.0314235,7,1,31,0.0314235,7,1,32,0.0314235,7,1,33,0.0314235,7,1,34,0.0314236,7,1,42,0.0314235,
e7c5
WHITE
14,14,14,14,14,14,11,14,0,14,14,14,14,14,14,14,14,14,14,14,14,14,14,14,3,14,8,5,14,10,14,14,14,14,14,8,14,14,14,0,14,14,14,14,14,14,14,8,14,14,14,14,0,14,14,14,14,14,13,14,9,14,14,14,0,0,0,0,-1,
1,0,0,0.0879695,3,0,0,0.0879694,3,0,1,0.0960535,3,0,2,0.0960535,3,0,3,0.0960535,3,0,14,0.0879694,3,0,15,0.0960535,3,0,28,0.0879694,3,3,0,0.0879694,3,3,35,0.0879695,3,3,49,0.0879694,
e5e4 (capture)
BLACK
14,14,14,1,14,5,14,14,14,14,14,8,14,14,14,14,0,14,14,14,14,14,14,14,8,14,14,14,13,14,14,14,14,14,2,14,14,0,14,11,14,14,14,14,14,14,14,14,14,14,14,14,14,14,14,8,14,3,14,14,14,14,14,14,0,0,0,0,-1,
0,3,56,0.0292585,0,3,57,0.0292584,0,3,58,0.0378762,0,3,59,0.0292584,0,5,0,0.0292585,0,5,7,0.0292585,0,5,14,0.0292584,0,5,49,0.0292584,4,2,7,0.0378762,4,2,8,0.0292585,4,2,9,0.0292585,4,2,21,0.0292585,4,2,22,0.0292584,4,2,23,0.0292585,4,2,24,0.0292584,4,2,35,0.0292585,4,2,49,0.0378762,4,2,50,0.0378762,4,5,0,0.0292584,7,1,14,0.0292584,7,1,15,0.0292585,7,1,16,0.0292585,7,1,17,0.0292585,7,1,18,0.0292584,7,1,19,0.0292584,7,1,28,0.0292585,7,1,29,0.0292584,7,1,30,0.0292584,7,1,31,0.0292585,7,1,32,0.0292584,7,1,33,0.0292585,7,1,34,0.0292584,7,1,42,0.0292585,
d1f2
WHITE
14,14,14,14,14,14,11,14,0,14,14,14,14,14,14,14,14,14,14,14,14,14,14,14,3,14,8,14,14,10,14,14,14,14,14,5,14,14,14,0,14,14,14,14,14,14,14,8,14,14,9,14,0,14,14,14,14,14,13,14,14,14,14,14,0,0,0,0,-1,
4,3,21,0.201589,4,3,28,0.201589,4,3,35,0.201589,4,3,42,0.193645,4,3,49,0.201589,
e4f3
BLACK
14,14,14,14,14,5,14,14,14,14,14,8,14,1,14,14,0,14,14,14,14,13,14,14,8,14,14,14,14,14,14,14,14,14,2,14,14,0,14,11,14,14,14,14,14,14,14,14,14,14,14,14,14,14,14,8,14,3,14,14,14,14,14,14,0,0,0,0,-1,
0,5,14,0.0361427,1,5,56,0.0219073,1,5,57,0.0283599,1,5,58,0.0283599,1,5,59,0.0361427,1,5,60,0.0361427,1,5,63,0.0283599,4,2,7,0.0361427,4,2,8,0.0361427,4,2,9,0.0283599,4,2,21,0.0361427,4,2,22,0.0283598,4,2,35,0.0361427,4,2,49,0.0361427,4,2,50,0.0361427,4,5,0,0.0361427,7,1,14,0.0361426,7,1,15,0.0283598,7,1,16,0.0361427,7,1,17,0.0361427,7,1,18,0.0361427,7,1,19,0.0283598,7,1,28,0.0361427,7,1,29,0.0283599,7,1,30,0.0283598,7,1,31,0.0361427,7,1,32,0.0361427,7,1,33,0.0361427,7,1,34,0.0361427,7,1,42,0.0361427,
b8b2
WHITE
14,14,14,14,14,14,14,14,0,14,14,14,14,14,14,14,14,14,14,14,14,14,14,14,3,14,8,14,14,10,14,14,14,14,14,14,14,14,14,0,14,14,5,14,14,14,14,8,14,14,9,14,0,14,11,14,14,14,13,14,14,14,14,14,0,0,0,0,-1,
1,0,0,0.00799596,3,0,0,0.00799596,3,0,1,0.00799595,3,0,2,0.00799595,3,0,3,0.900967,3,0,14,0.00701308,3,0,15,0.00799596,3,0,28,0.00701308,5,2,28,0.00799595,5,2,42,0.00799596,6,4,0,0.00701314,6,4,65,0.00701308,6,4,68,0.00799596,6,4,71,0.00701308,
h5h1
BLACK
14,14,14,14,14,5,14,11,14,3,14,8,14,1,14,14,0,14,14,14,14,13,14,14,8,14,14,14,14,14,14,14,14,14,2,14,14,0,14,14,14,14,14,14,14,14,14,14,14,14,14,14,14,14,14,8,14,14,14,14,14,14,14,14,0,0,0,0,-1,
1,5,63,1,
f2h1 (capture)
WHITE
14,14,14,14,14,14,14,14,0,14,14,14,14,14,14,14,14,14,14,14,14,14,14,14,14,14,8,14,14,10,14,14,14,14,14,14,14,14,14,0,14,14,5,14,14,14,14,8,14,14,14,14,0,14,11,14,9,14,13,14,14,14,14,14,0,0,0,0,-1,
1,0,0,5.80769e-05,1,0,1,5.80549e-05,5,2,21,5.80769e-05,5,2,28,5.80769e-05,5,2,35,5.80769e-05,6,4,0,0.499797,6,4,65,5.80549e-05,6,4,68,5.80769e-05,6,4,71,0.499797,
d2d1R
BLACK
-1 WINNER!
