3,1,2,4,5,2,1,3,0,0,0,0,0,0,0,0,14,14,14,14,14,14,14,14,14,14,14,14,14,14,14,14,14,14,14,14,14,14,14,14,14,14,14,14,14,14,14,14,8,8,8,8,8,8,8,8,11,9,10,12,13,10,9,11,1,1,1,1,-1,
0,1,57,0.0501002,0,1,58,0.0501002,0,6,57,0.0501002,0,6,58,0.0501002,1,0,0,0.0501002,1,0,1,0.0501002,1,1,0,0.0501002,1,1,1,0.0501002,1,2,0,0.0501002,1,2,1,0.0501002,1,3,0,0.0501002,1,3,1,0.0480961,1,4,0,0.0501002,1,4,1,0.0501002,1,5,0,0.0501002,1,5,1,0.0501002,1,6,0,0.0501002,1,6,1,0.0501002,1,7,0,0.0501002,1,7,1,0.0501002,
a2a4
WHITE
3,1,2,5,4,2,1,3,0,0,0,0,0,0,0,0,14,14,14,14,14,14,14,14,14,14,14,14,14,14,14,14,14,14,14,14,14,14,14,8,14,14,14,14,14,14,14,14,8,8,8,8,8,8,8,14,11,9,10,13,12,10,9,11,1,1,1,1,47,
0,1,57,0.0501002,0,1,58,0.0501002,0,6,57,0.0501002,0,6,58,0.0501002,1,0,0,0.0501002,1,0,1,0.0501002,1,1,0,0.0501002,1,1,1,0.0501002,1,2,0,0.0501002,1,2,1,0.0501002,1,3,0,0.0501002,1,3,1,0.0480961,1,4,0,0.0501002,1,4,1,0.0501002,1,5,0,0.0501002,1,5,1,0.0501002,1,6,0,0.0501002,1,6,1,0.0501002,1,7,0,0.0501002,1,7,1,0.0501002,
d7d6
BLACK
3,1,2,4,5,2,1,3,14,0,0,0,0,0,0,0,14,14,14,14,14,14,14,14,0,14,14,14,14,14,14,14,14,14,14,14,14,14,14,14,14,14,14,8,14,14,14,14,8,8,8,14,8,8,8,8,11,9,10,12,13,10,9,11,1,1,1,1,-1,
0,0,0,0.0480962,0,0,1,0.0480962,0,1,57,0.0480962,0,1,58,0.0460922,0,6,57,0.0480962,0,6,58,0.0480962,1,1,0,0.0480962,1,1,1,0.0480962,1,2,0,0.0480962,1,2,1,0.0460922,1,3,0,0.0460922,1,3,1,0.0460922,1,4,0,0.0480962,1,4,1,0.0480962,1,5,0,0.0480962,1,5,1,0.0480962,1,6,0,0.0460922,1,6,1,0.0480962,1,7,0,0.0480962,1,7,1,0.0480962,3,0,0,0.0480962,
d2d3
WHITE
3,1,2,5,4,2,1,3,0,0,0,0,14,0,0,0,14,14,14,14,0,14,14,14,14,14,14,14,14,14,14,14,14,14,14,14,14,14,14,8,14,14,14,14,8,14,14,14,8,8,8,8,14,8,8,14,11,9,10,13,12,10,9,11,1,1,1,1,-1,
0,1,57,0.0360721,0,1,58,0.0360721,0,3,7,0.0380762,0,4,0,0.0380761,0,5,49,0.0380762,0,5,50,0.0360722,0,5,51,0.0380761,0,5,52,0.0360722,0,5,53,0.0360721,0,6,57,0.0380761,0,6,58,0.0380761,0,6,59,0.0360721,1,0,0,0.0380762,1,0,1,0.0380761,1,1,0,0.0380762,1,1,1,0.0380761,1,2,0,0.0360721,1,2,1,0.0360721,1,3,0,0.0360722,1,3,1,0.0360721,1,5,0,0.0360722,1,5,1,0.0380761,1,6,0,0.0360721,1,6,1,0.0360721,1,7,0,0.0380761,1,7,1,0.0380761,2,4,0,0.0360721,
e7e6
BLACK
3,1,2,4,5,2,1,3,14,0,0,14,0,0,0,0,14,14,14,0,14,14,14,14,0,14,14,14,14,14,14,14,14,14,14,14,14,14,14,14,14,14,14,8,8,14,14,14,8,8,8,14,14,8,8,8,11,9,10,12,13,10,9,11,1,1,1,1,-1,
0,0,0,0.0360721,0,0,1,0.0360721,0,1,56,0.0340681,0,1,57,0.0360721,0,1,58,0.0340681,0,2,7,0.0360721,0,2,8,0.0360721,0,2,9,0.0360721,0,2,10,0.0360722,0,2,11,0.0360722,0,3,0,0.0360721,0,4,49,0.0360722,0,6,57,0.0360722,0,6,58,0.0360721,1,1,0,0.0360721,1,1,1,0.0360721,1,2,0,0.0360722,1,2,1,0.0340682,1,4,0,0.0340681,1,4,1,0.0360721,1,5,0,0.0360722,1,5,1,0.0360721,1,6,0,0.0340681,1,6,1,0.0360721,1,7,0,0.0360722,1,7,1,0.0360721,2,3,0,0.0360721,3,0,0,0.0360721,
h2h3
WHITE
3,1,2,5,4,2,1,3,0,0,0,14,14,0,0,0,14,14,14,0,0,14,14,14,14,14,14,14,14,14,14,14,14,14,14,14,14,14,14,8,8,14,14,14,8,14,14,14,14,8,8,8,14,8,8,14,11,9,10,13,12,10,9,11,1,1,1,1,-1,
0,1,56,0.0340681,0,1,57,0.0340681,0,1,58,0.0340681,0,2,7,0.0340681,0,3,0,0.0340682,0,3,7,0.0340682,0,4,0,0.0360721,0,4,49,0.0340681,0,4,50,0.0340682,0,4,51,0.0340682,0,4,52,0.0340681,0,5,49,0.0360722,0,6,57,0.0340681,0,6,58,0.0360721,0,6,59,0.0340681,1,0,0,0.0360721,1,0,1,0.0340682,1,1,0,0.0340681,1,1,1,0.0340682,1,2,0,0.0340682,1,2,1,0.0340682,1,5,0,0.0340681,1,5,1,0.0360722,1,6,0,0.0340681,1,6,1,0.0340681,1,7,0,0.0340681,1,7,1,0.0340682,2,3,0,0.0360722,2,4,0,0.0340681,
d8h4
BLACK
3,1,2,4,5,2,1,3,14,0,0,14,0,0,0,14,14,14,14,0,14,14,14,0,0,14,14,14,14,14,14,12,14,14,14,14,14,14,14,14,14,14,14,8,8,14,14,14,8,8,8,14,14,8,8,8,11,9,10,14,13,10,9,11,1,1,1,1,-1,
0,0,0,0.0420841,0,0,1,0.0420842,0,1,56,0.0400802,0,1,57,0.0420842,0,1,58,0.0400802,0,2,7,0.0420842,0,2,8,0.0420842,0,2,9,0.0420842,0,2,10,0.0420842,0,2,11,0.0420842,0,3,0,0.0420842,0,4,49,0.0420842,0,6,58,0.0420842,0,7,0,0.0420842,1,1,0,0.0420842,1,1,1,0.0420842,1,2,0,0.0420842,1,2,1,0.0400801,1,4,0,0.0400802,1,4,1,0.0420842,1,6,0,0.0400802,1,6,1,0.0420842,2,3,0,0.0420842,3,0,0,0.0420842,
a1a3
WHITE
3,1,2,5,14,2,1,3,0,0,0,14,14,0,0,0,14,14,14,0,0,14,14,14,14,14,14,14,14,14,14,14,4,14,14,14,14,14,14,8,8,14,14,14,8,14,14,11,14,8,8,8,14,8,8,14,11,9,10,13,12,10,9,14,1,1,1,0,-1,
0,1,56,0.0240481,0,1,57,0.0240481,0,1,58,0.0240481,0,2,7,0.0240481,0,3,0,0.0240481,0,3,7,0.0240481,0,3,14,0.0240481,0,5,49,0.0260521,0,6,57,0.0240481,0,6,58,0.0240481,0,6,59,0.024048,1,0,0,0.0260521,1,0,1,0.0240481,1,1,0,0.0240481,1,1,1,0.0240481,1,2,0,0.0240481,1,2,1,0.0240481,1,5,0,0.0240481,1,5,1,0.0260521,1,6,0,0.0240481,1,6,1,0.0240481,1,7,0,0.0240481,1,7,1,0.0240481,2,3,0,0.0260521,2,4,0,0.0240481,4,0,0,0.0240481,4,0,7,0.0240481,4,0,8,0.0240481,4,0,14,0.0240481,4,0,15,0.0240481,4,0,16,0.0240481,4,0,17,0.0260521,4,0,18,0.0260521,4,0,19,0.0240481,4,0,20,0.0240481,4,0,21,0.0240481,4,0,22,0.0240481,4,0,23,0.0240481,4,0,24,0.0260521,4,0,28,0.0240481,4,0,29,0.0240481,
e8e7
BLACK
14,1,2,4,5,2,1,3,14,0,0,14,0,0,0,14,3,14,14,0,14,14,14,0,0,14,14,14,14,14,14,12,14,14,14,14,14,14,14,14,14,14,14,8,8,14,14,14,8,8,8,14,13,8,8,8,11,9,10,14,14,10,9,11,1,0,0,0,-1,
0,1,56,0.0380762,0,1,57,0.0400802,0,2,7,0.0400801,0,2,8,0.0400801,0,2,9,0.0400802,0,2,10,0.0400801,0,2,11,0.0400802,0,3,0,0.0400802,0,4,49,0.0400802,0,6,58,0.0400802,0,7,0,0.0400802,1,1,0,0.0400802,1,1,1,0.0400801,1,2,0,0.0400802,1,2,1,0.0400802,1,4,0,0.0400802,1,4,1,0.0400801,1,6,0,0.0400801,1,6,1,0.0400802,2,0,14,0.0400802,2,0,15,0.0400802,2,0,28,0.0400802,2,0,29,0.0400801,2,3,0,0.0400802,3,0,0,0.0400801,
a4a5
WHITE
3,1,2,14,14,2,1,3,0,0,0,5,14,0,0,0,14,14,14,0,0,14,14,14,14,14,14,14,14,14,14,8,4,14,14,14,14,14,14,14,8,14,14,14,8,14,14,11,14,8,8,8,14,8,8,14,11,9,10,13,12,10,9,14,0,0,1,0,-1,
0,1,57,0.0260521,0,1,58,0.0260521,0,5,49,0.0280561,0,6,57,0.0280561,0,6,58,0.0280561,0,6,59,0.0260521,1,0,0,0.0280561,1,0,1,0.0280561,1,1,0,0.0260521,1,1,1,0.0280561,1,2,0,0.0260521,1,2,1,0.0260521,1,3,14,0.0260521,1,3,21,0.0280561,1,3,28,0.0260521,1,3,49,0.0280561,1,5,0,0.0260521,1,5,1,0.0280561,1,6,0,0.0260521,1,6,1,0.0260521,1,7,0,0.0280561,2,3,0,0.0280561,2,4,0,0.0260521,4,0,0,0.0280561,4,0,7,0.0260521,4,0,8,0.0280561,4,0,14,0.0280561,4,0,15,0.0260521,4,0,16,0.0280561,4,0,17,0.0280561,4,0,18,0.0280561,4,0,19,0.0280561,4,0,20,0.0260521,4,0,21,0.0260521,4,0,22,0.0260521,4,0,28,0.0260521,4,0,29,0.0260521,
e7f6
BLACK
14,1,2,4,5,2,1,3,14,0,0,14,0,0,0,14,3,14,14,0,14,14,14,0,14,14,14,14,14,14,14,12,0,14,14,14,14,14,14,14,14,14,14,8,8,13,14,14,8,8,8,14,14,8,8,8,11,9,10,14,14,10,9,11,1,0,0,0,-1,
0,1,56,0.0380761,0,1,57,0.0380762,0,2,7,0.0380762,0,2,8,0.0380762,0,2,9,0.0400802,0,2,10,0.0380761,0,2,11,0.0380761,0,3,0,0.0380761,0,4,49,0.0380762,0,6,58,0.0400802,0,7,0,0.0400802,1,1,0,0.0380761,1,1,1,0.0380762,1,2,0,0.0380761,1,2,1,0.0380762,1,4,0,0.0380762,1,4,1,0.0380762,1,6,0,0.0380762,1,6,1,0.0380762,2,0,0,0.0380762,2,0,14,0.0380762,2,0,15,0.0380761,2,0,28,0.0380762,2,0,29,0.0400802,2,3,0,0.0400802,4,0,0,0.0380762,
g2g4
WHITE
3,1,2,14,14,2,1,3,0,0,0,14,14,0,0,0,14,14,5,0,0,14,14,14,14,14,14,14,14,14,14,8,4,8,14,14,14,14,14,14,8,14,14,14,8,14,14,11,14,14,8,8,14,8,8,14,11,9,10,13,12,10,9,14,0,0,1,0,41,
0,1,56,0.0340681,0,1,58,0.0340682,0,2,7,0.0360722,0,5,49,0.0360721,0,6,57,0.0360721,0,6,58,0.0360721,0,6,59,0.0340681,1,0,0,0.0360721,1,0,1,0.0360722,1,1,0,0.0360721,1,1,1,0.0360721,1,5,0,0.0360722,1,5,1,0.0360721,1,6,0,0.0340681,1,6,1,0.0360721,1,7,0,0.0360722,2,2,7,0.0360721,2,2,21,0.0360722,2,2,42,0.0360722,2,3,0,0.0360721,2,4,0,0.0360721,4,0,0,0.0360721,4,0,7,0.0340681,4,0,8,0.0360721,4,0,14,0.0360722,4,0,21,0.0360721,4,0,28,0.0360721,4,0,29,0.0360721,
h4g3
BLACK
14,1,2,4,5,2,1,3,14,0,0,14,0,0,14,14,3,14,14,0,14,14,12,0,14,14,14,14,14,14,0,14,0,14,14,14,14,14,14,14,14,14,14,8,8,13,14,14,8,8,8,14,14,8,8,8,11,9,10,14,14,10,9,11,1,0,0,0,-1,
0,1,56,0.0340681,0,1,57,0.0360722,0,2,7,0.0360721,0,2,8,0.0360721,0,2,9,0.0360721,0,2,10,0.0360721,0,2,11,0.0360721,0,3,0,0.0360722,0,4,49,0.0360721,0,5,7,0.0360722,0,6,58,0.0360721,0,7,0,0.0360721,1,1,0,0.0360721,1,1,1,0.0360722,1,2,0,0.0360722,1,2,1,0.0340681,1,4,0,0.0340681,1,4,1,0.0360721,1,5,7,0.0360721,2,0,0,0.0360721,2,0,14,0.0360721,2,0,15,0.0340682,2,0,28,0.0360721,2,0,29,0.0360721,2,3,0,0.0360721,2,7,0,0.0340681,3,6,0,0.0360722,4,0,0,0.0360722,
f1g2
WHITE
3,1,2,14,14,2,1,3,0,0,0,14,14,0,0,0,14,14,5,0,0,14,14,14,14,14,14,14,14,14,14,8,14,8,14,14,14,14,14,14,8,4,14,14,8,14,14,11,14,10,8,8,14,8,8,14,11,9,14,13,12,10,9,14,0,0,1,0,-1,
0,1,56,0.0300601,0,1,58,0.0300601,0,2,7,0.0300601,0,5,49,0.0320641,0,6,57,0.0320641,0,6,58,0.0320641,0,6,59,0.0300601,1,0,0,0.0320641,1,0,1,0.0320641,1,1,0,0.0320641,1,1,1,0.0320641,1,5,0,0.0320641,1,5,1,0.0320641,1,6,0,0.0300601,1,6,1,0.0300601,1,7,0,0.0320642,2,2,7,0.0300601,2,2,21,0.0320641,2,2,42,0.0300601,2,3,0,0.0320641,2,4,0,0.0300601,5,1,0,0.0320641,5,1,7,0.0300601,5,1,14,0.0320641,5,1,15,0.0320641,5,1,16,0.0300601,5,1,21,0.0300601,5,1,22,0.0320642,5,1,28,0.0320641,5,1,35,0.0320641,5,1,42,0.0300601,5,1,49,0.0320642,
e6e5
BLACK
14,1,2,4,5,14,1,3,14,0,0,14,0,0,2,14,3,14,14,0,14,14,12,0,14,14,14,14,14,14,0,14,0,14,14,14,8,14,14,14,14,14,14,8,14,13,14,14,8,8,8,14,14,8,8,8,11,9,10,14,14,10,9,11,1,0,0,0,-1,
0,1,56,0.0280561,0,1,57,0.0300601,0,2,7,0.0280561,0,2,8,0.0280561,0,2,9,0.0300601,0,2,10,0.0300601,0,2,11,0.0300601,0,3,0,0.0300601,0,4,14,0.0280561,0,4,49,0.0300601,0,6,58,0.0300601,0,7,0,0.0300601,1,1,0,0.0300601,1,1,1,0.0300601,1,2,0,0.0280561,1,2,1,0.0280561,1,4,0,0.0280561,1,4,1,0.0300601,1,5,7,0.0300601,1,6,35,0.0280561,1,6,49,0.0300601,1,6,50,0.0300601,1,6,51,0.0300601,1,6,52,0.0300601,1,6,53,0.0300601,2,0,0,0.0280561,2,0,14,0.0300601,2,0,15,0.0280561,2,0,28,0.0300601,2,0,29,0.0300601,2,3,0,0.0300601,2,7,0,0.0280561,3,6,0,0.0300601,4,0,0,0.0300601,
g2b7 (capture)
WHITE
3,1,2,14,14,2,1,3,0,0,0,14,14,0,10,0,14,14,5,14,0,14,14,14,14,14,14,0,14,14,14,8,14,8,14,14,14,14,14,14,8,4,14,14,8,14,14,11,14,14,8,8,14,8,8,14,11,9,14,13,12,10,9,14,0,0,1,0,-1,
0,1,56,0.0280561,0,1,58,0.0280561,0,2,7,0.0280561,0,5,7,0.0300601,0,5,49,0.0300601,0,5,50,0.0280561,0,5,51,0.0300601,0,5,52,0.0280561,0,6,57,0.0300601,0,6,58,0.0300601,0,6,59,0.0280561,1,0,0,0.0300601,1,0,1,0.0300601,1,1,0,0.0300601,1,1,1,0.0300601,1,5,0,0.0300601,1,5,1,0.0300601,1,7,0,0.0300601,2,2,14,0.0280561,2,2,21,0.0300601,2,2,42,0.0300601,2,4,0,0.0300601,3,3,0,0.0300601,5,1,0,0.0300601,5,1,1,0.0280561,5,1,7,0.0280561,5,1,14,0.0300601,5,1,15,0.0300601,5,1,16,0.0280561,5,1,21,0.0280561,5,1,28,0.0300601,5,1,35,0.0300601,5,1,42,0.0300601,5,1,49,0.0300601,
f6e6
BLACK
14,1,2,4,5,14,1,3,14,0,0,14,0,0,14,14,3,14,14,0,14,14,12,0,14,14,14,14,14,14,0,14,0,14,14,14,8,14,14,14,14,14,14,8,13,14,14,14,8,2,8,14,14,8,8,8,11,9,10,14,14,10,9,11,1,0,0,0,-1,
0,1,56,0.0260521,0,1,57,0.0280561,0,2,7,0.0280561,0,2,8,0.0280561,0,2,9,0.0280561,0,2,10,0.0280561,0,2,11,0.0280561,0,3,0,0.0280561,0,4,14,0.0260521,0,4,49,0.0280561,0,6,58,0.0280561,0,7,0,0.0280561,1,1,0,0.0280561,1,1,1,0.0280561,1,2,0,0.0280561,1,2,1,0.0260522,1,4,0,0.0280561,1,4,1,0.0280561,1,5,7,0.0280561,2,0,0,0.0280561,2,0,14,0.0280561,2,0,15,0.0280561,2,0,28,0.0280561,2,0,29,0.0280561,2,3,0,0.0280561,2,7,0,0.0280561,3,6,0,0.0280561,4,0,0,0.0280561,6,1,7,0.0280561,6,1,21,0.0280561,6,1,22,0.0280561,6,1,23,0.0280561,6,1,24,0.0260521,6,1,25,0.0280561,6,1,35,0.0280561,6,1,49,0.0260521,
a3c3
WHITE
3,1,2,14,14,2,1,3,0,0,0,14,14,0,10,0,14,14,14,5,0,14,14,14,14,14,14,0,14,14,14,8,14,8,14,14,14,14,14,14,8,4,14,14,8,11,14,14,14,14,8,8,14,8,8,14,11,9,14,13,12,10,9,14,0,0,1,0,-1,
0,1,56,0.0280561,0,1,57,0.0300601,0,1,58,0.0280561,0,2,7,0.0300601,0,5,7,0.0300601,0,5,49,0.0300601,0,6,57,0.0300601,0,6,58,0.0300601,0,6,59,0.0280561,1,0,0,0.0300601,1,0,1,0.0300601,1,1,0,0.0300601,1,1,1,0.0300601,1,2,0,0.0280561,1,2,1,0.0280561,1,5,0,0.0300601,1,5,1,0.0300601,1,7,0,0.0300601,2,3,21,0.0280561,2,3,28,0.0280561,2,3,42,0.0300601,2,4,0,0.0300601,3,3,0,0.0300601,5,1,0,0.0300601,5,1,1,0.0280561,5,1,7,0.0280561,5,1,14,0.0300601,5,1,15,0.0300601,5,1,16,0.0280561,5,1,21,0.0280561,5,1,28,0.0300601,5,1,35,0.0300601,5,1,42,0.0300601,5,1,49,0.0300601,
g3d3 (capture)
BLACK
14,1,2,4,5,14,1,3,14,0,0,14,0,0,14,14,14,14,3,12,14,14,14,0,14,14,14,14,14,14,0,14,0,14,14,14,8,14,14,14,14,14,14,8,13,14,14,14,8,2,8,14,14,8,8,8,11,9,10,14,14,10,9,11,1,0,0,0,-1,
0,1,56,0.0260521,0,1,58,0.0260521,0,2,7,0.0260521,0,2,8,0.0260521,0,2,9,0.0280561,0,2,10,0.0260521,0,2,11,0.0260521,0,3,0,0.0260521,0,3,1,0.0260521,0,4,14,0.0260521,0,6,58,0.0280561,0,7,0,0.0280561,1,1,0,0.0260521,1,1,1,0.0260521,1,2,7,0.0260521,1,4,0,0.0260521,1,4,1,0.0260521,1,4,49,0.0260521,1,5,0,0.0260521,1,5,1,0.0280561,2,2,0,0.0260521,2,2,1,0.0260521,2,2,2,0.0260521,2,2,3,0.0260521,2,2,14,0.0260521,2,2,42,0.0260521,2,2,43,0.0260521,2,7,0,0.0260521,3,6,0,0.0260522,4,0,0,0.0260521,6,1,7,0.0260521,6,1,21,0.0260521,6,1,22,0.0260521,6,1,23,0.0260521,6,1,24,0.0260521,6,1,25,0.0260521,6,1,35,0.0280561,6,1,49,0.0260521,
c1d2
WHITE
3,1,2,14,14,2,1,3,0,0,0,14,14,0,10,0,14,14,14,5,0,14,14,14,14,14,14,0,14,14,14,8,14,8,14,14,14,14,14,14,8,14,14,14,4,11,14,14,14,14,8,8,10,8,8,14,11,9,14,13,12,14,9,14,0,0,1,0,-1,
0,1,56,0.0240481,0,1,57,0.0260521,0,1,58,0.0240481,0,2,7,0.0260521,0,5,7,0.0260521,0,5,49,0.0260521,0,6,57,0.0260521,0,6,58,0.0260521,0,6,59,0.0240481,1,0,0,0.0260521,1,0,1,0.0260521,1,1,0,0.0260521,1,1,1,0.0260521,1,2,0,0.0260521,1,2,1,0.0240481,1,5,0,0.0260521,1,5,1,0.0260521,1,7,0,0.0260521,2,3,21,0.024048,2,3,28,0.0240481,2,3,42,0.0260521,2,4,0,0.0260521,3,3,0,0.0260521,5,4,0,0.0260522,5,4,7,0.0260521,5,4,14,0.0260521,5,4,21,0.0260521,5,4,22,0.0260521,5,4,23,0.0260521,5,4,28,0.0260521,5,4,29,0.0260521,5,4,35,0.0240481,5,4,36,0.0260521,5,4,37,0.0260521,5,4,42,0.0260522,5,4,43,0.0260521,5,4,44,0.0260521,5,4,45,0.0260521,5,4,49,0.0240481,
c7c5
BLACK
14,1,14,4,5,14,1,3,14,0,0,2,0,0,14,14,14,14,3,12,14,14,14,0,14,14,14,14,14,14,0,14,0,14,8,14,8,14,14,14,14,14,14,8,13,14,14,14,8,2,14,14,14,8,8,8,11,9,10,14,14,10,9,11,1,0,0,0,42,
0,1,58,0.0280561,0,3,42,0.0300601,0,4,14,0.0280561,0,6,58,0.0300601,0,7,0,0.0300601,1,1,0,0.0300601,1,1,1,0.0300601,1,2,7,0.0300601,1,3,7,0.0300601,1,3,8,0.0300601,1,3,9,0.0280561,1,3,10,0.0300601,1,3,35,0.0300601,1,4,0,0.0280561,1,4,1,0.0300601,1,4,49,0.0300601,1,5,0,0.0300601,1,5,1,0.0300601,2,2,0,0.0280561,2,2,1,0.0300601,2,2,14,0.0280561,2,2,42,0.0280561,2,2,43,0.0300601,2,7,0,0.0280561,3,6,0,0.0300601,4,0,0,0.0300601,6,1,7,0.0300601,6,1,21,0.0300601,6,1,22,0.0300601,6,1,23,0.0300601,6,1,24,0.0280561,6,1,25,0.0280561,6,1,35,0.0300601,6,1,49,0.0280561,
d1c1
WHITE
3,1,2,14,14,2,1,3,0,0,0,14,14,14,10,0,14,14,14,5,0,14,14,14,14,14,14,0,14,0,14,8,14,8,14,14,14,14,14,14,8,14,14,14,4,11,14,14,14,14,8,8,10,8,8,14,11,9,14,13,14,12,9,14,0,0,1,0,-1,
0,1,56,0.0260521,0,1,57,0.0260521,0,1,58,0.0260521,0,2,7,0.0260521,0,5,7,0.0260521,0,5,49,0.0280561,0,6,57,0.0260521,0,6,58,0.0260521,0,6,59,0.0260521,1,0,0,0.0260521,1,0,1,0.0260521,1,1,0,0.0260521,1,1,1,0.0260521,1,2,0,0.0260521,1,2,1,0.0260521,1,7,0,0.0260521,2,3,21,0.0260521,2,3,28,0.0260521,2,3,42,0.0260521,2,4,0,0.0260522,3,3,0,0.0260521,3,5,0,0.0260521,5,4,0,0.0260521,5,4,7,0.0260521,5,4,14,0.0280561,5,4,21,0.0260521,5,4,22,0.0260521,5,4,23,0.0280561,5,4,28,0.0260521,5,4,29,0.0260521,5,4,35,0.0260521,5,4,36,0.0260521,5,4,37,0.0280561,5,4,42,0.0260521,5,4,43,0.0260521,5,4,44,0.0280561,5,4,45,0.0260521,5,4,49,0.0260521,
f7f6
BLACK
14,1,4,14,5,14,1,3,14,0,0,2,0,0,14,14,14,14,3,12,14,14,14,0,14,14,14,14,14,14,0,14,0,14,8,14,8,14,14,14,14,14,14,8,13,8,14,14,8,2,14,14,14,14,8,8,11,9,10,14,14,10,9,11,1,0,0,0,-1,
0,1,58,0.0280561,0,2,14,0.0300601,0,4,14,0.0280561,0,4,42,0.0300601,0,6,58,0.0300601,0,7,0,0.0300601,1,1,0,0.0300601,1,1,1,0.0300601,1,2,7,0.0300601,1,3,7,0.0300601,1,3,8,0.0300601,1,3,9,0.0280561,1,3,10,0.0300601,1,4,0,0.0280561,1,4,1,0.0300601,1,4,49,0.0300601,1,5,0,0.0300601,1,5,1,0.0300601,2,2,0,0.0280561,2,2,1,0.0300601,2,2,14,0.0280561,2,2,42,0.0280561,2,2,43,0.0300601,2,7,0,0.0280561,3,6,0,0.0300601,4,0,0,0.0300601,6,1,7,0.0300601,6,1,21,0.0300601,6,1,22,0.0300601,6,1,23,0.0300601,6,1,24,0.0280561,6,1,25,0.0280561,6,1,35,0.0300601,6,1,49,0.0280561,
c3b3
WHITE
3,1,2,14,14,2,1,3,0,0,14,14,14,14,10,0,14,14,0,5,0,14,14,14,14,14,14,0,14,0,14,8,14,8,14,14,14,14,14,14,8,14,14,14,4,14,11,14,14,14,8,8,10,8,8,14,11,9,14,13,14,12,9,14,0,0,1,0,-1,
0,1,56,0.0260521,0,1,58,0.0260521,0,2,7,0.0260521,0,5,7,0.0280561,0,5,49,0.0280561,0,6,57,0.0280561,0,6,58,0.0280561,0,6,59,0.0260521,1,0,0,0.0280561,1,0,1,0.0280561,1,1,0,0.0260521,1,1,1,0.0260521,1,7,0,0.0280561,2,2,0,0.0260521,2,3,21,0.0260521,2,3,28,0.0260521,2,3,35,0.0280561,2,4,0,0.0260521,3,3,0,0.0280561,3,5,0,0.0280561,5,4,0,0.0260521,5,4,7,0.0260521,5,4,14,0.0280561,5,4,15,0.0280561,5,4,21,0.0280561,5,4,22,0.0280561,5,4,23,0.0280561,5,4,28,0.0260521,5,4,29,0.0260521,5,4,35,0.0260521,5,4,36,0.0280561,5,4,37,0.0280561,5,4,42,0.0260521,5,4,43,0.0260521,5,4,44,0.0280561,5,4,45,0.0260521,5,4,49,0.0260521,
e6f7
BLACK
14,1,4,14,5,14,1,3,14,0,0,2,0,0,14,14,14,3,14,12,14,14,14,0,14,14,14,14,14,14,0,14,0,14,8,14,8,14,14,14,14,14,14,8,14,8,14,14,8,2,14,14,14,13,8,8,11,9,10,14,14,10,9,11,1,0,0,0,-1,
0,1,57,0.0260521,0,1,58,0.0260521,0,2,14,0.0260522,0,4,14,0.0260521,0,4,42,0.0260521,0,6,58,0.0260521,0,7,0,0.0280561,1,2,0,0.0260521,1,2,1,0.0260521,1,2,7,0.0260521,1,3,7,0.0280561,1,3,8,0.0280561,1,3,9,0.0260521,1,3,10,0.0260521,1,3,49,0.0260521,1,3,50,0.0260521,1,4,0,0.0260521,1,4,1,0.0260521,1,4,49,0.0260521,1,5,0,0.0260521,1,5,1,0.0280561,2,1,0,0.0260521,2,1,1,0.0260521,2,1,2,0.0260521,2,1,14,0.0260521,2,1,15,0.0260521,2,1,42,0.0280561,2,7,0,0.0260521,3,6,0,0.0260521,4,0,0,0.0260521,6,1,7,0.0260521,6,1,21,0.0260521,6,1,22,0.0260521,6,1,23,0.0260521,6,1,24,0.0260521,6,1,25,0.0260521,6,1,35,0.0260521,6,1,49,0.0260521,
e2e3
WHITE
3,1,2,14,14,2,1,3,0,0,5,14,14,14,10,0,14,14,0,14,0,14,14,14,14,14,14,0,14,0,14,8,14,8,14,14,14,14,14,14,8,14,14,8,4,14,11,14,14,14,8,14,10,8,8,14,11,9,14,13,14,12,9,14,0,0,1,0,-1,
0,1,56,0.0240481,0,1,58,0.0240481,0,2,7,0.0260522,0,5,7,0.0260521,0,5,49,0.0260521,0,5,50,0.0260521,0,5,51,0.0260521,0,5,52,0.0260521,0,6,57,0.0260521,0,6,58,0.0260521,0,6,59,0.0240481,1,0,0,0.0260521,1,0,1,0.0260521,1,1,0,0.0260521,1,1,1,0.0260521,1,2,7,0.0260521,1,2,14,0.0260521,1,2,21,0.0260522,1,2,49,0.0260521,1,7,0,0.0260521,2,2,0,0.0240481,2,4,0,0.0260521,3,3,0,0.0260521,3,5,0,0.0260521,5,4,0,0.0240481,5,4,7,0.0260521,5,4,14,0.0260521,5,4,15,0.0260521,5,4,21,0.0260521,5,4,22,0.0260521,5,4,23,0.0260521,5,4,28,0.0260521,5,4,29,0.024048,5,4,35,0.0240481,5,4,36,0.0260521,5,4,37,0.0260521,5,4,42,0.0260521,5,4,49,0.0240481,5,4,50,0.0260521,
d3c4
BLACK
14,1,4,14,5,14,1,3,14,0,0,2,14,0,14,14,14,3,14,14,0,14,14,0,14,14,12,14,14,14,0,14,0,14,8,14,8,14,14,14,14,14,14,8,14,8,14,14,8,2,14,14,14,13,8,8,11,9,10,14,14,10,9,11,1,0,0,0,-1,
0,1,57,0.0320641,0,1,58,0.0320641,0,2,14,0.0340681,0,4,42,0.0340681,0,6,58,0.0340682,0,6,59,0.0320641,0,7,0,0.0340681,1,2,0,0.0320641,1,3,49,0.0340681,1,3,50,0.0340681,1,5,0,0.0340681,1,5,1,0.0340681,2,1,0,0.0320641,2,1,1,0.0320641,2,1,2,0.0340681,2,1,14,0.0340681,2,1,15,0.0340681,2,1,42,0.0340681,2,4,0,0.0320641,2,7,0,0.0320641,3,6,0,0.0340681,4,0,0,0.0340682,6,1,7,0.0340682,6,1,21,0.0340681,6,1,22,0.0340681,6,1,23,0.0340681,6,1,24,0.0320641,6,1,25,0.0320641,6,1,35,0.0340681,6,1,49,0.0320641,
b7c8 (capture)
WHITE
3,1,2,14,14,10,1,3,0,0,5,14,14,14,14,0,14,14,0,14,0,14,14,14,14,14,14,0,14,0,14,8,14,8,14,14,14,4,14,14,8,14,14,8,14,14,11,14,14,14,8,14,10,8,8,14,11,9,14,13,14,12,9,14,0,0,1,0,-1,
0,1,56,0.0300601,0,1,58,0.0300601,0,2,7,0.0300601,0,6,57,0.0300601,0,6,58,0.0300601,0,6,59,0.0300601,1,0,0,0.0320642,1,0,1,0.0300601,1,1,0,0.0300601,1,1,1,0.0300601,1,2,14,0.0300601,1,2,21,0.0300601,1,2,49,0.0320641,1,7,0,0.0300601,2,2,0,0.0300601,2,4,0,0.0300601,3,3,0,0.0300601,4,5,0,0.0300601,4,5,1,0.0300601,4,5,7,0.0300601,4,5,14,0.0300601,4,5,15,0.0300601,4,5,21,0.0300601,4,5,22,0.0320641,4,5,35,0.0300601,4,5,36,0.0300601,4,5,42,0.0300601,4,5,43,0.0300601,4,5,44,0.0320641,4,5,45,0.0300601,4,5,49,0.0300601,4,5,50,0.0300601,4,5,51,0.0300601,
f7g6
BLACK
14,1,4,14,5,14,1,3,14,0,0,2,14,0,14,14,14,3,14,14,0,14,14,0,14,14,12,14,14,14,0,14,0,14,8,14,8,14,14,14,14,14,14,8,14,8,13,14,8,14,14,14,14,14,8,8,11,9,2,14,14,10,9,11,1,0,0,0,-1,
0,1,57,0.0340681,0,1,58,0.0340681,0,2,14,0.0340681,0,4,42,0.0340681,0,6,58,0.0360721,0,6,59,0.0340681,0,7,0,0.0360722,1,2,0,0.0340681,1,3,49,0.0340682,1,3,50,0.0340682,1,5,0,0.0340682,1,5,1,0.0360722,2,1,0,0.0340681,2,1,1,0.0340681,2,1,2,0.0340681,2,1,3,0.0360722,2,1,4,0.0360721,2,1,14,0.0340681,2,1,15,0.0340682,2,1,42,0.0360721,2,4,0,0.0340682,2,7,0,0.0340681,3,6,0,0.0340682,4,0,0,0.0340681,7,2,21,0.0340682,7,2,22,0.0340681,7,2,23,0.0340682,7,2,35,0.0340681,7,2,36,0.0340682,
b3b5
WHITE
3,1,2,14,14,10,1,3,0,0,14,14,14,14,14,0,14,5,0,14,0,14,14,14,14,14,14,0,14,0,11,8,14,8,14,14,14,4,14,14,8,14,14,8,14,14,14,14,14,14,8,14,10,8,8,14,11,9,14,13,14,12,9,14,0,0,1,0,-1,
0,1,56,0.0300601,0,1,58,0.0300601,0,2,7,0.0300601,0,6,57,0.0320641,0,6,58,0.0320641,0,6,59,0.0300601,1,0,0,0.0320642,1,0,1,0.0320641,1,7,0,0.0320641,2,1,0,0.0300601,2,1,21,0.0320641,2,1,42,0.0320641,2,2,0,0.0300601,2,4,0,0.0320641,3,3,0,0.0320641,4,5,0,0.0320641,4,5,1,0.0300601,4,5,7,0.0300601,4,5,8,0.0300601,4,5,14,0.0300601,4,5,15,0.0300601,4,5,21,0.0320641,4,5,35,0.0300601,4,5,36,0.0320641,4,5,37,0.0320641,4,5,42,0.0320642,4,5,43,0.0320641,4,5,44,0.0320641,4,5,45,0.0320641,4,5,49,0.0320641,4,5,50,0.0320642,4,5,51,0.0300601,
g6h6
BLACK
14,1,4,14,5,14,1,3,14,0,0,2,14,0,14,14,14,14,14,14,0,14,14,0,14,14,12,14,14,14,0,14,0,3,8,14,8,14,14,14,14,14,14,8,14,8,14,13,8,14,14,14,14,14,8,8,11,9,2,14,14,10,9,11,1,0,0,0,-1,
0,1,57,0.0340681,0,1,58,0.0340681,0,2,14,0.0340682,0,4,42,0.0340682,0,6,58,0.0360721,0,6,59,0.0340681,0,7,0,0.0360722,1,1,0,0.0340681,1,1,1,0.0340682,1,2,0,0.0340682,1,3,49,0.0360721,1,3,50,0.0360721,1,5,0,0.0340682,1,5,1,0.0360722,2,4,0,0.0340681,2,7,0,0.0340681,3,6,0,0.0340681,4,0,0,0.0340682,4,1,0,0.0340682,4,1,1,0.0360722,4,1,2,0.0340682,4,1,14,0.0340681,4,1,28,0.0340681,4,1,29,0.0340681,7,2,21,0.0340681,7,2,22,0.0340681,7,2,23,0.0340682,7,2,35,0.0340681,7,2,36,0.0340681,
c8e6
WHITE
3,1,2,14,14,14,1,3,0,0,14,14,14,14,14,0,5,14,0,10,0,14,14,14,14,14,14,0,14,0,11,8,14,8,14,14,14,4,14,14,8,14,14,8,14,14,14,14,14,14,8,14,10,8,8,14,11,9,14,13,14,12,9,14,0,0,1,0,-1,
0,1,56,0.0340681,0,2,7,0.0340681,0,6,57,0.0340681,0,6,58,0.0360722,0,6,59,0.0340681,1,1,0,0.0340681,1,1,1,0.0340682,1,7,0,0.0340681,2,0,7,0.0360721,2,0,14,0.0340682,2,2,0,0.0340681,2,4,0,0.0340682,3,3,0,0.0360721,4,5,0,0.0340681,4,5,1,0.0340681,4,5,7,0.0340682,4,5,8,0.0340682,4,5,14,0.0340681,4,5,15,0.0340681,4,5,21,0.0340682,4,5,35,0.0340681,4,5,36,0.0340682,4,5,42,0.0340682,4,5,43,0.0340682,4,5,44,0.0360722,4,5,45,0.0340681,4,5,49,0.0360721,4,5,50,0.0360722,4,5,51,0.0340681,
c4a4
BLACK
14,1,4,14,5,14,1,3,14,0,0,2,14,0,14,14,14,14,14,14,0,14,14,0,12,14,14,14,14,14,0,14,0,3,8,14,8,14,14,14,14,14,14,8,2,8,14,13,8,14,14,14,14,14,8,8,11,9,14,14,14,10,9,11,1,0,0,0,-1,
0,1,57,0.0280561,0,1,58,0.0260521,0,2,14,0.0280561,0,4,0,0.0280561,0,4,14,0.0280561,0,4,42,0.0280561,0,6,58,0.0280561,0,6,59,0.0260521,0,7,0,0.0280561,1,1,0,0.0280561,1,1,1,0.0280561,1,2,0,0.0280561,1,2,1,0.0260521,1,3,49,0.0280561,1,3,50,0.0280561,1,5,0,0.0280561,1,5,1,0.0280561,2,4,0,0.0280561,2,7,0,0.0280561,3,6,0,0.0280561,4,0,0,0.0280561,4,1,0,0.0280561,4,1,1,0.0280561,4,1,2,0.0280561,4,1,14,0.0280561,4,1,28,0.0260521,4,1,29,0.0280561,5,4,7,0.0280561,5,4,8,0.0280561,5,4,21,0.0280561,5,4,35,0.0280561,5,4,36,0.0280561,5,4,37,0.0280561,5,4,38,0.0280561,5,4,49,0.0260522,5,4,50,0.0280561,
b5b3
WHITE
3,1,2,14,14,14,1,3,0,0,14,14,14,14,14,0,5,14,0,10,0,14,14,14,14,14,14,0,14,0,14,8,14,8,14,14,14,14,14,4,8,14,14,8,14,14,11,14,14,14,8,14,10,8,8,14,11,9,14,13,14,12,9,14,0,0,1,0,-1,
0,1,56,0.0340681,0,2,7,0.0340681,0,6,57,0.0340682,0,6,58,0.0360721,0,6,59,0.0340681,1,1,0,0.0340681,1,1,1,0.0340681,1,7,0,0.0340681,2,0,7,0.0360722,2,0,14,0.0340681,2,2,0,0.0340682,2,4,0,0.0340681,3,3,0,0.0360721,3,5,0,0.0340682,4,7,0,0.0340681,4,7,1,0.0360721,4,7,2,0.0360722,4,7,28,0.0360722,4,7,35,0.0340682,4,7,36,0.0340682,4,7,37,0.0340682,4,7,38,0.0340681,4,7,42,0.0340681,4,7,43,0.0340682,4,7,44,0.0340682,4,7,45,0.0340681,4,7,46,0.0340681,4,7,47,0.0340681,4,7,49,0.0340682,
a4b3 (capture)
BLACK
14,1,4,14,5,14,1,3,14,0,0,2,14,0,14,14,14,12,14,14,0,14,14,0,14,14,14,14,14,14,0,14,0,14,8,14,8,14,14,14,14,14,14,8,2,8,14,13,8,14,14,14,14,14,8,8,11,9,14,14,14,10,9,11,1,0,0,0,-1,
0,1,57,0.0360721,0,1,58,0.0340681,0,2,14,0.0360721,0,4,0,0.0360721,0,4,14,0.0340681,0,4,42,0.0360721,0,6,58,0.0360721,0,6,59,0.0340681,0,7,0,0.0360721,1,2,0,0.0360722,1,2,1,0.0340682,1,2,49,0.0360721,1,3,49,0.0360722,1,3,50,0.0360722,1,5,0,0.0360722,1,5,1,0.0360721,2,4,0,0.0360721,2,7,0,0.0360721,3,6,0,0.0360721,4,0,0,0.0360721,5,4,7,0.0360722,5,4,8,0.0360722,5,4,21,0.0360722,5,4,35,0.0360721,5,4,36,0.0360721,5,4,37,0.0360721,5,4,49,0.0340681,5,4,50,0.0360721,
c2b3 (capture)
WHITE
3,1,2,14,14,14,1,3,0,0,14,14,14,14,14,0,5,14,0,10,0,14,14,14,14,14,14,0,14,0,14,8,14,8,14,14,14,14,14,14,8,14,14,8,14,14,8,14,14,14,8,14,10,14,8,14,11,9,14,13,14,12,9,14,0,0,1,0,-1,
0,1,56,0.0701402,0,2,7,0.0701402,0,6,57,0.0721443,0,6,58,0.0721443,0,6,59,0.0701402,1,1,0,0.0721443,1,1,1,0.0721443,1,7,0,0.0721443,2,0,7,0.0721443,2,0,14,0.0721443,2,2,0,0.0701403,2,4,0,0.0701403,3,3,0,0.0721443,3,5,0,0.0721443,
b8a6
BLACK
14,1,4,14,5,14,1,3,14,0,14,2,14,0,14,14,14,0,14,14,0,14,14,0,14,14,14,14,14,14,0,14,0,14,8,14,8,14,14,14,9,14,14,8,2,8,14,13,8,14,14,14,14,14,8,8,11,14,14,14,14,10,9,11,1,0,0,0,-1,
0,1,57,0.0360721,0,1,58,0.0340681,0,2,0,0.0360722,0,2,1,0.0360721,0,2,2,0.0360721,0,2,3,0.0360722,0,2,14,0.0360721,0,4,0,0.0360721,0,4,14,0.0340682,0,4,42,0.0360721,0,6,58,0.0360721,0,6,59,0.0340681,0,7,0,0.0360721,1,3,49,0.0360722,1,3,50,0.0360721,1,5,0,0.0360721,1,5,1,0.0360721,2,1,0,0.0360721,2,4,0,0.0360721,2,7,0,0.0360721,3,6,0,0.0360722,5,4,7,0.0360722,5,4,8,0.0360722,5,4,21,0.0360721,5,4,35,0.0340681,5,4,36,0.0360721,5,4,49,0.0340681,5,4,50,0.0360722,
c1c4
WHITE
3,1,2,14,14,14,14,3,0,0,14,14,14,14,14,0,5,14,0,10,0,14,14,1,14,14,14,0,14,0,14,8,14,8,14,14,14,12,14,14,8,14,14,8,14,14,8,14,14,14,8,14,10,14,8,14,11,9,14,13,14,14,9,14,0,0,1,0,-1,
0,1,56,0.0621243,0,2,7,0.0621243,0,7,42,0.0621243,0,7,43,0.0621243,0,7,44,0.0641283,0,7,45,0.0641283,1,1,0,0.0621243,1,1,1,0.0621243,2,0,7,0.0641283,2,0,14,0.0621243,2,2,0,0.0621242,2,4,0,0.0621243,2,7,58,0.0621243,2,7,60,0.0621243,2,7,61,0.0621242,3,3,0,0.0621243,
f6f5
BLACK
14,1,14,14,5,14,1,3,14,0,14,2,14,0,14,14,14,0,14,14,0,14,14,0,14,14,4,14,14,14,0,14,0,14,8,14,8,8,14,14,9,14,14,8,2,14,14,13,8,14,14,14,14,14,8,8,11,14,14,14,14,10,9,11,1,0,0,0,-1,
0,1,57,0.0260521,0,1,58,0.0240481,0,4,0,0.0260521,0,4,14,0.0240481,0,4,42,0.0260521,0,6,58,0.0260521,0,6,59,0.0240481,0,7,0,0.0260521,1,3,35,0.0260521,1,3,49,0.0260521,1,3,50,0.0260521,1,5,0,0.0260521,1,5,1,0.0260521,2,1,0,0.0260522,2,4,0,0.0260521,2,7,0,0.0240481,3,2,0,0.0260521,3,2,7,0.0260521,3,2,14,0.0260521,3,2,15,0.0260521,3,2,16,0.0260521,3,2,21,0.0260521,3,2,22,0.0260521,3,2,23,0.0240481,3,2,28,0.0260521,3,2,29,0.0260521,3,2,30,0.0260521,3,2,42,0.0260521,3,2,43,0.0240481,3,2,49,0.0260521,3,2,50,0.0260521,3,6,0,0.0260522,3,6,49,0.0260521,5,4,7,0.0260521,5,4,8,0.0260521,5,4,21,0.0260521,5,4,35,0.024048,5,4,49,0.0240481,5,4,50,0.0260521,
g1e2
WHITE
3,1,2,14,14,14,14,3,0,0,14,14,14,14,14,0,5,14,14,10,0,14,14,1,14,14,0,0,14,0,14,8,14,8,14,14,14,12,14,14,8,14,14,8,14,14,8,14,14,14,8,9,10,14,8,14,11,14,14,13,14,14,9,14,0,0,1,0,-1,
0,1,56,0.0499112,0,1,57,0.0577265,0,2,7,0.0499112,0,7,42,0.0577264,0,7,43,0.0499112,0,7,44,0.0577265,0,7,45,0.0577265,1,1,0,0.0577265,1,1,1,0.0577264,2,0,7,0.0577265,2,0,14,0.0577264,2,4,0,0.0577264,2,7,58,0.0577265,2,7,60,0.0499112,2,7,61,0.0499112,3,2,0,0.0577265,3,2,49,0.0577264,3,3,0,0.0577265,
a8b8
BLACK
14,1,14,14,5,14,14,3,14,0,14,2,1,0,14,14,14,0,14,14,0,14,14,0,14,14,4,14,14,14,0,14,0,14,8,14,8,8,14,14,9,14,14,8,2,14,14,13,8,14,14,14,14,14,8,8,14,11,14,14,14,10,9,11,1,0,0,0,-1,
0,1,57,0.0185792,0,1,58,0.0185792,0,4,14,0.0185792,0,4,16,0.0263136,0,4,42,0.0263136,0,7,0,0.0263136,0,7,42,0.0263137,0,7,43,0.0185792,1,3,35,0.0263136,1,3,49,0.0263136,1,3,50,0.0263136,1,4,56,0.0185791,1,4,57,0.0263136,1,4,58,0.0185791,1,4,59,0.0263137,1,4,60,0.0185791,1,4,63,0.0185791,1,5,0,0.0263136,1,5,1,0.0263136,2,1,0,0.0185792,2,4,0,0.0263137,2,7,0,0.0185792,3,2,0,0.0263136,3,2,7,0.0263136,3,2,14,0.0263136,3,2,15,0.0263136,3,2,16,0.0263136,3,2,21,0.0263136,3,2,28,0.0263136,3,2,29,0.0185791,3,2,30,0.0185792,3,2,42,0.0263136,3,2,43,0.0185791,3,2,49,0.0263136,3,2,50,0.0185792,3,6,0,0.0263136,3,6,49,0.0185791,5,4,7,0.0263136,5,4,8,0.0263136,5,4,21,0.0263136,5,4,35,0.0185792,5,4,49,0.0185792,5,4,50,0.0263136,
c4c1
WHITE
3,1,2,14,14,14,3,14,0,0,14,14,14,14,14,0,5,14,14,10,0,14,14,1,14,14,0,0,14,0,14,8,14,8,14,14,14,14,14,14,8,14,14,8,14,14,8,14,14,14,8,9,10,14,8,14,11,14,14,13,14,12,9,14,0,0,1,0,-1,
0,1,56,0.0380629,0,1,57,0.0380629,0,2,7,0.0380629,0,6,0,0.0458475,0,6,1,0.0458475,0,6,2,0.0380629,0,6,3,0.0458475,0,6,4,0.0458475,0,6,14,0.0458475,0,6,42,0.0380629,0,6,43,0.0458475,0,6,44,0.0458475,1,1,0,0.0458475,1,1,1,0.0458475,2,0,7,0.0458475,2,0,14,0.0458475,2,4,0,0.0380629,2,7,58,0.0458475,2,7,60,0.0380629,3,2,0,0.0458475,3,2,49,0.0458475,3,3,0,0.0458475,3,5,0,0.0458475,
f5f4
BLACK
14,1,4,14,5,14,14,3,14,0,14,2,1,0,14,14,14,0,14,14,0,14,14,0,14,14,14,14,14,8,0,14,0,14,8,14,8,14,14,14,9,14,14,8,2,14,14,13,8,14,14,14,14,14,8,8,14,11,14,14,14,10,9,11,1,0,0,0,-1,
0,1,57,0.0292585,0,1,58,0.0292584,0,2,0,0.0292585,0,2,1,0.0292585,0,2,2,0.0378762,0,2,3,0.0292584,0,2,14,0.0292585,0,4,14,0.0292584,0,4,16,0.0292585,0,4,42,0.0292585,0,7,0,0.0378762,0,7,42,0.0292584,0,7,43,0.0292584,1,3,49,0.0292585,1,3,50,0.0292585,1,4,56,0.0292584,1,4,57,0.0292585,1,4,58,0.0292584,1,4,59,0.0292584,1,4,63,0.0292585,1,5,0,0.0292585,2,1,0,0.0292584,2,4,0,0.0292584,2,4,7,0.0378762,2,7,0,0.0292584,3,6,0,0.0292585,5,4,7,0.0292584,5,4,8,0.0292585,5,4,21,0.0292584,5,4,35,0.0292585,5,4,36,0.0378762,5,4,49,0.0292584,5,4,50,0.0292585,
e2g3
WHITE
3,1,2,14,14,14,3,14,0,0,14,14,14,14,14,0,5,14,14,10,0,14,14,1,14,14,14,0,14,0,14,8,14,8,0,14,14,14,14,14,8,9,14,8,14,14,8,14,14,14,8,14,10,14,8,14,11,14,14,13,14,12,9,14,0,0,1,0,-1,
0,1,56,0.035594,0,1,57,0.0432647,0,2,7,0.035594,0,6,0,0.0432647,0,6,1,0.0432647,0,6,2,0.035594,0,6,3,0.0432647,0,6,4,0.0432647,0,6,14,0.0432647,0,6,42,0.0432647,0,6,43,0.0432647,0,6,44,0.0432647,1,1,0,0.0432647,1,1,1,0.0432647,2,0,7,0.0432647,2,0,14,0.0432647,2,4,0,0.0432647,2,7,58,0.0432647,2,7,60,0.035594,3,3,0,0.0432647,3,5,0,0.0432647,4,2,0,0.035594,4,2,7,0.0432647,4,2,49,0.0432647,
e5e4
BLACK
14,1,4,14,5,14,14,3,14,0,14,2,14,0,14,14,14,0,14,14,0,14,1,0,14,14,14,14,8,8,0,14,0,14,8,14,14,14,14,14,9,14,14,8,2,14,14,13,8,14,14,14,14,14,8,8,14,11,14,14,14,10,9,11,1,0,0,0,-1,
0,1,57,0.0292584,0,1,58,0.0292584,0,2,0,0.0292585,0,2,1,0.0292584,0,2,2,0.0292585,0,2,3,0.0292584,0,2,14,0.0292584,0,4,0,0.0378762,0,4,14,0.0292584,0,4,16,0.0292585,0,4,42,0.0292585,0,7,0,0.0378762,0,7,42,0.0292584,0,7,43,0.0292584,1,3,49,0.0292585,1,3,50,0.0292584,1,5,0,0.0292584,2,1,0,0.0292585,2,4,7,0.0292585,2,6,57,0.0378762,2,6,58,0.0292585,2,6,59,0.0292585,2,6,60,0.0292584,2,6,61,0.0292585,2,7,0,0.0292584,3,6,0,0.0292585,5,4,7,0.0292584,5,4,8,0.0292585,5,4,21,0.0292585,5,4,35,0.0292584,5,4,36,0.0378762,5,4,49,0.0292585,5,4,50,0.0292585,
b3b4
WHITE
3,1,2,14,14,14,3,14,0,0,14,14,14,14,14,0,5,14,14,10,0,14,14,1,14,14,14,14,14,0,14,8,14,8,0,0,14,14,8,14,8,9,14,8,14,14,14,14,14,14,8,14,10,14,8,14,11,14,14,13,14,12,9,14,0,0,1,0,-1,
0,1,56,0.0380629,0,1,57,0.0380629,0,2,7,0.0380629,0,6,0,0.0458475,0,6,1,0.0458475,0,6,2,0.0380629,0,6,3,0.0458475,0,6,14,0.0458475,0,6,42,0.0380629,0,6,43,0.0458475,0,6,44,0.0458475,1,1,0,0.0458475,1,1,1,0.0458475,2,0,7,0.0458475,2,0,14,0.0458475,2,4,0,0.0458475,2,7,58,0.0458475,2,7,60,0.0380629,3,5,0,0.0458475,3,5,7,0.0458475,4,2,0,0.0380629,4,2,7,0.0458475,4,2,49,0.0458475,
b8c8
BLACK
14,1,4,14,5,14,14,3,14,0,14,2,14,0,14,14,14,14,14,14,0,14,1,0,14,0,14,14,8,8,0,14,0,14,8,14,14,14,14,14,9,14,14,8,2,14,14,13,8,14,14,14,14,14,8,8,14,14,11,14,14,10,9,11,1,0,0,0,-1,
0,1,57,0.0288041,0,1,58,0.0214148,0,2,0,0.0288041,0,2,1,0.0288041,0,2,2,0.028804,0,2,3,0.0288041,0,2,14,0.0288041,0,4,0,0.028804,0,4,14,0.0214148,0,4,16,0.0288041,0,4,42,0.0288041,0,7,0,0.028804,0,7,42,0.0288041,0,7,43,0.0214148,1,1,0,0.0288041,1,3,49,0.0288041,1,5,0,0.0288041,2,4,7,0.0288041,2,6,57,0.028804,2,6,58,0.028804,2,6,59,0.0288041,2,6,60,0.0288041,2,6,61,0.0288041,2,7,0,0.0288041,3,1,0,0.028804,3,1,7,0.0288041,3,6,0,0.0288041,5,4,7,0.0288041,5,4,8,0.028804,5,4,21,0.028804,5,4,35,0.0214148,5,4,36,0.028804,5,4,37,0.028804,5,4,38,0.0288041,5,4,49,0.0214148,5,4,50,0.0288041,
c1c5 (capture)
WHITE
3,1,2,14,14,3,14,14,0,0,14,14,14,14,14,0,5,14,14,10,0,14,14,1,14,14,14,14,14,12,14,8,14,8,0,0,14,14,8,14,8,9,14,8,14,14,14,14,14,14,8,14,10,14,8,14,11,14,14,13,14,14,9,14,0,0,1,0,-1,
0,1,56,0.0398269,0,1,57,0.0564067,0,2,7,0.0398269,0,5,0,0.0398269,0,5,1,0.0398269,0,5,2,0.0564067,0,5,14,0.0398269,0,5,15,0.0398269,0,5,42,0.0398269,0,5,43,0.0398269,1,1,0,0.0564066,1,1,1,0.0564066,2,0,14,0.0564066,2,4,0,0.0564066,2,4,7,0.0564067,2,7,58,0.0398269,2,7,59,0.047577,2,7,60,0.0398269,2,7,61,0.0398269,4,2,0,0.0398269,4,2,7,0.0398269,4,2,49,0.0398269,
c8e8
BLACK
14,1,14,14,5,14,14,3,14,0,14,2,14,0,14,14,14,14,14,14,0,14,1,0,14,0,14,14,8,8,0,14,0,14,4,14,14,14,14,14,9,14,14,8,2,14,14,13,8,14,14,14,14,14,8,8,14,14,14,14,11,10,9,11,1,0,0,0,-1,
0,1,57,0.014253,0,1,58,0.0142529,0,4,0,0.0208677,0,4,14,0.014253,0,4,16,0.014253,0,4,42,0.014253,0,7,0,0.0208677,0,7,42,0.014253,0,7,43,0.014253,1,1,0,0.014253,1,3,35,0.014253,1,3,49,0.014253,1,5,0,0.014253,2,4,7,0.014253,2,6,57,0.0208677,2,6,58,0.0142529,2,6,59,0.014253,2,6,60,0.014253,2,6,61,0.014253,2,7,0,0.014253,3,1,0,0.014253,3,6,0,0.0208677,4,2,0,0.014253,4,2,1,0.014253,4,2,2,0.014253,4,2,7,0.014253,4,2,14,0.014253,4,2,15,0.0208678,4,2,16,0.0142529,4,2,17,0.014253,4,2,18,0.277193,4,2,21,0.0208678,4,2,28,0.014253,4,2,29,0.014253,4,2,30,0.014253,4,2,31,0.014253,4,2,42,0.0208677,4,2,49,0.014253,4,2,50,0.014253,5,4,7,0.014253,5,4,8,0.014253,5,4,21,0.014253,5,4,35,0.014253,5,4,36,0.014253,5,4,37,0.0208677,5,4,38,0.0142529,5,4,49,0.014253,5,4,50,0.014253,
g4g5
WHITE
3,1,2,3,14,14,14,14,0,0,14,14,14,14,14,0,5,14,14,10,0,14,14,1,14,8,14,14,14,12,14,8,14,14,0,0,14,14,8,14,8,9,14,8,14,14,14,14,14,14,8,14,10,14,8,14,11,14,14,13,14,14,9,14,0,0,1,0,-1,
2,0,14,1,
h6g6
BLACK
14,1,14,14,5,14,14,3,14,0,14,2,14,0,14,14,14,14,14,14,0,14,1,0,14,0,14,14,8,8,14,14,0,14,4,14,14,14,0,14,9,14,14,8,2,14,13,14,8,14,14,14,14,14,8,8,14,14,14,14,11,10,9,11,1,0,0,0,-1,
0,1,57,0.0123523,0,1,58,0.0123523,0,4,0,0.0180851,0,4,14,0.0123523,0,4,16,0.0180851,0,4,42,0.018085,0,7,0,0.0180851,0,7,42,0.0123523,0,7,43,0.0123523,1,1,0,0.0123523,1,3,35,0.0180851,1,3,49,0.018085,1,5,0,0.0123523,2,4,7,0.0180851,2,6,57,0.0180851,2,6,58,0.0180851,2,6,59,0.0180851,2,6,60,0.0123523,2,6,61,0.0123523,2,7,0,0.0123523,3,1,0,0.0180851,4,2,0,0.0123523,4,2,1,0.0180851,4,2,2,0.0123523,4,2,7,0.0180851,4,2,14,0.0123523,4,2,15,0.0180851,4,2,16,0.289361,4,2,21,0.0180851,4,2,28,0.0180851,4,2,29,0.0180851,4,2,30,0.0180851,4,2,31,0.0123523,4,2,42,0.0180851,4,2,49,0.0180851,4,2,50,0.0123523,5,4,7,0.0123523,5,4,8,0.0180851,5,4,21,0.0180851,5,4,22,0.0180851,5,4,35,0.0123523,5,4,36,0.0180851,5,4,37,0.0180851,5,4,38,0.0180851,5,4,49,0.0123523,5,4,50,0.0180851,
g3f5
WHITE
3,1,2,3,14,14,14,14,0,0,14,14,14,14,14,0,14,5,14,10,0,14,14,1,14,8,9,14,14,12,14,8,14,14,0,0,14,14,8,14,8,14,14,8,14,14,14,14,14,14,8,14,10,14,8,14,11,14,14,13,14,14,9,14,0,0,1,0,-1,
0,1,56,0.0401301,0,1,57,0.0479392,0,1,58,0.0401302,0,2,7,0.0479392,0,3,0,0.0479392,0,3,1,0.0479393,0,3,14,0.0479392,0,3,15,0.0401301,0,3,16,0.0479393,0,3,17,0.0479393,1,0,0,0.0479392,1,0,1,0.0479392,2,1,0,0.0401302,2,1,49,0.0479393,2,4,0,0.0479392,2,4,7,0.0479393,2,7,58,0.0479392,2,7,59,0.0401302,2,7,60,0.0401302,2,7,61,0.0479392,4,2,0,0.0401301,4,2,7,0.0479393,
d6d5
BLACK
14,1,14,14,5,14,14,3,14,0,14,2,14,0,14,14,14,14,14,14,0,14,14,0,14,0,14,14,8,8,14,14,0,14,4,8,14,1,0,14,9,14,14,14,2,14,13,14,8,14,14,14,14,14,8,8,14,14,14,14,11,10,9,11,1,0,0,0,-1,
0,1,57,0.0185792,0,1,58,0.0185792,0,4,0,0.0263136,0,4,14,0.0185792,0,4,16,0.0263137,0,4,42,0.0263137,0,7,0,0.0263136,0,7,42,0.0185792,0,7,43,0.0185792,1,1,0,0.0263136,1,3,35,0.0263136,1,3,49,0.0263136,1,5,0,0.0263137,2,4,7,0.0263136,2,7,0,0.0185792,3,1,0,0.0263136,4,2,0,0.0185792,4,2,1,0.0263136,4,2,2,0.0185791,4,2,7,0.0263136,4,2,8,0.0263136,4,2,9,0.0263136,4,2,14,0.0185791,4,2,21,0.0263136,4,2,28,0.0263136,4,2,29,0.0263136,4,2,30,0.0263136,4,2,31,0.0185792,4,2,42,0.0263136,4,2,49,0.0263136,4,2,50,0.0185791,4,5,56,0.0263136,4,5,57,0.0263136,4,5,58,0.0185791,4,5,59,0.0185792,4,5,60,0.0263136,4,5,62,0.0185791,4,5,63,0.0263136,5,4,7,0.0185792,5,4,8,0.0263136,5,4,35,0.0185791,5,4,49,0.0185791,5,4,50,0.0263136,
b1a3
WHITE
3,1,2,3,14,14,14,14,0,0,14,14,14,14,14,0,14,5,14,10,14,14,14,1,14,8,9,14,0,12,14,8,14,14,0,0,14,14,8,14,8,14,14,8,14,14,14,9,14,14,8,14,10,14,8,14,11,14,14,13,14,14,14,14,0,0,1,0,-1,
0,1,56,0.0380629,0,1,57,0.0458475,0,1,58,0.0380629,0,2,7,0.0458475,0,2,8,0.0458475,0,2,9,0.0458475,0,3,0,0.0458475,0,3,1,0.0458475,0,3,14,0.0458475,0,3,15,0.0380629,0,3,16,0.0458475,0,3,17,0.0458475,1,0,0,0.0458475,1,0,1,0.0458475,2,1,0,0.0380629,2,1,49,0.0458475,2,7,58,0.0458475,2,7,59,0.0380629,2,7,60,0.0458475,2,7,61,0.0458475,3,4,0,0.0380629,4,2,0,0.0380629,4,2,7,0.0458475,
g8h6
BLACK
14,14,14,14,5,14,14,3,14,0,14,2,14,0,14,14,1,14,14,14,0,14,14,0,14,0,14,14,8,8,14,14,0,14,4,8,14,1,0,14,9,14,14,14,2,14,13,9,8,14,14,14,14,14,8,8,14,14,14,14,11,10,14,11,1,0,0,0,-1,
0,4,0,0.0228409,0,4,14,0.0156006,0,4,16,0.0228409,0,4,42,0.0228409,0,7,0,0.0228409,0,7,42,0.022841,0,7,43,0.0156007,1,1,0,0.0228409,1,3,35,0.0228409,1,3,49,0.0228409,1,5,0,0.0228409,2,0,56,0.0156006,2,0,57,0.0228409,2,0,62,0.0228409,2,0,63,0.0228409,2,4,7,0.0228409,2,7,0,0.0228409,3,1,0,0.0228409,4,2,0,0.0228409,4,2,1,0.0228409,4,2,2,0.0228409,4,2,7,0.0228409,4,2,8,0.022841,4,2,9,0.0228409,4,2,14,0.0228409,4,2,21,0.0228409,4,2,28,0.0228409,4,2,29,0.0228409,4,2,30,0.0228409,4,2,31,0.0156006,4,2,42,0.0228409,4,2,49,0.0228409,4,2,50,0.0156006,4,5,56,0.0228409,4,5,57,0.0228409,4,5,58,0.0228409,4,5,59,0.0228409,4,5,60,0.0228409,4,5,62,0.0156007,4,5,63,0.0228409,4,6,7,0.0228409,5,4,7,0.0228409,5,4,8,0.0228409,5,4,35,0.0228409,5,4,49,0.0156007,5,4,50,0.0228409,
c5c7
WHITE
3,14,2,3,14,14,14,14,0,0,14,14,14,12,14,0,1,5,14,10,14,14,14,1,14,8,9,14,0,14,14,8,14,14,0,0,14,14,8,14,8,14,14,8,14,14,14,9,14,14,8,14,10,14,8,14,11,14,14,13,14,14,14,14,0,0,1,0,-1,
0,0,14,0.0432647,0,2,7,0.0432647,0,2,8,0.0432647,0,2,9,0.0432647,0,2,10,0.0432647,0,3,0,0.0432647,0,3,1,0.0432647,0,3,14,0.0432647,0,3,15,0.0432647,0,3,16,0.0432647,0,3,17,0.0432647,2,0,56,0.035594,2,0,57,0.0432647,2,0,62,0.0432647,2,0,63,0.0432647,2,1,0,0.035594,2,1,49,0.0432647,2,7,58,0.0432647,2,7,59,0.035594,2,7,60,0.0432647,2,7,61,0.0432647,3,4,0,0.035594,4,2,0,0.035594,4,2,7,0.0432647,
e8e7
BLACK
14,14,14,14,5,14,14,3,14,0,14,2,14,0,14,14,1,14,14,14,0,14,14,0,14,0,14,14,8,8,14,14,0,14,14,8,14,1,0,14,9,14,14,14,2,14,13,9,8,14,4,14,11,14,8,8,14,14,14,14,14,10,14,11,1,0,0,0,-1,
0,4,0,0.0257683,0,4,14,0.0176001,0,4,16,0.0176001,0,4,42,0.0257683,0,7,0,0.0257683,0,7,42,0.0176001,0,7,43,0.0176001,1,1,0,0.0176001,1,3,35,0.0257683,1,3,49,0.0257683,1,5,0,0.0176001,2,0,56,0.0176001,2,0,57,0.0176001,2,0,62,0.0257683,2,0,63,0.0257683,2,4,7,0.0257683,2,7,0,0.0176001,3,1,0,0.0257683,4,5,56,0.0257683,4,5,57,0.0257683,4,5,58,0.0176001,4,5,59,0.0176001,4,5,60,0.0257683,4,5,62,0.0176001,4,5,63,0.0257683,4,6,7,0.0257683,5,4,7,0.0176001,5,4,8,0.0257683,5,4,35,0.0176001,5,4,49,0.0176001,5,4,50,0.0257683,6,2,0,0.0176001,6,2,7,0.0176001,6,2,14,0.0176001,6,2,15,0.0176001,6,2,21,0.0176001,6,2,22,0.0176001,6,2,23,0.0176001,6,2,28,0.0257683,6,2,29,0.0257683,6,2,30,0.0176001,6,2,31,0.0176001,6,2,32,0.0176001,6,2,33,0.0176001,6,2,35,0.0176001,6,2,42,0.0176001,6,2,43,0.0257683,6,2,49,0.0176001,
f5d4
WHITE
3,14,2,14,14,14,14,14,0,0,14,3,14,12,14,0,1,5,14,10,14,14,14,1,14,8,14,14,0,14,14,8,14,14,0,0,9,14,8,14,8,14,14,8,14,14,14,9,14,14,8,14,10,14,8,14,11,14,14,13,14,14,14,14,0,0,1,0,-1,
0,0,14,0.0577265,1,3,0,0.0499112,1,3,14,0.0577265,1,3,15,0.0577264,1,3,28,0.0499112,1,3,42,0.0577264,2,0,56,0.0499112,2,0,57,0.0577265,2,0,62,0.0577265,2,0,63,0.0577265,2,1,0,0.0577265,2,1,49,0.0577265,2,7,58,0.0577264,2,7,59,0.0499112,2,7,60,0.0577264,2,7,61,0.0577264,4,2,0,0.0499112,4,2,7,0.0577265,
e7c7 (capture)
BLACK
14,14,14,14,5,14,14,3,14,0,14,2,14,0,14,14,1,14,14,14,0,14,14,0,14,0,14,1,8,8,14,14,0,14,14,8,14,14,0,14,9,14,14,14,2,14,13,9,8,14,11,14,14,14,8,8,14,14,14,14,14,10,14,11,1,0,0,0,-1,
0,4,0,0.0378762,0,4,14,0.0292584,0,4,16,0.0292584,0,4,42,0.0292584,0,7,0,0.0378762,0,7,42,0.0292584,0,7,43,0.0292584,1,1,0,0.0292584,1,3,35,0.0292585,1,3,49,0.0292585,1,5,0,0.0292584,2,0,56,0.0292585,2,0,57,0.0292585,2,0,62,0.0378762,2,0,63,0.0292585,2,4,7,0.0292585,2,7,0,0.0292584,3,1,0,0.0292585,3,3,56,0.0292585,3,3,58,0.0292584,3,3,59,0.0292585,3,3,60,0.0292585,3,3,61,0.0292584,3,3,62,0.0292584,3,3,63,0.0292585,4,6,7,0.0378762,5,4,7,0.0292584,5,4,8,0.0292585,5,4,21,0.0292585,5,4,22,0.0292585,5,4,35,0.0292584,5,4,49,0.0292584,5,4,50,0.0292585,
a3c4
WHITE
3,14,2,14,14,14,14,14,0,0,14,14,14,3,14,0,1,5,14,10,14,14,14,1,14,8,14,14,0,14,14,8,14,14,0,0,9,9,8,14,8,14,14,8,14,14,14,14,14,14,8,14,10,14,8,14,11,14,14,13,14,14,14,14,0,0,1,0,-1,
0,0,14,0.040299,0,2,7,0.0402991,0,2,8,0.040299,0,2,9,0.040299,0,2,10,0.040299,1,5,0,0.040299,1,5,1,0.040299,1,5,2,0.0328238,1,5,14,0.040299,1,5,28,0.040299,1,5,42,0.0402991,1,5,43,0.040299,1,5,44,0.0402991,2,0,56,0.0402991,2,0,57,0.040299,2,0,62,0.040299,2,0,63,0.040299,2,1,0,0.040299,2,1,49,0.040299,2,7,58,0.040299,2,7,59,0.0402991,2,7,61,0.040299,3,4,7,0.040299,4,2,0,0.040299,4,2,7,0.040299,
g6g5 (capture)
BLACK
14,14,14,14,5,14,14,3,14,0,14,2,14,0,14,14,14,14,14,14,0,14,14,0,14,0,1,1,8,8,14,14,0,14,14,8,14,14,13,14,9,14,14,14,2,14,14,9,8,14,11,14,14,14,8,8,14,14,14,14,14,10,14,11,1,0,0,0,-1,
0,4,0,0.0344327,0,4,14,0.0265984,0,4,16,0.0344327,0,4,42,0.0344327,0,7,0,0.0344327,0,7,42,0.0265984,0,7,43,0.0265984,1,1,0,0.0344326,1,3,35,0.0344327,1,3,49,0.0344327,1,5,0,0.0265984,2,4,7,0.0344327,2,7,0,0.0265984,3,1,0,0.0344327,3,2,56,0.0265984,3,2,57,0.0265984,3,2,58,0.0344327,3,2,60,0.0344327,3,3,56,0.0344326,3,3,58,0.0265984,3,3,59,0.0265984,3,3,60,0.0344326,3,3,61,0.0265985,3,3,62,0.0344327,3,3,63,0.0344326,5,4,7,0.0265984,5,4,8,0.0344327,5,4,21,0.0344327,5,4,22,0.0344327,5,4,35,0.0265984,5,4,49,0.0265984,5,4,50,0.0344327,
e6c8
WHITE
3,14,2,14,14,10,14,14,0,0,14,14,14,3,14,0,1,14,14,14,14,14,14,1,14,5,14,14,0,14,14,8,14,14,0,0,9,9,8,14,8,14,14,8,14,14,14,14,14,14,8,14,10,14,8,14,11,14,14,13,14,14,14,14,0,0,1,0,-1,
0,0,14,0.0370671,0,2,7,0.0370671,0,2,8,0.0370671,0,2,9,0.0370671,0,2,10,0.0370671,1,1,0,0.0370671,1,5,0,0.0370671,1,5,1,0.0370671,1,5,2,0.0294913,1,5,14,0.0294913,1,5,28,0.0370671,1,5,42,0.0370671,1,5,43,0.0370671,1,5,44,0.0370671,2,0,56,0.0294913,2,0,57,0.0370671,2,0,62,0.0370671,2,0,63,0.0370671,2,7,58,0.0370671,2,7,59,0.0370671,2,7,61,0.0370671,3,1,21,0.0370671,3,1,28,0.0370671,3,1,42,0.0370671,3,1,49,0.0294913,3,4,7,0.0294913,4,2,0,0.0370671,4,2,7,0.0370671,
c7f7
BLACK
14,14,14,14,5,14,14,3,14,0,14,2,14,0,14,14,14,14,14,14,0,14,14,0,14,0,1,1,8,8,14,14,0,14,14,8,14,14,13,14,9,14,14,14,14,14,14,9,8,14,14,14,14,11,8,8,14,14,2,14,14,10,14,11,1,0,0,0,-1,
0,4,0,0.0344327,0,4,14,0.0265984,0,4,16,0.0344326,0,4,42,0.0344326,0,7,0,0.0344327,0,7,42,0.0265984,0,7,43,0.0265984,1,1,0,0.0344327,1,3,35,0.0344327,1,3,49,0.0344327,1,5,0,0.0344326,2,4,7,0.0344327,2,7,0,0.0265984,3,1,0,0.0344327,3,2,56,0.0265984,3,2,57,0.0265984,3,2,58,0.0344327,3,2,60,0.0344327,3,3,56,0.0344327,3,3,57,0.0344327,3,3,58,0.0265985,3,3,59,0.0265984,3,3,60,0.0344327,3,3,61,0.0265984,3,3,62,0.0344327,3,3,63,0.0344327,7,2,21,0.0344326,7,2,22,0.0265984,7,2,23,0.0265984,7,2,24,0.0344327,7,2,35,0.0265984,7,2,36,0.0265984,
h1f1
WHITE
3,14,2,14,14,10,14,14,0,0,3,14,14,14,14,0,1,14,14,14,14,14,14,1,14,5,14,14,0,14,14,8,14,14,0,0,9,9,8,14,8,14,14,8,14,14,14,14,14,14,8,14,10,14,8,14,14,14,11,13,14,14,14,14,0,0,0,0,-1,
0,0,14,0.0452394,0,2,7,0.0368478,0,2,8,0.0368478,0,2,9,0.0452394,0,2,10,0.0368478,1,1,0,0.0368477,1,2,0,0.0368478,1,2,1,0.0368478,1,2,14,0.0368478,1,2,15,0.0452394,1,2,16,0.0368478,1,2,17,0.0368478,2,0,56,0.0368478,2,0,57,0.0368478,2,0,62,0.0452394,2,7,58,0.0368478,2,7,59,0.0368478,2,7,60,0.0368478,2,7,61,0.0368478,3,1,21,0.0368477,3,1,28,0.0368478,3,1,42,0.0368477,3,1,49,0.0368478,3,4,7,0.0368478,4,2,0,0.0368478,4,2,7,0.0452394,
f7f5
BLACK
14,14,14,14,5,3,14,14,14,0,14,2,14,0,14,14,14,14,14,14,0,14,14,0,14,0,1,1,8,8,14,14,0,14,14,8,14,11,13,14,9,14,14,14,14,14,14,9,8,14,14,14,14,14,8,8,14,14,2,14,14,10,14,11,0,0,0,0,-1,
0,4,0,0.0370671,0,4,42,0.0370671,0,5,14,0.0370671,0,5,15,0.0370671,1,1,0,0.0370671,1,3,35,0.0370671,1,3,49,0.0370671,1,5,0,0.0370671,2,4,7,0.0370671,2,7,0,0.0294913,3,1,0,0.0370671,3,2,56,0.0294913,3,2,57,0.0370671,3,2,58,0.0370671,3,2,60,0.0370671,3,3,56,0.0370671,3,3,57,0.0370671,3,3,58,0.0370671,3,3,59,0.0370671,3,3,60,0.0370671,3,3,61,0.0370671,3,3,62,0.0370671,3,3,63,0.0370671,7,2,21,0.0370671,7,2,22,0.0294913,7,2,23,0.0294913,7,2,35,0.0294913,7,2,36,0.0370671,
f2f3
WHITE
3,14,2,14,14,10,14,14,0,0,14,14,14,14,14,0,1,14,14,14,14,14,14,1,14,5,3,14,0,14,14,8,14,14,0,0,9,9,8,14,8,14,8,8,14,14,14,14,14,14,14,14,10,14,8,14,14,14,11,13,14,14,14,14,0,0,0,0,-1,
0,0,14,0.0458475,0,2,7,0.0380629,0,2,8,0.0380629,0,2,9,0.0458475,0,2,10,0.0458475,1,1,0,0.0458475,2,0,57,0.0458475,2,0,62,0.0458475,2,0,63,0.0458475,2,7,58,0.0458475,2,7,59,0.0380629,2,7,60,0.0380629,2,7,61,0.0458475,3,1,21,0.0458475,3,1,28,0.0458475,3,1,42,0.0380629,3,1,49,0.0380629,3,2,14,0.0458475,3,2,28,0.0458475,3,2,29,0.0458475,3,4,7,0.0380629,4,2,7,0.0458475,4,3,49,0.0458475,
f5f7
BLACK
14,14,14,14,5,3,14,14,14,0,14,2,14,14,14,14,14,14,14,14,0,0,14,0,14,0,1,1,8,8,14,14,0,14,14,8,14,14,13,14,9,14,14,14,14,14,14,9,8,14,14,14,14,11,8,8,14,14,2,14,14,10,14,11,0,0,0,0,-1,
0,4,0,0.0361908,0,4,7,0.0283977,0,4,42,0.0361909,0,5,0,0.0361908,0,5,14,0.0361908,0,5,15,0.0361908,1,1,0,0.0361909,1,3,35,0.0361908,1,3,49,0.0361908,2,4,7,0.0361908,2,5,49,0.0361908,2,7,0,0.0283976,3,1,0,0.0361908,3,2,56,0.0283976,3,2,57,0.0283977,3,2,58,0.0361908,3,2,60,0.0361909,3,3,56,0.0361909,3,3,57,0.0361908,3,3,58,0.0283977,3,3,59,0.0283976,3,3,60,0.0361908,3,3,61,0.0283977,3,3,62,0.0361908,7,2,21,0.0361908,7,2,22,0.0283976,7,2,23,0.0283976,7,2,24,0.0361908,7,2,35,0.0283977,7,2,36,0.0283977,
c8b7
WHITE
3,14,2,14,14,14,14,14,0,0,3,14,14,14,10,0,1,14,14,14,14,14,14,1,14,5,14,14,0,14,14,8,14,14,0,0,9,9,8,14,8,14,8,8,14,14,14,14,14,14,14,14,10,14,8,14,14,14,11,13,14,14,14,14,0,0,0,0,-1,
0,0,14,0.0452394,0,2,7,0.0368478,0,2,8,0.0368478,0,2,9,0.0452394,0,2,10,0.0368478,1,1,0,0.0368477,1,2,0,0.0368478,1,2,1,0.0368478,1,2,14,0.0368478,1,2,15,0.0452394,1,2,16,0.0368478,1,2,17,0.0368478,2,0,56,0.0368478,2,0,57,0.0368478,2,0,62,0.0452394,2,7,58,0.0368478,2,7,59,0.0368477,2,7,60,0.0368478,2,7,61,0.0368478,3,1,21,0.0368478,3,1,28,0.0368477,3,1,42,0.0368478,3,1,49,0.0368478,3,4,7,0.0368478,4,2,7,0.0452394,4,3,49,0.0368478,
a6c7
BLACK
14,14,14,14,5,3,14,14,14,0,14,2,14,14,14,14,14,14,14,14,0,0,14,0,14,0,1,1,8,8,14,14,0,14,14,8,14,14,13,14,14,14,14,14,14,14,14,9,8,2,9,14,14,11,8,8,14,14,14,14,14,10,14,11,0,0,0,0,-1,
0,4,0,0.0361908,0,4,7,0.0283976,0,4,42,0.0361909,0,5,0,0.0361908,0,5,14,0.0283977,0,5,15,0.0361908,1,1,0,0.0361908,1,3,35,0.0361908,1,3,49,0.0361909,2,4,7,0.0361908,2,5,49,0.0361908,2,7,0,0.0283976,3,1,0,0.0361908,3,2,56,0.0283976,3,2,57,0.0283976,3,2,58,0.0361908,3,2,60,0.0361908,3,3,56,0.0361909,3,3,57,0.0361908,3,3,58,0.0283977,3,3,59,0.0283976,3,3,60,0.0361908,3,3,61,0.0283977,3,3,62,0.0361908,4,0,0,0.0361909,6,1,7,0.0283977,6,1,21,0.0283977,6,1,22,0.0361908,6,1,35,0.0361908,6,1,49,0.0283977,
d4c2
WHITE
3,14,2,14,14,14,14,14,0,0,3,14,14,1,10,0,1,14,14,14,14,14,14,14,14,5,14,14,0,14,14,8,14,14,0,0,14,9,8,14,8,14,8,8,14,14,14,14,14,14,14,14,10,9,8,14,14,14,11,13,14,14,14,14,0,0,0,0,-1,
0,0,14,0.0370671,0,2,7,0.0370671,0,2,8,0.0370671,0,2,9,0.0370671,0,2,10,0.0370671,1,1,0,0.0370671,1,2,0,0.0370671,1,2,1,0.0294913,1,2,14,0.0370671,1,2,15,0.0370671,1,5,56,0.0370671,1,5,57,0.0370671,1,5,59,0.0294913,1,5,60,0.0370671,1,5,63,0.0370671,1,7,0,0.0370671,2,0,56,0.0294913,2,0,57,0.0370671,2,0,62,0.0370671,3,1,14,0.0370671,3,1,21,0.0370671,3,1,28,0.0370671,3,1,42,0.0370671,3,1,49,0.0370671,3,4,0,0.0294913,3,4,7,0.0294913,4,2,7,0.0370671,4,3,49,0.0370671,
f8e7
BLACK
14,14,14,14,5,3,14,14,14,0,1,2,14,14,14,14,14,14,14,14,0,0,14,0,14,0,1,14,8,8,14,14,0,14,14,8,14,14,13,14,14,14,14,14,14,14,14,9,8,2,9,14,10,11,8,8,14,14,14,14,14,14,14,11,0,0,0,0,-1,
0,4,0,0.0452394,0,4,7,0.0368478,0,4,42,0.0368478,0,5,0,0.0368478,0,5,14,0.0368478,0,5,15,0.0452394,1,1,0,0.0368478,1,2,57,0.0368478,1,2,59,0.0368477,1,2,60,0.0368478,1,3,35,0.0368478,1,3,49,0.0368478,2,4,7,0.0368478,2,5,49,0.0452394,2,7,0,0.0368478,3,1,0,0.0368478,3,2,56,0.0368478,3,2,57,0.0368478,3,2,58,0.0452394,3,2,60,0.0368477,4,0,0,0.0368478,6,1,7,0.0368478,6,1,21,0.0368478,6,1,22,0.0368477,6,1,35,0.0452394,6,1,49,0.0368478,
a5a6
WHITE
3,14,14,14,14,14,14,14,0,0,3,2,14,1,10,0,1,14,14,14,14,14,14,8,14,5,14,14,0,14,14,14,14,14,0,0,14,9,8,14,8,14,8,8,14,14,14,14,14,14,14,14,10,9,8,14,14,14,11,13,14,14,14,14,0,0,0,0,-1,
0,0,14,0.0319008,0,0,15,0.0319008,0,0,16,0.0319008,0,0,17,0.0242075,0,0,18,0.0319008,0,0,19,0.0319008,0,0,20,0.0319008,1,1,0,0.0319008,1,2,0,0.0242075,1,2,1,0.0242074,1,2,28,0.0319008,1,3,7,0.0319008,1,3,8,0.0319008,1,3,9,0.0242074,1,3,21,0.0319008,1,3,35,0.0319008,1,3,49,0.0319008,1,5,56,0.0242074,1,5,57,0.0319008,1,5,59,0.0242074,1,5,60,0.0319008,1,5,63,0.0319008,2,0,56,0.0242075,2,0,57,0.0319008,2,0,62,0.0319008,3,1,14,0.0319008,3,1,21,0.0319008,3,1,28,0.0319008,3,1,42,0.0242074,3,1,49,0.0242075,3,4,0,0.0242075,3,4,7,0.0242074,4,2,7,0.0319008,4,3,49,0.0319008,
c7a6 (capture)
BLACK
14,14,14,14,5,3,14,14,14,0,1,2,14,14,14,14,14,14,14,14,0,0,14,0,14,0,1,14,8,8,14,14,14,14,14,8,14,14,13,14,9,14,14,14,14,14,14,9,8,2,14,14,10,11,8,8,14,14,14,14,14,14,14,11,0,0,0,0,-1,
0,4,0,0.0452394,0,4,7,0.0368478,0,4,42,0.0368478,0,5,0,0.0368478,0,5,14,0.0368478,0,5,15,0.0452394,1,1,0,0.0368478,1,2,57,0.0368478,1,2,59,0.0368477,1,2,60,0.0368478,1,3,35,0.0368478,1,3,49,0.0368477,2,4,7,0.0368478,2,5,49,0.0452394,2,7,0,0.0368478,3,1,0,0.0368477,3,2,56,0.0368478,3,2,57,0.0368478,3,2,58,0.0452394,3,2,59,0.0368478,3,2,60,0.0368478,6,1,7,0.0368478,6,1,21,0.0368478,6,1,22,0.0368478,6,1,35,0.0452394,6,1,49,0.0368478,
d2c1
WHITE
3,14,14,14,14,14,14,14,0,0,3,2,14,14,10,0,1,14,14,14,14,14,14,1,14,5,14,14,0,14,14,14,14,14,0,0,14,9,8,14,8,14,8,8,14,14,14,14,14,14,14,14,14,9,8,14,14,14,11,13,14,10,14,14,0,0,0,0,-1,
0,0,14,0.0292585,0,0,15,0.0378762,0,0,16,0.0292585,0,0,17,0.0292584,0,0,18,0.0292584,0,0,19,0.0292585,0,0,20,0.0292584,1,1,0,0.0292585,1,2,0,0.0292584,1,2,1,0.0292584,1,2,28,0.0292585,1,3,7,0.0378762,1,3,8,0.0378762,1,3,9,0.0292584,1,3,21,0.0378762,1,3,35,0.0292585,1,3,49,0.0292585,2,0,56,0.0292584,2,0,57,0.0292585,2,0,62,0.0292585,2,7,58,0.0292585,2,7,59,0.0292584,2,7,60,0.0292584,2,7,61,0.0292585,3,1,14,0.0292585,3,1,21,0.0292584,3,1,28,0.0292584,3,1,42,0.0292585,3,1,49,0.0292584,3,4,0,0.0292585,3,4,7,0.0292584,4,2,7,0.0292585,4,3,49,0.0292584,
e7b4 (capture)
BLACK
14,14,2,14,5,3,14,14,14,0,1,14,14,14,14,14,14,14,14,14,0,0,14,0,14,10,1,14,8,8,14,14,14,14,14,8,14,14,13,14,9,14,14,14,14,14,14,9,8,2,14,14,14,11,8,8,14,14,14,14,14,14,14,11,0,0,0,0,-1,
0,2,7,0.165315,0,4,0,0.173427,0,4,7,0.165315,0,4,42,0.165315,1,2,58,0.165315,3,2,62,0.165315,
c1d2
WHITE
3,14,14,14,14,14,14,14,0,0,3,14,14,14,10,0,1,14,14,14,14,14,14,1,14,5,14,14,0,14,14,14,14,14,0,0,14,9,2,14,8,14,8,8,14,14,14,14,14,14,14,14,10,9,8,14,14,14,11,13,14,14,14,14,0,0,0,0,-1,
0,0,14,0.0251729,0,0,15,0.0338589,0,0,16,0.0251729,0,0,17,0.0251729,0,0,18,0.0251729,0,0,19,0.0251729,0,0,20,0.0251729,1,1,0,0.0251729,1,2,0,0.0251729,1,2,1,0.0251729,1,2,14,0.0251729,1,2,15,0.0338589,1,2,16,0.0251729,1,2,17,0.0251729,1,2,28,0.0338589,2,0,56,0.0251729,2,0,57,0.0251729,2,0,62,0.0338589,2,7,59,0.0251729,2,7,60,0.0251729,2,7,61,0.0251729,3,1,14,0.0251729,3,1,21,0.0251729,3,1,28,0.0251729,3,1,42,0.0251729,3,1,49,0.0251729,3,4,0,0.0251729,3,4,7,0.0251729,4,2,7,0.0251729,4,3,49,0.0251729,4,6,7,0.0338589,4,6,21,0.0251729,4,6,35,0.0251729,4,6,36,0.0251729,4,6,37,0.0251729,4,6,38,0.0251729,4,6,49,0.0251729,4,6,50,0.0251729,
b4f8
BLACK
14,14,14,14,5,3,14,14,14,0,1,2,14,14,14,14,14,14,14,14,0,0,14,0,14,14,1,14,8,8,14,14,14,14,14,8,14,14,13,14,9,14,14,14,14,14,14,9,8,2,14,14,14,11,8,8,14,14,14,14,14,10,14,11,0,0,0,0,-1,
0,4,0,0.0411535,0,4,7,0.0327425,0,4,42,0.0327426,0,5,0,0.0327426,0,5,14,0.0327426,0,5,15,0.0411535,1,1,0,0.0327426,1,1,1,0.0327426,1,2,57,0.0327425,1,2,58,0.0327425,1,2,59,0.0327425,1,2,60,0.0327426,1,3,35,0.0411535,1,3,49,0.0327426,1,3,50,0.0327426,1,3,51,0.0327426,2,4,7,0.0327426,2,5,49,0.0411535,2,7,0,0.0327426,3,2,56,0.0327425,3,2,57,0.0327426,3,2,58,0.0411535,3,2,59,0.0327426,3,2,60,0.0327426,6,1,7,0.0327426,6,1,21,0.0327426,6,1,22,0.0327426,6,1,35,0.0411535,6,1,49,0.0327426,
c4d6
WHITE
3,14,2,14,14,14,14,14,0,0,3,14,14,14,10,0,1,14,14,14,9,14,14,1,14,5,14,14,0,14,14,14,14,14,0,0,14,14,14,14,8,14,8,8,14,14,14,14,14,14,14,14,10,9,8,14,14,14,11,13,14,14,14,14,0,0,0,0,-1,
0,0,14,0.0432647,0,2,7,0.0432647,0,2,8,0.0432647,1,1,0,0.0432647,1,2,0,0.0432647,1,2,1,0.035594,1,2,14,0.0432647,1,2,15,0.0432647,1,2,16,0.0432647,1,2,17,0.035594,2,0,56,0.035594,2,0,57,0.0432647,2,0,62,0.0432647,2,7,58,0.0432647,2,7,59,0.0432647,2,7,60,0.0432647,2,7,61,0.0432647,3,1,21,0.0432647,3,1,28,0.0432647,3,1,42,0.0432647,3,1,49,0.035594,3,4,0,0.035594,4,2,7,0.0432647,4,3,49,0.0432647,
a6c5
BLACK
14,14,14,14,5,3,14,14,14,0,1,2,14,14,14,14,14,14,14,14,0,0,14,0,14,14,14,14,8,8,14,14,14,14,9,8,14,14,13,14,14,14,14,1,14,14,14,9,8,2,14,14,14,11,8,8,14,14,14,14,14,10,14,11,0,0,0,0,-1,
0,4,0,0.0400471,0,4,7,0.0314236,0,4,42,0.0314235,0,5,0,0.0314235,0,5,14,0.0314235,0,5,15,0.0400471,1,1,0,0.0314235,1,1,1,0.0314235,1,2,57,0.0314235,1,2,58,0.0314235,1,2,59,0.0314235,1,2,60,0.0314235,1,3,35,0.0314235,1,3,49,0.0314235,1,3,50,0.0314235,1,3,51,0.0314235,2,4,7,0.0314235,2,5,49,0.0314235,2,7,0,0.0314235,5,3,56,0.0314236,5,3,57,0.0314235,5,3,58,0.0314235,5,3,60,0.0314235,5,3,61,0.0314234,5,3,62,0.0314236,5,3,63,0.0314235,6,1,7,0.0314236,6,1,21,0.0314236,6,1,22,0.0314235,6,1,35,0.0400471,6,1,49,0.0314235,
e1f2
WHITE
3,14,2,14,14,14,14,14,0,0,3,14,14,14,10,0,1,14,14,14,9,14,14,14,14,5,14,14,0,1,14,14,14,14,0,0,14,14,14,14,8,14,8,8,14,14,14,14,14,14,13,14,10,9,8,14,14,14,11,14,14,14,14,14,0,0,0,0,-1,
0,0,14,0.0327426,0,2,7,0.0327426,0,2,8,0.0327426,1,1,0,0.0327426,1,2,0,0.0327425,1,2,1,0.0327426,1,2,14,0.0327426,1,2,15,0.0411535,1,2,16,0.0327426,1,2,17,0.0327425,1,7,0,0.0327426,1,7,1,0.0327425,2,0,56,0.0327426,2,0,57,0.0327426,2,0,62,0.0411535,3,1,21,0.0327426,3,1,28,0.0327426,3,1,42,0.0327426,3,1,49,0.0327425,3,4,0,0.0327425,3,5,56,0.0327426,3,5,57,0.0327426,3,5,58,0.0327426,3,5,60,0.0411535,3,5,61,0.0411535,3,5,62,0.0327426,3,5,63,0.0411535,4,2,7,0.0411535,4,3,49,0.0327426,
a7a6
BLACK
14,14,14,14,14,3,14,14,14,0,1,2,14,5,14,14,14,14,14,14,0,0,14,0,14,14,14,14,8,8,14,14,14,14,9,8,14,14,13,14,8,14,14,1,14,14,14,9,14,2,14,14,14,11,8,8,14,14,14,14,14,10,14,11,0,0,0,0,-1,
0,5,14,0.0251729,0,5,15,0.0338589,0,5,42,0.0251729,0,5,43,0.0251729,0,5,44,0.0251729,0,5,45,0.0251729,0,5,46,0.0251729,1,1,0,0.0251729,1,1,1,0.0251729,1,2,57,0.0251729,1,2,58,0.0251729,1,2,59,0.0251729,1,2,60,0.0251729,1,2,63,0.0251729,1,3,21,0.0338589,1,3,35,0.0338589,1,3,49,0.0251729,1,3,50,0.0251729,1,3,51,0.0251729,1,5,14,0.0251729,1,5,21,0.0251729,1,5,35,0.0251729,1,5,42,0.0251729,2,4,7,0.0251729,2,5,49,0.0338589,2,7,0,0.0251729,5,3,56,0.0251729,5,3,57,0.0251729,5,3,58,0.0251729,5,3,60,0.0251729,5,3,61,0.0251729,5,3,62,0.0251729,5,3,63,0.0251729,6,1,7,0.0251729,6,1,21,0.0251729,6,1,22,0.0251729,6,1,35,0.0338589,6,1,49,0.0251729,
b7c8
WHITE
3,14,2,14,14,10,14,14,0,0,3,14,14,14,14,14,1,14,14,14,9,14,14,0,14,5,14,14,0,1,14,14,14,14,0,0,14,14,14,14,8,14,8,8,14,14,14,14,14,14,13,14,10,9,8,14,14,14,11,14,14,14,14,14,0,0,0,0,-1,
0,0,14,0.0370671,0,2,7,0.0370671,0,2,8,0.0370671,1,1,0,0.0370671,1,2,0,0.0370671,1,2,1,0.0294913,1,2,14,0.0370671,1,2,15,0.0370671,1,2,16,0.0370671,1,2,17,0.0294913,1,2,18,0.0370671,2,0,56,0.0294913,2,0,57,0.0370671,2,0,62,0.0370671,2,7,0,0.0294913,3,1,21,0.0370671,3,1,28,0.0370671,3,1,42,0.0370671,3,1,49,0.0370671,3,4,0,0.0294913,3,5,56,0.0370671,3,5,57,0.0370671,3,5,58,0.0370671,3,5,60,0.0370671,3,5,61,0.0370671,3,5,62,0.0370671,4,2,7,0.0370671,4,3,49,0.0370671,
d5d4
BLACK
14,14,14,14,14,3,14,14,14,0,1,2,14,5,14,14,14,14,14,14,0,0,14,0,14,14,14,8,8,8,14,14,14,14,9,14,14,14,13,14,8,14,14,1,14,14,14,9,14,14,14,14,14,11,8,8,14,14,2,14,14,10,14,11,0,0,0,0,-1,
0,5,14,0.0211999,0,5,15,0.0292,0,5,42,0.0212,0,5,43,0.0292,0,5,44,0.0211999,0,5,45,0.0292,0,5,46,0.0292,1,1,0,0.0212,1,1,1,0.0292,1,2,57,0.0292,1,2,58,0.0211999,1,2,59,0.0212,1,2,60,0.0211999,1,2,63,0.0212,1,3,21,0.0292,1,3,35,0.0292,1,3,49,0.0292,1,3,50,0.0292,1,3,51,0.0292,1,5,14,0.0211999,1,5,21,0.0211999,1,5,35,0.0292,1,5,42,0.0212,2,4,7,0.0292,2,4,49,0.0292,2,5,49,0.0292,2,7,0,0.0212,5,3,56,0.0212,5,3,57,0.0292,5,3,59,0.0212,5,3,60,0.0211999,5,3,61,0.0212,5,3,62,0.0212,5,3,63,0.0292,7,2,21,0.0292,7,2,22,0.0211999,7,2,23,0.0212,7,2,24,0.0292,7,2,35,0.0211999,7,2,36,0.0212,
f1e1
WHITE
3,14,2,14,14,10,14,14,0,0,3,14,14,14,14,14,1,14,14,14,9,14,14,0,14,5,14,14,14,1,14,14,14,14,0,0,0,14,14,14,8,14,8,8,14,14,14,14,14,14,13,14,10,9,8,14,14,14,14,11,14,14,14,14,0,0,0,0,-1,
0,0,14,0.0327425,0,2,7,0.0327426,0,2,8,0.0327425,1,1,0,0.0327426,1,2,0,0.0327426,1,2,1,0.0327426,1,2,14,0.0327426,1,2,15,0.0411535,1,2,16,0.0327426,1,2,17,0.0327426,1,2,18,0.0411535,2,0,56,0.0327425,2,0,57,0.0327426,2,0,62,0.0411535,2,7,0,0.0327425,3,1,21,0.0327426,3,1,28,0.0327426,3,1,42,0.0327426,3,1,49,0.0327426,3,5,56,0.0327426,3,5,57,0.0327426,3,5,58,0.0327426,3,5,60,0.0411535,3,5,61,0.0411535,3,5,62,0.0327426,4,2,7,0.0327426,4,3,49,0.0327426,4,4,0,0.0327425,4,4,49,0.0411535,
c5d3
BLACK
14,14,14,14,3,14,14,14,14,0,1,2,14,5,14,14,14,14,14,9,0,0,14,0,14,14,14,8,8,8,14,14,14,14,14,14,14,14,13,14,8,14,14,1,14,14,14,9,14,14,14,14,14,11,8,8,14,14,2,14,14,10,14,11,0,0,0,0,-1,
1,5,14,0.244024,1,5,21,0.251992,1,5,28,0.251992,1,5,42,0.251992,
f2e2
WHITE
3,14,2,14,14,10,14,14,0,0,3,14,14,14,14,14,1,14,14,14,9,14,14,0,14,5,14,14,14,14,14,14,14,14,0,0,0,14,14,14,8,14,8,8,1,14,14,14,14,14,14,13,10,9,8,14,14,14,14,11,14,14,14,14,0,0,0,0,-1,
0,0,14,0.0327426,0,2,7,0.0327426,0,2,8,0.0327426,1,1,0,0.0327426,1,2,0,0.0327426,1,2,1,0.0327426,1,2,14,0.0327425,1,2,15,0.0411535,1,2,16,0.0327426,1,2,17,0.0327425,1,2,18,0.0411535,2,0,56,0.0327426,2,0,57,0.0327426,2,0,62,0.0411535,2,7,0,0.0327426,3,1,21,0.0327426,3,1,28,0.0327426,3,1,42,0.0327426,3,1,49,0.0327426,4,2,7,0.0411535,4,3,49,0.0327426,4,4,49,0.0411535,5,4,56,0.0327425,5,4,57,0.0327426,5,4,58,0.0411535,5,4,59,0.0327426,5,4,61,0.0327426,5,4,62,0.0327425,5,4,63,0.0327425,
d3c5
BLACK
14,14,14,14,3,14,14,14,14,0,1,2,5,14,14,14,14,14,14,14,0,0,14,0,14,14,14,8,8,8,14,14,14,14,9,14,14,14,13,14,8,14,14,1,14,14,14,9,14,14,14,14,14,11,8,8,14,14,2,14,14,10,14,11,0,0,0,0,-1,
0,4,14,0.0231423,0,4,15,0.0311276,0,4,16,0.0231423,0,4,42,0.0311276,0,4,43,0.0311276,0,4,44,0.0311276,0,4,45,0.0311276,1,1,0,0.0231423,1,1,1,0.0231423,1,2,57,0.0311276,1,2,58,0.0231423,1,2,59,0.0231423,1,2,60,0.0231423,1,3,35,0.0311276,1,3,49,0.0311276,1,3,50,0.0311276,1,3,51,0.0311276,1,4,14,0.0231423,1,4,21,0.0311276,1,4,35,0.0231423,2,4,7,0.0311276,2,4,49,0.0311276,2,5,49,0.0311276,2,7,0,0.0231423,5,3,56,0.0231423,5,3,57,0.0311276,5,3,59,0.0231423,5,3,60,0.0231423,5,3,61,0.0231423,5,3,62,0.0231423,5,3,63,0.0311276,7,2,21,0.0311276,7,2,22,0.0231423,7,2,23,0.0231423,7,2,24,0.0311276,7,2,35,0.0231423,7,2,36,0.0231423,
d6b5
WHITE
3,14,2,14,14,10,14,14,0,0,3,14,14,14,14,14,1,14,14,14,14,14,14,0,14,5,14,14,14,1,9,14,14,14,0,0,0,14,14,14,8,14,8,8,14,14,14,14,14,14,14,13,10,9,8,14,14,14,14,11,14,14,14,14,0,0,0,0,-1,
0,0,14,0.0361908,0,2,7,0.0283977,0,2,8,0.0283977,1,1,0,0.0361908,1,2,0,0.0283977,1,2,1,0.0283976,1,2,14,0.0361908,1,2,15,0.0361908,1,2,16,0.0361908,1,2,17,0.0283976,1,2,18,0.0361908,2,0,56,0.0283977,2,0,57,0.0361908,2,0,62,0.0361908,2,7,0,0.0283976,2,7,49,0.0361908,3,1,21,0.0283977,3,1,28,0.0361909,3,1,42,0.0283976,3,1,49,0.0283977,3,5,56,0.0361909,3,5,57,0.0361909,3,5,58,0.0361908,3,5,60,0.0361908,3,5,61,0.0361908,3,5,62,0.0361908,4,2,7,0.0361908,4,3,49,0.0361909,4,4,0,0.0283976,4,4,49,0.0361908,
c5b3
BLACK
14,14,14,14,3,14,14,14,14,0,1,2,5,14,14,14,14,9,14,14,0,0,14,0,14,14,14,8,8,8,14,14,14,1,14,14,14,14,13,14,8,14,14,14,14,14,14,9,14,14,14,14,14,11,8,8,14,14,2,14,14,10,14,11,0,0,0,0,-1,
0,4,14,0.0242075,0,4,15,0.0319008,0,4,16,0.0319008,0,4,42,0.0319008,0,4,43,0.0319008,0,4,44,0.0319008,0,4,45,0.0319008,1,2,57,0.0319008,1,2,58,0.0242075,1,2,59,0.0242075,1,2,60,0.0242074,1,3,35,0.0319008,1,3,49,0.0319008,1,3,50,0.0319008,1,3,51,0.0319008,1,4,14,0.0242074,1,4,21,0.0319008,1,4,35,0.0242074,2,4,7,0.0319008,2,4,49,0.0319008,2,5,49,0.0319008,2,7,0,0.0242074,4,1,56,0.0319008,4,1,57,0.0319008,4,1,58,0.0319008,4,1,61,0.0319008,4,1,62,0.0319008,4,1,63,0.0319008,7,2,21,0.0319008,7,2,22,0.0242074,7,2,23,0.0242075,7,2,24,0.0319008,7,2,35,0.0242074,7,2,36,0.0242075,
b5c3
WHITE
3,14,2,14,14,10,14,14,0,0,3,14,14,14,14,14,1,14,14,14,14,14,14,0,14,5,14,14,14,14,14,14,14,14,0,0,0,14,14,14,8,14,8,8,14,9,1,14,14,14,14,13,10,9,8,14,14,14,14,11,14,14,14,14,0,0,0,0,-1,
0,0,14,0.0344327,0,2,7,0.0265984,0,2,8,0.0265985,0,2,9,0.0344327,0,2,10,0.0344327,0,2,11,0.0344326,1,1,0,0.0344327,1,2,0,0.0265984,1,2,1,0.0265984,1,2,14,0.0344327,1,2,15,0.0344327,1,2,16,0.0344327,1,2,17,0.0265984,1,2,18,0.0344327,2,0,56,0.0265984,2,0,57,0.0344326,2,0,62,0.0344327,2,7,0,0.0265984,3,1,21,0.0265984,3,1,28,0.0344326,3,1,42,0.0265984,3,1,49,0.0265984,4,2,7,0.0344327,4,3,49,0.0344327,4,4,0,0.0265984,4,4,7,0.0265984,4,4,49,0.0344327,5,6,57,0.0344326,5,6,58,0.0265984,5,6,59,0.0344327,5,6,61,0.0344327,5,6,62,0.0344327,
b3c5
BLACK
14,14,14,14,3,14,14,14,14,0,1,2,5,14,14,14,14,14,1,14,0,0,14,0,14,14,14,8,8,8,14,14,14,14,9,14,14,14,13,14,8,14,14,14,14,14,14,9,14,14,14,14,14,11,8,8,14,14,2,14,14,10,14,11,0,0,0,0,-1,
0,4,14,0.0242075,0,4,15,0.0319008,0,4,16,0.0319008,0,4,42,0.0319008,0,4,43,0.0319008,0,4,44,0.0319008,0,4,45,0.0319008,1,1,0,0.0319008,1,1,1,0.0319008,1,2,57,0.0319008,1,2,58,0.0242075,1,2,59,0.0319008,1,2,60,0.0242075,1,3,35,0.0319008,1,4,14,0.0242074,1,4,21,0.0319008,1,4,35,0.0242074,2,2,56,0.0319008,2,2,57,0.0242074,2,2,58,0.0319008,2,2,59,0.0319008,2,2,60,0.0319008,2,2,61,0.0319008,2,2,62,0.0319008,2,4,7,0.0319008,2,4,49,0.0319008,2,5,49,0.0319008,2,7,0,0.0242074,7,2,21,0.0319008,7,2,22,0.0242074,7,2,23,0.0242075,7,2,24,0.0319008,7,2,35,0.0242074,7,2,36,0.0242075,
e1b1
WHITE
3,14,2,14,14,10,14,14,0,0,3,14,14,14,14,14,1,14,14,14,14,14,14,0,14,5,14,14,14,1,14,14,14,14,0,0,0,14,14,14,8,14,8,8,14,9,14,14,14,14,14,13,10,9,8,14,14,14,14,14,14,14,11,14,0,0,0,0,-1,
0,0,14,0.0361908,0,2,7,0.0283977,0,2,8,0.0283977,1,1,0,0.0361908,1,2,0,0.0283977,1,2,1,0.0283976,1,2,14,0.0361908,1,2,15,0.0361908,1,2,16,0.0361908,1,2,17,0.0283976,1,2,18,0.0361908,2,0,56,0.0283977,2,0,57,0.0361908,2,0,62,0.0361908,2,7,0,0.0283977,3,1,21,0.0361908,3,1,28,0.0361909,3,1,42,0.0283977,3,1,49,0.0283976,3,5,56,0.0361909,3,5,57,0.0361909,3,5,58,0.0361908,3,5,60,0.0361908,3,5,61,0.0361908,3,5,62,0.0361909,4,2,7,0.0361908,4,3,49,0.0361908,4,4,0,0.0283976,4,4,7,0.0283976,4,4,49,0.0361908,
f7c7
BLACK
14,3,14,14,14,14,14,14,14,0,1,2,5,14,14,14,14,14,1,14,0,0,14,0,14,14,14,8,8,8,14,14,14,14,9,14,14,14,13,14,8,14,14,14,14,14,14,9,14,14,11,14,14,14,8,8,14,14,2,14,14,10,14,11,0,0,0,0,-1,
0,1,14,0.0214148,0,1,15,0.0288041,0,1,16,0.0288041,0,1,17,0.028804,0,1,18,0.028804,0,1,19,0.0214148,0,1,42,0.0288041,1,1,0,0.0288041,1,1,1,0.0288041,1,2,57,0.028804,1,2,58,0.0214148,1,2,59,0.0288041,1,2,60,0.0288041,1,2,63,0.0214148,1,3,21,0.028804,1,3,35,0.028804,1,4,14,0.0214148,1,4,21,0.0288041,1,4,28,0.0288041,1,4,35,0.0288041,2,2,56,0.0288041,2,2,57,0.0288041,2,2,58,0.0288041,2,2,59,0.028804,2,2,60,0.0288041,2,2,62,0.028804,2,4,7,0.0288041,2,4,49,0.028804,2,5,49,0.028804,2,7,0,0.0288041,7,2,21,0.0288041,7,2,22,0.0288041,7,2,23,0.0288041,7,2,24,0.028804,7,2,35,0.0288041,7,2,36,0.0288041,
c2a1
WHITE
3,14,2,14,14,10,14,14,0,0,14,14,14,3,14,14,1,14,14,14,14,14,14,0,14,5,14,14,14,1,14,14,14,14,0,0,0,14,14,14,8,14,8,8,14,9,14,14,14,14,14,13,10,14,8,14,14,14,14,14,14,14,11,9,0,0,0,0,-1,
0,0,14,0.0314235,0,2,7,0.0314236,0,2,8,0.0314235,1,1,0,0.0314235,1,5,0,0.0314235,1,5,14,0.0314235,1,5,15,0.0314235,1,5,28,0.0314235,1,5,42,0.0314235,1,5,43,0.0400471,1,5,44,0.0314235,2,0,56,0.0314235,2,0,57,0.0314235,2,0,62,0.0400471,2,0,63,0.0314235,2,7,0,0.0314235,3,1,21,0.0314235,3,1,28,0.0314236,3,1,42,0.0314236,3,1,49,0.0314236,3,5,56,0.0314235,3,5,57,0.0314235,3,5,58,0.0314235,3,5,60,0.0314235,3,5,61,0.0314235,3,5,62,0.0314235,4,2,7,0.0314235,4,3,49,0.0314235,4,4,0,0.0314236,4,4,7,0.0314234,4,4,49,0.0400471,
g5h4
BLACK
1,3,14,14,14,14,14,14,14,0,14,2,5,14,14,14,14,14,1,14,0,0,14,0,14,14,14,8,8,8,14,13,14,14,9,14,14,14,14,14,8,14,14,14,14,14,14,9,14,14,11,14,14,14,8,8,14,14,2,14,14,10,14,11,0,0,0,0,-1,
0,0,56,0.0400471,0,0,57,0.0314235,0,1,14,0.0314234,0,1,15,0.0314235,0,1,16,0.0314236,0,1,17,0.0314235,0,1,18,0.0314235,0,1,19,0.0314236,1,1,0,0.0314235,1,1,1,0.0314235,1,3,21,0.0400471,1,3,35,0.0314235,1,4,14,0.0314235,1,4,21,0.0314235,1,4,28,0.0314236,1,4,35,0.0314235,2,2,56,0.0314235,2,2,57,0.0314235,2,2,58,0.0314235,2,2,59,0.0314235,2,2,60,0.0314236,2,2,62,0.0400471,2,4,7,0.0314235,2,4,49,0.0314235,2,5,49,0.0314235,7,2,21,0.0314235,7,2,22,0.0314235,7,2,23,0.0314236,7,2,24,0.0314235,7,2,35,0.0314235,7,2,36,0.0314235,
b2b4
WHITE
3,14,2,14,14,10,14,14,0,0,14,14,14,3,14,14,1,14,14,14,14,14,14,0,14,14,14,14,14,1,14,14,5,14,0,0,0,14,8,14,8,14,8,8,14,9,14,14,14,14,14,13,10,14,14,14,14,14,14,14,14,14,11,9,0,0,0,0,46,
0,0,14,0.0314235,0,2,7,0.0314236,0,2,8,0.0314235,1,1,0,0.0314235,1,1,1,0.0314235,1,5,0,0.0314235,1,5,14,0.0314235,1,5,15,0.0314235,1,5,28,0.0314235,1,5,42,0.0314235,1,5,43,0.0400471,1,5,44,0.0314235,2,0,56,0.0314235,2,0,57,0.0314235,2,0,62,0.0400471,2,0,63,0.0314235,2,7,0,0.0314235,3,5,56,0.0314235,3,5,57,0.0314235,3,5,58,0.0314235,3,5,60,0.0314235,3,5,61,0.0314235,3,5,62,0.0314235,4,0,7,0.0314236,4,0,21,0.0314236,4,0,28,0.0314236,4,2,7,0.0314235,4,3,49,0.0314235,4,4,0,0.0314236,4,4,7,0.0314234,4,4,49,0.0400471,
c5b3
BLACK
1,3,14,14,14,14,14,14,14,14,14,2,5,14,14,14,14,9,1,14,0,0,14,0,14,0,14,8,8,8,14,13,14,14,14,14,14,14,14,14,8,14,14,14,14,14,14,9,14,14,11,14,14,14,8,8,14,14,2,14,14,10,14,11,0,0,0,0,-1,
0,0,56,0.0344327,0,0,57,0.0265984,0,1,0,0.0344327,0,1,1,0.0344327,0,1,14,0.0265984,0,1,15,0.0265984,0,1,16,0.0265984,0,1,17,0.0344327,0,1,18,0.0344327,0,1,19,0.0265984,1,3,21,0.0344327,1,3,35,0.0344327,1,4,14,0.0265984,1,4,21,0.0344326,1,4,28,0.0265984,1,4,35,0.0265984,2,2,56,0.0344327,2,2,57,0.0265985,2,2,58,0.0344327,2,2,59,0.0344326,2,2,60,0.0344326,2,2,62,0.0344327,2,4,7,0.0344327,2,4,49,0.0344327,2,5,49,0.0344327,3,1,0,0.0344327,7,2,21,0.0344326,7,2,22,0.0265984,7,2,23,0.0265984,7,2,24,0.0344327,7,2,35,0.0265984,7,2,36,0.0265984,
c3b5
WHITE
3,14,2,14,14,10,14,14,0,0,14,14,14,3,14,14,1,14,14,14,14,14,14,0,14,14,14,14,14,14,9,14,5,14,0,0,0,14,8,14,8,14,8,8,14,14,1,14,14,14,14,13,10,14,14,14,14,14,14,14,14,14,11,9,0,0,0,0,-1,
0,0,14,0.0311276,0,2,7,0.0231423,0,2,8,0.0231423,0,2,9,0.0311276,0,2,10,0.0311276,1,1,0,0.0311276,1,1,1,0.0311276,1,5,0,0.0311276,1,5,1,0.0311276,1,5,2,0.0231423,1,5,3,0.0231423,1,5,4,0.0311276,1,5,5,0.0311276,1,5,14,0.0231423,1,5,15,0.0231423,1,5,28,0.0311276,1,5,42,0.0231423,1,5,43,0.0311276,1,5,44,0.0231423,2,0,56,0.0231423,2,0,57,0.0231423,2,0,62,0.0311276,2,0,63,0.0311276,2,7,0,0.0231423,2,7,49,0.0231423,4,0,7,0.0231423,4,0,21,0.0231423,4,0,28,0.0231423,4,2,7,0.0311276,4,3,49,0.0231423,4,4,0,0.0231423,4,4,49,0.0311276,5,6,57,0.0311276,5,6,58,0.0231423,5,6,59,0.0231423,5,6,61,0.0311276,5,6,62,0.0311276,
h6g4
BLACK
1,3,14,14,14,14,14,14,14,14,14,2,5,14,14,14,14,9,14,14,0,0,14,0,14,0,14,8,8,8,9,13,14,1,14,14,14,14,14,14,8,14,14,14,14,14,14,14,14,14,11,14,14,14,8,8,14,14,2,14,14,10,14,11,0,0,0,0,-1,
0,0,56,0.0378762,0,0,57,0.0292585,0,1,0,0.0292585,0,1,1,0.0292585,0,1,14,0.0292584,0,1,15,0.0292584,0,1,16,0.0292585,0,1,17,0.0292585,0,1,18,0.0292585,0,1,19,0.0292585,1,3,21,0.0378762,1,3,35,0.0292585,1,3,49,0.0292585,1,4,21,0.0292585,1,4,28,0.0292584,1,4,35,0.0292584,2,4,7,0.0292585,2,4,49,0.0292585,2,5,7,0.0292584,2,5,49,0.0292585,2,7,49,0.0292584,4,1,56,0.0292584,4,1,57,0.0292585,4,1,58,0.0292584,4,1,61,0.0292584,4,1,62,0.0378762,4,1,63,0.0378762,7,2,21,0.0292584,7,2,22,0.0292584,7,2,23,0.0292584,7,2,24,0.0292585,7,2,35,0.0292584,7,2,36,0.0292584,
c8d7
WHITE
3,14,2,14,14,14,14,14,0,0,14,14,10,3,14,14,14,14,14,14,14,14,14,0,14,14,14,14,14,14,9,14,5,1,0,0,0,14,8,14,8,14,8,8,14,14,1,14,14,14,14,13,10,14,14,14,14,14,14,14,14,14,11,9,0,0,0,0,-1,
0,0,14,0.0292,0,2,7,0.0211999,0,2,8,0.0211999,0,2,9,0.0292,0,2,10,0.0292,1,0,0,0.0292,1,0,1,0.0292,1,1,0,0.0212,1,1,1,0.0292,1,5,0,0.0211999,1,5,1,0.0292,1,5,2,0.0212,1,5,3,0.0211999,1,5,4,0.0292,1,5,5,0.0212,1,5,14,0.0211999,1,5,15,0.0212,1,5,28,0.0292,1,5,42,0.0212,2,7,0,0.0212,2,7,49,0.0211999,4,0,0,0.0292,4,0,7,0.0212,4,0,21,0.0212,4,0,28,0.0211999,4,1,56,0.0292,4,1,57,0.0292,4,1,58,0.0211999,4,1,61,0.0292,4,1,62,0.0292,4,1,63,0.0292,4,2,7,0.0292,4,3,49,0.0212,4,4,0,0.0212,4,4,49,0.0292,5,6,57,0.0212,5,6,58,0.0211999,5,6,59,0.0212,5,6,61,0.0292,5,6,62,0.0292,
g4h6
BLACK
1,3,14,14,14,14,14,14,14,14,14,2,5,14,14,14,14,9,14,14,0,0,14,0,14,0,14,8,8,8,14,13,14,1,14,14,14,14,14,14,8,14,14,14,14,14,14,9,14,14,11,2,14,14,8,8,14,14,14,14,14,10,14,11,0,0,0,0,-1,
0,0,56,0.0344327,0,0,57,0.0265985,0,1,0,0.0344326,0,1,1,0.0344327,0,1,14,0.0265984,0,1,15,0.0265984,0,1,16,0.0265984,0,1,17,0.0344327,0,1,18,0.0344327,0,1,19,0.0265984,1,3,21,0.0344327,1,3,35,0.0344327,1,3,49,0.0344326,1,4,14,0.0265984,1,4,21,0.0344326,1,4,28,0.0265984,1,4,35,0.0265984,2,4,7,0.0344326,2,4,49,0.0344327,2,5,49,0.0344327,4,1,56,0.0344327,4,1,57,0.0344327,4,1,58,0.0265984,4,1,61,0.0344327,4,1,62,0.0344327,4,1,63,0.0344327,6,3,7,0.0344327,6,3,21,0.0265984,6,3,22,0.0265984,6,3,23,0.0265984,6,3,35,0.0344327,6,3,49,0.0265984,
d2c1
WHITE
3,14,2,14,14,14,14,14,0,0,14,14,10,3,14,14,1,14,14,14,14,14,14,0,14,14,14,14,14,14,9,14,5,14,0,0,0,14,8,14,8,14,8,8,14,14,1,14,14,14,14,13,14,14,14,14,14,14,14,14,14,10,11,9,0,0,0,0,-1,
0,0,14,0.0348072,0,2,7,0.0264129,0,2,8,0.0264129,0,2,9,0.0348072,0,2,10,0.0264129,1,1,0,0.0264129,1,1,1,0.0264129,1,5,0,0.0264129,1,5,1,0.0348072,1,5,2,0.0264129,1,5,3,0.0264129,1,5,4,0.0348072,1,5,5,0.0264129,1,5,14,0.0264128,1,5,15,0.0264129,1,5,28,0.0348072,1,5,42,0.0264129,2,0,56,0.0264129,2,0,57,0.0264129,2,0,62,0.0348072,2,0,63,0.0348072,2,7,0,0.0264129,2,7,49,0.0264129,4,0,7,0.0264129,4,0,21,0.0264129,4,0,28,0.0264129,4,2,7,0.0348072,4,3,49,0.0264129,4,4,0,0.0264129,4,4,49,0.0348072,5,6,57,0.0264129,5,6,58,0.0264129,5,6,59,0.0264129,5,6,61,0.0264129,5,6,62,0.0264129,
c7c1 (capture)
BLACK
1,3,11,14,14,14,14,14,14,14,14,14,5,14,14,14,14,9,14,14,0,0,14,0,14,0,14,8,8,8,14,13,14,1,14,14,14,14,14,14,8,14,14,14,14,14,14,9,14,14,14,2,14,14,8,8,14,14,14,14,14,10,14,11,0,0,0,0,-1,
0,0,56,0.0494625,0,0,57,0.0417199,0,1,0,0.0494625,0,1,1,0.0494625,0,1,14,0.0417199,1,4,14,0.0417199,2,4,7,0.0494625,2,4,49,0.0494626,2,5,49,0.0494626,4,1,56,0.0494625,4,1,57,0.0494625,4,1,58,0.0494626,4,1,61,0.0494625,4,1,62,0.0494625,4,1,63,0.0494625,6,3,7,0.0494626,6,3,21,0.0417199,6,3,22,0.0494625,6,3,23,0.0494626,6,3,35,0.0494625,6,3,49,0.0417199,
a1b3 (capture)
WHITE
3,14,2,14,14,14,14,14,0,0,14,14,10,14,14,14,1,14,14,14,14,14,14,0,14,14,14,14,14,14,9,14,5,14,0,0,0,14,8,14,8,14,8,8,14,14,9,14,14,14,14,13,14,14,14,14,14,14,14,14,14,3,11,14,0,0,0,0,-1,
0,0,14,0.0292585,0,2,7,0.0292585,0,2,8,0.0292584,0,2,9,0.0378762,0,2,10,0.0292585,1,1,0,0.0292585,1,1,1,0.0292585,2,0,56,0.0292584,2,0,57,0.0292585,2,0,62,0.0378762,2,0,63,0.0292584,2,7,0,0.0292584,2,7,49,0.0292584,4,0,7,0.0292585,4,0,21,0.0292584,4,0,28,0.0292584,4,2,7,0.0292585,4,3,49,0.0292584,4,4,0,0.0292584,4,4,49,0.0378762,7,5,14,0.0292584,7,5,28,0.0292584,7,5,29,0.0292585,7,5,30,0.0292585,7,5,31,0.0292585,7,5,32,0.0378762,7,5,33,0.0292584,7,5,34,0.0292585,7,5,42,0.0292585,7,5,43,0.0292585,7,5,44,0.0292585,7,5,45,0.0292584,7,5,46,0.0292584,
a6a5
BLACK
14,3,11,14,14,14,14,14,14,14,14,14,5,14,14,14,14,1,14,14,0,0,14,0,14,0,14,8,8,8,14,13,8,1,14,14,14,14,14,14,14,14,14,14,14,14,14,9,14,14,14,2,14,14,8,8,14,14,14,14,14,10,14,11,0,0,0,0,-1,
0,1,0,0.0411908,0,1,14,0.0331799,0,1,42,0.03318,1,4,14,0.0331799,1,4,42,0.0331799,2,1,56,0.0411908,2,1,57,0.0331799,2,1,58,0.0331799,2,1,61,0.0411908,2,1,62,0.0331799,2,1,63,0.0411908,2,4,7,0.0411908,2,4,49,0.0411909,2,5,49,0.0411908,3,1,49,0.0331799,4,1,56,0.0331799,4,1,57,0.0411909,4,1,58,0.0331799,4,1,61,0.0411908,4,1,62,0.0411908,4,1,63,0.0411908,6,3,7,0.0411908,6,3,21,0.03318,6,3,22,0.0331799,6,3,23,0.0331799,6,3,35,0.0411908,6,3,49,0.0331799,
b3c5
WHITE
3,14,2,14,14,14,14,14,0,0,14,14,10,14,14,14,1,14,14,14,14,14,14,14,14,14,14,14,14,9,9,0,5,14,0,0,0,14,8,14,8,14,8,8,14,14,14,14,14,14,14,13,14,14,14,14,14,14,14,14,14,3,11,14,0,0,0,0,-1,
0,0,14,0.0411535,0,2,7,0.0327426,0,2,8,0.0327426,0,2,9,0.0411535,1,1,0,0.0327426,1,1,1,0.0327426,2,0,56,0.0327425,2,0,57,0.0327426,2,0,62,0.0411535,2,0,63,0.0327426,3,7,0,0.0327426,3,7,49,0.0411535,4,0,7,0.0327426,4,0,21,0.0327426,4,0,28,0.0327426,4,2,7,0.0411535,4,3,49,0.0327426,4,4,0,0.0327425,4,4,49,0.0411535,7,5,14,0.0327425,7,5,28,0.0327426,7,5,29,0.0327425,7,5,30,0.0327426,7,5,31,0.0327426,7,5,42,0.0327426,7,5,43,0.0327426,7,5,44,0.0327426,7,5,45,0.0327426,7,5,46,0.0327425,
f8d6
BLACK
14,3,11,14,14,14,14,14,14,14,14,14,5,14,14,14,14,14,14,14,0,0,14,0,14,0,14,8,8,8,14,13,8,1,1,14,14,14,14,14,14,14,14,10,14,14,14,9,14,14,14,2,14,14,8,8,14,14,14,14,14,14,14,11,0,0,0,0,-1,
0,1,0,0.0327426,0,1,1,0.0327426,0,1,14,0.0327426,0,1,42,0.0327426,1,4,14,0.0327425,1,4,42,0.0327426,2,4,7,0.0327425,2,4,49,0.0327426,2,5,49,0.0411535,3,1,49,0.0327426,4,1,56,0.0327426,4,1,57,0.0411535,4,1,58,0.0327426,4,1,61,0.0411535,4,1,62,0.0411535,4,1,63,0.0411535,4,2,56,0.0327426,4,2,58,0.0327425,4,2,59,0.0327426,4,2,60,0.0327425,4,2,61,0.0327426,4,2,62,0.0327426,4,2,63,0.0327426,6,3,7,0.0327426,6,3,21,0.0327426,6,3,22,0.0327426,6,3,23,0.0327426,6,3,35,0.0411535,6,3,49,0.0327425,
b5a3
WHITE
3,14,14,14,14,14,14,14,0,0,14,14,10,14,14,14,1,14,14,14,2,14,14,14,14,14,14,14,14,9,14,0,5,14,0,0,0,14,8,14,8,14,8,8,14,14,14,9,14,14,14,13,14,14,14,14,14,14,14,14,14,3,11,14,0,0,0,0,-1,
0,0,14,0.0251729,0,0,15,0.0338589,0,0,16,0.0251729,0,0,17,0.0251729,0,0,18,0.0338589,0,0,19,0.0251729,0,0,20,0.0251729,1,1,0,0.0251729,1,1,1,0.0251729,2,0,56,0.0251729,2,0,57,0.0251729,2,0,62,0.0338589,2,0,63,0.0251729,2,4,7,0.0251729,2,4,21,0.0251729,2,4,22,0.0251729,2,4,35,0.0251729,2,4,36,0.0251729,2,4,49,0.0251729,3,7,0,0.0251729,3,7,49,0.0338589,4,0,7,0.0251729,4,0,21,0.0251729,4,0,28,0.0251729,4,2,7,0.0251729,4,3,49,0.0251729,4,4,0,0.0251729,4,4,49,0.0338589,7,5,14,0.0251729,7,5,28,0.0251729,7,5,29,0.0251729,7,5,30,0.0251729,7,5,31,0.0251729,7,5,42,0.0251729,7,5,43,0.0251729,7,5,44,0.0251729,7,5,45,0.0251729,7,5,46,0.0251729,
h4g3
BLACK
14,3,11,14,14,14,14,14,14,14,14,14,5,14,14,14,1,14,14,14,0,0,13,0,14,0,14,8,8,8,14,14,8,14,1,14,14,14,14,14,14,14,14,10,14,14,14,9,14,14,14,2,14,14,8,8,14,14,14,14,14,14,14,11,0,0,0,0,-1,
0,1,0,0.0327426,0,1,1,0.0411535,0,1,14,0.0327425,0,1,42,0.0327426,1,4,42,0.0327426,2,0,56,0.0327425,2,0,57,0.0327426,2,0,63,0.0327426,2,4,7,0.0411535,2,4,49,0.0327426,2,5,49,0.0411535,2,7,0,0.0327426,3,1,0,0.0411535,3,1,49,0.0327426,4,2,56,0.0327426,4,2,58,0.0327426,4,2,59,0.0327426,4,2,60,0.0327426,4,2,61,0.0327425,4,2,62,0.0327426,4,2,63,0.0327426,6,3,7,0.0411535,6,3,21,0.0327425,6,3,22,0.0327426,6,3,23,0.0327426,6,3,35,0.0411535,6,3,36,0.0327426,6,3,37,0.0327426,6,3,49,0.0327425,
d7b5
WHITE
3,14,14,14,14,14,14,14,0,0,14,14,14,14,14,14,1,14,14,14,2,14,14,14,14,14,14,14,14,9,10,0,14,14,0,0,0,14,8,14,8,5,8,8,14,14,14,9,14,14,14,13,14,14,14,14,14,14,14,14,14,3,11,14,0,0,0,0,-1,
0,0,14,0.0271679,0,0,15,0.0271679,0,0,16,0.0271679,0,0,17,0.0197245,0,0,18,0.0271679,0,0,19,0.0271679,0,0,20,0.0271679,1,1,0,0.0271679,1,1,1,0.0271679,2,0,56,0.0197245,2,0,57,0.0271679,2,0,62,0.0271679,2,0,63,0.0271679,2,4,7,0.0271679,2,4,21,0.0271679,2,4,22,0.0271679,2,4,35,0.0271678,2,4,36,0.0197245,2,4,49,0.0271679,3,7,0,0.0271678,3,7,49,0.0271679,4,2,7,0.0271679,4,3,49,0.0271678,4,4,0,0.0197245,4,4,49,0.0271679,5,1,0,0.0271679,5,1,35,0.0271678,5,1,42,0.0271679,5,1,49,0.0271679,7,5,14,0.0197246,7,5,28,0.0197245,7,5,29,0.0271679,7,5,30,0.0271678,7,5,31,0.0271679,7,5,42,0.0197246,7,5,43,0.0271679,7,5,44,0.0271679,7,5,45,0.0271679,7,5,46,0.0197246,
a5b4 (capture)
BLACK
14,3,11,14,14,14,14,14,14,14,14,14,5,14,14,14,1,14,14,14,0,0,13,0,14,8,14,8,8,8,14,14,14,2,1,14,14,14,14,14,14,14,14,10,14,14,14,9,14,14,14,14,14,14,8,8,14,14,14,14,14,14,14,11,0,0,0,0,-1,
0,1,0,0.0411908,0,1,1,0.0411908,0,1,2,0.03318,0,1,14,0.0331799,0,1,42,0.0411908,1,4,42,0.0331799,2,0,56,0.0331799,2,0,63,0.0411908,2,4,7,0.0411908,2,4,49,0.0411909,2,5,49,0.0411908,2,7,0,0.0331799,4,1,7,0.0411908,4,1,8,0.0331799,4,1,9,0.0331799,4,1,21,0.0411908,4,1,22,0.0411908,4,1,35,0.0331799,4,1,49,0.0411908,4,2,56,0.0411909,4,2,57,0.0331799,4,2,58,0.0331799,4,2,59,0.03318,4,2,60,0.0331799,4,2,61,0.0411908,4,2,62,0.0331799,4,2,63,0.0331799,
a3c2
WHITE
3,14,14,14,14,14,14,14,0,0,14,14,14,14,14,14,1,14,14,14,2,14,14,14,14,14,14,14,14,9,10,14,14,14,0,0,0,14,0,14,8,5,8,8,14,14,14,14,14,14,14,13,14,9,14,14,14,14,14,14,14,3,11,14,0,0,0,0,-1,
0,0,14,0.0348072,0,0,15,0.0348072,0,0,16,0.0264129,0,0,17,0.0264129,0,0,18,0.0348072,0,0,19,0.0348072,0,0,20,0.0264129,1,1,0,0.0264129,1,1,1,0.0264129,2,0,56,0.0264129,2,0,57,0.0264129,2,0,62,0.0348072,2,0,63,0.0264129,2,4,7,0.0348072,2,4,21,0.0264129,2,4,22,0.0264129,2,4,35,0.0264129,2,4,36,0.0264129,2,4,49,0.0264129,4,2,7,0.0348072,4,3,49,0.0264129,4,4,0,0.0264129,4,4,49,0.0348072,4,6,0,0.0264129,5,1,0,0.0264129,5,1,35,0.0264129,5,1,42,0.0264129,5,1,49,0.0348072,7,5,14,0.0264128,7,5,28,0.0264129,7,5,42,0.0264129,7,5,43,0.0264129,7,5,44,0.0264129,7,5,45,0.0264129,7,5,46,0.0264129,
h6f5
BLACK
14,3,11,14,14,14,14,14,14,14,1,14,5,14,14,14,14,14,14,14,0,0,13,0,14,8,14,8,8,8,14,14,14,2,1,14,14,9,14,14,14,14,14,10,14,14,14,14,14,14,14,14,14,14,8,8,14,14,14,14,14,14,14,11,0,0,0,0,-1,
0,1,0,0.0361908,0,1,1,0.0361908,0,1,2,0.0283976,0,1,14,0.0283976,0,1,42,0.0361908,1,2,57,0.0361908,1,2,58,0.0283976,1,2,59,0.0361908,1,2,60,0.0283977,1,2,63,0.0283977,1,4,42,0.0361909,2,4,7,0.0361908,2,4,49,0.0361908,2,5,49,0.0361908,2,7,0,0.0283977,4,1,7,0.0361908,4,1,8,0.0283977,4,1,9,0.0361909,4,1,21,0.0361908,4,1,22,0.0361908,4,1,35,0.0283977,4,1,49,0.0361908,4,2,56,0.0361909,4,2,57,0.0361908,4,2,58,0.0283976,4,2,59,0.0361909,4,2,60,0.0283977,4,2,61,0.0361908,4,2,62,0.0361908,4,2,63,0.0283976,
b1b3
WHITE
3,14,14,14,14,14,14,14,0,0,14,14,14,14,14,14,14,14,14,14,2,14,14,14,14,14,1,14,14,9,10,14,14,14,0,0,0,14,0,14,8,5,8,8,14,14,11,14,14,14,14,13,14,9,14,14,14,14,14,14,14,3,14,14,0,0,0,0,-1,
0,0,14,0.0311276,0,0,15,0.0311276,0,0,16,0.0231423,0,0,17,0.0231423,0,0,18,0.0311276,0,0,19,0.0311276,0,0,20,0.0231423,1,0,0,0.0311276,1,0,1,0.0311276,1,1,0,0.0231423,1,1,1,0.0311276,2,4,7,0.0311276,2,4,21,0.0231423,2,4,22,0.0231423,2,4,35,0.0311276,2,4,36,0.0231423,2,4,49,0.0311276,3,2,57,0.0231423,3,2,59,0.0311276,3,2,60,0.0311276,3,2,62,0.0231423,4,2,7,0.0311276,4,3,49,0.0231423,4,4,0,0.0231423,4,4,49,0.0311276,5,1,0,0.0311276,5,1,35,0.0231423,5,1,42,0.0231423,5,1,49,0.0311276,7,5,14,0.0231423,7,5,15,0.0311276,7,5,28,0.0231423,7,5,42,0.0231423,7,5,43,0.0311276,7,5,44,0.0231423,7,5,45,0.0231423,7,5,46,0.0231423,
h8e8
BLACK
14,14,11,14,14,14,14,14,14,14,1,14,5,14,14,14,14,3,14,14,0,0,13,0,14,8,14,8,8,8,14,14,14,2,1,14,14,9,14,14,14,14,14,10,14,14,14,14,14,14,14,14,14,14,8,8,14,14,14,14,11,14,14,14,0,0,0,0,-1,
1,2,57,0.0361908,1,2,58,0.0283976,1,2,59,0.0361909,1,2,60,0.0283977,1,2,63,0.0283977,1,4,42,0.0361908,2,1,0,0.0283977,2,1,14,0.0361909,2,1,15,0.0361908,2,1,28,0.0283977,2,1,29,0.0283976,2,1,42,0.0361908,2,4,7,0.0361908,2,4,49,0.0361908,2,5,49,0.0361908,2,7,0,0.0283976,4,1,7,0.0361908,4,1,8,0.0361908,4,1,9,0.0361909,4,1,21,0.0361908,4,1,22,0.0361908,4,1,35,0.0283977,4,1,49,0.0361908,4,2,56,0.0361908,4,2,57,0.0361909,4,2,58,0.0283976,4,2,59,0.0361908,4,2,60,0.0283977,4,2,62,0.0361908,4,2,63,0.0283976,
b3a3
WHITE
14,14,14,3,14,14,14,14,0,0,14,14,14,14,14,14,14,14,14,14,2,14,14,14,14,14,1,14,14,9,10,14,14,14,0,0,0,14,0,14,8,5,8,8,14,14,14,11,14,14,14,13,14,9,14,14,14,14,14,14,14,3,14,14,0,0,0,0,-1,
0,3,0,0.0246729,0,3,1,0.0246729,0,3,2,0.0174206,0,3,14,0.0246729,0,3,15,0.0246729,0,3,16,0.0246729,0,3,17,0.0246729,0,3,42,0.0246729,0,3,43,0.0246729,0,3,44,0.0246729,1,0,0,0.0246729,1,0,1,0.0246729,1,1,0,0.0246729,1,1,1,0.0246729,2,4,7,0.0246729,2,4,21,0.0246729,2,4,22,0.0246729,2,4,35,0.0246729,2,4,36,0.0246729,2,4,49,0.0246729,3,2,57,0.0246729,3,2,59,0.0246729,3,2,60,0.0246729,3,2,62,0.0246729,4,2,7,0.0246729,4,3,49,0.0246729,4,4,0,0.0174206,4,4,49,0.0246729,4,6,0,0.0246729,4,6,7,0.0246729,5,1,0,0.0246729,5,1,35,0.0246729,5,1,42,0.0246729,5,1,49,0.0246729,7,5,14,0.0174207,7,5,15,0.0246729,7,5,28,0.0174207,7,5,42,0.0174207,7,5,43,0.0246729,7,5,44,0.0246729,7,5,45,0.0246729,7,5,46,0.0246729,
e8d8
BLACK
14,14,11,14,14,14,14,14,14,14,1,14,5,14,14,14,3,14,14,14,0,0,13,0,14,8,14,8,8,8,14,14,14,2,1,14,14,9,14,14,14,14,14,10,14,14,14,14,14,14,14,14,14,14,8,8,14,14,14,11,14,14,14,14,0,0,0,0,-1,
1,2,57,0.0319008,1,2,58,0.0242075,1,2,60,0.0242075,1,2,63,0.0242074,1,4,42,0.0319008,2,0,0,0.0242074,2,0,1,0.0319008,2,0,2,0.0319008,2,0,3,0.0319008,2,0,4,0.0319008,2,0,14,0.0319008,2,0,15,0.0242074,2,0,16,0.0319008,2,0,28,0.0242075,2,0,29,0.0319008,2,4,7,0.0319008,2,4,49,0.0319008,2,5,49,0.0319008,2,7,0,0.0242074,4,1,7,0.0319008,4,1,8,0.0319008,4,1,9,0.0319008,4,1,21,0.0319008,4,1,22,0.0319008,4,1,35,0.0242075,4,1,49,0.0319008,4,2,56,0.0319008,4,2,57,0.0319008,4,2,58,0.0242074,4,2,59,0.0319008,4,2,60,0.0242074,4,2,61,0.0319008,4,2,62,0.0319008,4,2,63,0.0242075,
a3a7
WHITE
14,14,14,14,3,14,14,14,0,0,14,14,14,14,14,11,14,14,14,14,2,14,14,14,14,14,1,14,14,9,10,14,14,14,0,0,0,14,0,14,8,5,8,8,14,14,14,14,14,14,14,13,14,9,14,14,14,14,14,14,14,3,14,14,0,0,0,0,-1,
0,4,0,0.0271679,0,4,14,0.0197245,0,4,15,0.0271679,0,4,16,0.0271679,0,4,42,0.0271679,0,4,43,0.0271679,0,4,44,0.0271679,0,4,45,0.0271679,1,0,0,0.0271679,1,0,1,0.0271679,1,1,0,0.0271679,1,1,1,0.0271678,2,4,7,0.0271679,2,4,21,0.0271678,2,4,22,0.0271679,2,4,35,0.0271679,2,4,36,0.0197245,2,4,49,0.0271679,3,2,57,0.0271679,3,2,59,0.0271679,3,2,60,0.0271679,3,2,62,0.0271679,4,2,7,0.0271679,4,3,49,0.0271678,4,4,0,0.0197246,4,4,49,0.0271679,4,6,0,0.0271679,5,1,0,0.0271679,5,1,35,0.0271679,5,1,42,0.0271679,5,1,49,0.0271679,7,5,14,0.0197246,7,5,15,0.0271678,7,5,28,0.0197245,7,5,42,0.0197245,7,5,43,0.0271679,7,5,44,0.0271678,7,5,45,0.0197246,7,5,46,0.0197245,
g3h4
BLACK
14,14,11,14,14,14,14,14,14,14,1,14,5,14,14,14,14,14,14,14,0,0,14,0,14,8,14,8,8,8,14,13,14,2,1,14,14,9,14,14,14,14,14,10,14,14,14,14,3,14,14,14,14,14,8,8,14,14,14,11,14,14,14,14,0,0,0,0,-1,
1,2,57,0.0251729,1,2,58,0.0251729,1,2,59,0.0251729,1,2,60,0.0251729,1,2,63,0.0251729,1,4,14,0.0251729,1,4,42,0.0251729,2,4,7,0.0251729,2,4,49,0.0251729,2,5,49,0.0338589,4,1,7,0.0251729,4,1,8,0.0251729,4,1,9,0.0251729,4,1,21,0.0338589,4,1,22,0.0338589,4,1,35,0.0251729,4,1,49,0.0338589,4,2,56,0.0251729,4,2,57,0.0251729,4,2,58,0.0251729,4,2,59,0.0251729,4,2,60,0.0251729,4,2,61,0.0251729,4,2,62,0.0251729,4,2,63,0.0251729,6,0,0,0.0251729,6,0,14,0.0251729,6,0,15,0.0251729,6,0,16,0.0251729,6,0,17,0.0251729,6,0,18,0.0338589,6,0,19,0.0251729,6,0,28,0.0251729,6,0,29,0.0251729,6,0,30,0.0251729,6,0,31,0.0251729,6,0,32,0.0251729,6,0,33,0.0251729,
a7a2
WHITE
14,14,14,14,3,14,14,14,0,0,14,14,14,14,14,14,14,14,14,14,2,14,14,14,14,14,1,14,14,9,10,14,5,14,0,0,0,14,0,14,8,14,8,8,14,14,14,14,14,14,14,13,14,9,14,11,14,14,14,14,14,3,14,14,0,0,0,0,-1,
0,4,0,0.0271679,0,4,14,0.0197245,0,4,15,0.0271679,0,4,16,0.0271678,0,4,42,0.0271679,0,4,43,0.0271679,0,4,44,0.0271679,0,4,45,0.0271679,1,0,0,0.0271679,1,0,1,0.0271679,1,1,0,0.0271679,1,1,1,0.0271679,2,4,7,0.0271679,2,4,21,0.0271679,2,4,22,0.0271679,2,4,35,0.0271678,2,4,36,0.0197245,2,4,49,0.0271679,3,2,57,0.0271679,3,2,58,0.0271679,3,2,60,0.0271679,3,2,62,0.0271678,4,0,0,0.0271679,4,0,7,0.0197245,4,0,21,0.0197246,4,0,28,0.0271678,4,2,7,0.0271679,4,3,49,0.0271679,4,4,0,0.0197246,4,4,49,0.0271679,4,6,0,0.0271679,7,5,14,0.0197246,7,5,15,0.0271679,7,5,28,0.0197245,7,5,42,0.0197245,7,5,43,0.0271679,7,5,44,0.0271679,7,5,45,0.0271678,7,5,46,0.0271679,
d8d7
BLACK
14,14,11,14,14,14,14,14,3,14,1,14,5,14,14,14,14,14,14,14,0,0,14,0,14,8,14,8,8,8,14,13,14,2,1,14,14,9,14,14,14,14,14,10,14,14,14,14,14,14,14,11,14,14,8,8,14,14,14,14,14,14,14,14,0,0,0,0,-1,
1,0,0,0.0344327,1,0,1,0.0344327,1,0,2,0.0344327,1,0,3,0.0344327,1,0,4,0.0265984,1,0,5,0.0344327,1,0,14,0.0265984,1,0,28,0.0265984,1,2,57,0.0344327,1,2,58,0.0265984,1,2,59,0.0265984,1,2,60,0.0265985,1,2,63,0.0265984,1,4,14,0.0265984,1,4,42,0.0344326,2,4,7,0.0344327,2,4,49,0.0344327,2,5,49,0.0344327,4,1,7,0.0344327,4,1,8,0.0265984,4,1,21,0.0344327,4,1,22,0.0344327,4,1,35,0.0265984,4,1,49,0.0344327,4,2,56,0.0344326,4,2,57,0.0344326,4,2,58,0.0265984,4,2,59,0.0344327,4,2,60,0.0265984,4,2,61,0.0344327,4,2,62,0.0344326,4,2,63,0.0265984,
a2a3
WHITE
14,14,14,14,14,14,14,14,0,0,14,14,3,14,14,14,14,14,14,14,2,14,14,14,14,14,1,14,14,9,10,14,5,14,0,0,0,14,0,14,8,14,8,8,14,14,14,11,14,14,14,13,14,9,14,14,14,14,14,14,14,3,14,14,0,0,0,0,-1,
1,0,0,0.0338589,1,0,1,0.0251729,1,1,0,0.0251729,1,1,1,0.0251729,1,4,14,0.0251729,1,4,15,0.0251729,1,4,16,0.0251729,1,4,28,0.0251729,1,4,42,0.0251729,1,4,43,0.0251729,2,4,7,0.0251729,2,4,21,0.0251729,2,4,22,0.0251729,2,4,35,0.0251729,2,4,36,0.0251729,2,4,49,0.0251729,3,2,57,0.0251729,3,2,58,0.0338589,3,2,60,0.0251729,3,2,62,0.0251729,4,0,0,0.0251729,4,0,7,0.0251729,4,0,21,0.0251729,4,0,28,0.0251729,4,2,7,0.0338589,4,3,49,0.0251729,4,4,0,0.0251729,4,4,49,0.0338589,4,6,0,0.0251729,4,6,7,0.0338589,7,5,14,0.0251729,7,5,15,0.0251729,7,5,28,0.0251729,7,5,42,0.0251729,7,5,43,0.0251729,7,5,44,0.0251729,7,5,45,0.0251729,7,5,46,0.0251729,
d6c5 (capture)
BLACK
14,14,11,14,14,14,14,14,14,14,1,14,5,14,14,14,3,14,14,14,0,0,14,0,14,8,14,8,8,8,14,13,14,2,10,14,14,9,14,14,14,14,14,14,14,14,14,14,14,14,14,11,14,14,8,8,14,14,14,14,14,14,14,14,0,0,0,0,-1,
1,2,57,0.040299,1,2,58,0.040299,1,2,60,0.040299,1,2,63,0.0328238,1,4,14,0.0402991,1,4,42,0.0402991,2,0,0,0.040299,2,0,1,0.040299,2,0,2,0.040299,2,0,3,0.0402991,2,0,4,0.040299,2,0,14,0.040299,2,0,15,0.040299,2,0,16,0.040299,2,0,28,0.0402991,2,0,29,0.040299,2,4,7,0.040299,2,4,49,0.040299,2,5,49,0.040299,4,1,7,0.040299,4,1,8,0.040299,4,1,21,0.040299,4,1,22,0.040299,4,1,35,0.0402991,4,1,49,0.040299,
a3c3
WHITE
14,14,14,14,14,14,14,14,0,0,14,14,3,14,14,14,14,14,14,14,14,14,14,14,14,14,1,14,14,2,10,14,5,14,0,0,0,14,0,14,8,14,8,8,14,11,14,14,14,14,14,13,14,9,14,14,14,14,14,14,14,3,14,14,0,0,0,0,-1,
1,0,0,0.0315608,1,0,1,0.0229139,1,1,0,0.0229139,1,1,1,0.0229139,1,4,0,0.0229139,1,4,1,0.0229139,1,4,14,0.0229139,1,4,15,0.022914,1,4,16,0.022914,1,4,28,0.0229139,1,4,42,0.0229139,1,4,43,0.022914,3,2,57,0.0229139,3,2,58,0.0315608,3,2,60,0.0229139,3,2,62,0.022914,3,2,63,0.0315608,3,5,21,0.0315608,3,5,22,0.0229139,3,5,35,0.0229139,3,5,36,0.022914,3,5,37,0.0315608,4,0,0,0.0229139,4,0,7,0.022914,4,0,21,0.022914,4,0,28,0.0229139,4,2,7,0.0315608,4,3,49,0.022914,4,4,0,0.022914,4,4,7,0.0229139,4,4,49,0.0315608,4,6,0,0.0229139,4,6,49,0.0229139,7,5,14,0.0229139,7,5,15,0.0229139,7,5,28,0.0229139,7,5,42,0.022914,7,5,43,0.0229139,7,5,44,0.0229139,7,5,45,0.022914,7,5,46,0.0229139,
h7h6
BLACK
14,14,11,14,14,14,14,14,14,14,1,14,5,14,14,14,14,14,3,14,0,0,14,0,14,8,14,8,8,8,14,13,14,2,10,14,14,9,14,14,14,14,14,14,14,14,14,8,14,14,14,11,14,14,8,14,14,14,14,14,14,14,14,14,0,0,0,0,-1,
1,2,57,0.0494625,1,2,58,0.0417199,1,2,59,0.0494626,1,2,60,0.0494626,1,2,63,0.0417199,1,4,14,0.0417199,1,4,42,0.0494625,2,2,0,0.0417199,2,2,1,0.0494625,2,2,14,0.0417199,2,2,42,0.0494625,2,2,43,0.0494625,2,4,7,0.0494625,2,4,49,0.0494626,2,5,49,0.0494625,4,1,7,0.0494625,4,1,8,0.0494626,4,1,21,0.0494626,4,1,22,0.0494625,4,1,35,0.0494625,4,1,49,0.0494625,
e2d2
WHITE
14,14,14,14,14,14,14,14,14,0,14,14,3,14,14,14,0,14,14,14,14,14,14,14,14,14,1,14,14,2,10,14,5,14,0,0,0,14,0,14,8,14,8,8,14,11,14,14,14,14,14,14,13,9,14,14,14,14,14,14,14,3,14,14,0,0,0,0,-1,
1,1,0,0.0271155,1,1,1,0.0271155,1,4,0,0.0271155,1,4,1,0.0271155,1,4,14,0.0196865,1,4,15,0.0271155,1,4,16,0.0196866,1,4,28,0.0271155,1,4,42,0.0271155,1,4,43,0.0271155,2,0,0,0.0271155,3,2,57,0.0271155,3,2,58,0.0271155,3,2,62,0.0271155,3,2,63,0.0271155,3,5,21,0.0271155,3,5,22,0.0271155,3,5,35,0.0196865,3,5,36,0.0196866,3,5,37,0.0271155,4,0,0,0.0271155,4,0,7,0.0271155,4,0,21,0.0271155,4,0,28,0.0271155,4,2,7,0.0271155,4,3,49,0.0271155,4,4,0,0.0196865,4,4,7,0.0196866,4,4,49,0.0364717,4,6,0,0.0271155,4,6,49,0.0271155,7,5,14,0.0196865,7,5,15,0.0271155,7,5,28,0.0196865,7,5,42,0.0196866,7,5,43,0.0271155,7,5,44,0.0271155,7,5,45,0.0271155,7,5,46,0.0271155,
g7g5
BLACK
14,14,11,14,14,14,14,14,14,14,1,5,14,14,14,14,14,14,3,14,0,0,14,0,14,8,14,8,8,8,14,13,14,2,10,14,14,9,8,14,14,14,14,14,14,14,14,8,14,14,14,11,14,14,14,14,14,14,14,14,14,14,14,14,0,0,0,0,46,
1,2,57,0.0458475,1,2,58,0.0380629,1,2,59,0.0458475,1,2,60,0.0380629,1,2,63,0.0380629,1,3,14,0.0458475,1,3,35,0.0458475,2,2,0,0.0380629,2,2,1,0.0458475,2,2,14,0.0380629,2,2,42,0.0458475,2,2,43,0.0458475,2,4,7,0.0458475,2,4,49,0.0458475,2,5,49,0.0458475,4,1,7,0.0458475,4,1,8,0.0458475,4,1,21,0.0458475,4,1,22,0.0458475,4,1,23,0.0458475,4,1,24,0.0380629,4,1,35,0.0380629,4,1,49,0.0458475,
b5f1
WHITE
14,14,14,14,14,14,14,14,14,14,14,14,3,14,14,14,0,14,14,14,14,14,14,14,14,0,1,14,14,2,14,14,5,14,0,0,0,14,0,14,8,14,8,8,14,11,14,14,14,14,14,14,13,9,14,14,14,14,10,14,14,3,14,14,0,0,0,0,-1,
1,4,0,0.0230982,1,4,1,0.0310683,1,4,14,0.0230982,1,4,15,0.0230982,1,4,16,0.0230982,1,4,28,0.0230982,1,4,42,0.0310683,1,4,43,0.0310684,1,4,44,0.0230982,1,4,45,0.0310683,2,0,0,0.0230982,3,1,0,0.0310683,3,2,57,0.0230982,3,2,58,0.0310683,3,2,61,0.0230982,3,2,62,0.0230982,3,2,63,0.0310683,3,5,21,0.0310683,3,5,22,0.0310683,3,5,35,0.0230982,3,5,36,0.0230982,3,5,37,0.0310683,4,0,7,0.0230982,4,0,28,0.0310683,4,2,7,0.0310683,4,3,49,0.0230982,4,4,0,0.0230982,4,4,7,0.0230982,4,4,49,0.0409421,4,6,0,0.0230982,4,6,49,0.0310684,7,5,14,0.0230982,7,5,15,0.0310683,7,5,28,0.0230982,7,5,42,0.0230982,7,5,43,0.0310683,7,5,44,0.0310683,
c1b1
BLACK
14,11,14,14,14,2,14,14,14,14,1,5,14,14,14,14,14,14,3,14,0,0,14,0,14,8,14,8,8,8,14,13,14,14,10,14,14,9,8,14,14,14,14,14,14,14,14,8,14,14,14,11,14,14,14,14,14,14,14,14,14,14,14,14,0,0,0,0,-1,
0,5,7,0.0501519,0,5,49,0.0300759,0,5,50,0.0501519,0,5,51,0.0501519,0,5,52,0.0501519,0,5,53,0.0501519,1,2,57,0.0586707,1,2,58,0.0501519,1,2,59,0.0501519,1,2,60,0.0501519,1,2,63,0.0501519,1,3,14,0.0501519,2,2,0,0.0501519,2,2,1,0.0501519,2,2,14,0.0501519,2,2,42,0.050152,2,2,43,0.0501519,2,4,7,0.0501519,2,4,49,0.0501519,2,5,49,0.0586706,
d2e2
WHITE
14,14,14,14,14,14,14,14,14,14,14,14,3,14,14,14,0,14,14,14,14,14,14,14,14,0,1,14,14,2,14,14,5,14,0,0,0,14,0,14,8,14,8,8,14,11,14,14,14,14,14,13,14,9,14,14,14,14,10,14,14,14,3,14,0,0,0,0,-1,
1,4,0,0.0251207,1,4,1,0.0251208,1,4,14,0.0251207,1,4,15,0.0251207,1,4,16,0.0251208,1,4,28,0.0251208,1,4,42,0.0251208,1,4,43,0.0251208,1,4,44,0.0251208,1,4,45,0.0251208,2,0,0,0.0251208,3,1,0,0.0251208,3,2,57,0.0251208,3,2,58,0.0445272,3,2,61,0.0251207,3,2,62,0.0251207,3,2,63,0.0251208,3,5,21,0.0251208,3,5,22,0.0251208,3,5,35,0.0251207,3,5,36,0.0251208,3,5,37,0.0251208,4,0,7,0.0251208,4,0,28,0.0251208,4,2,7,0.0251208,4,3,49,0.0337887,4,4,0,0.0251208,4,4,7,0.0251207,4,4,49,0.0337888,4,6,0,0.0251208,4,6,49,0.0251208,7,6,14,0.0251208,7,6,28,0.0251208,7,6,29,0.0337888,7,6,42,0.0251208,7,6,43,0.0251208,7,6,44,0.0251208,7,6,45,0.0251208,
d4c3 (capture)
BLACK
14,11,14,14,14,2,14,14,14,14,1,14,5,14,14,14,14,14,8,14,0,0,14,0,14,8,14,14,8,8,14,13,14,14,10,14,14,9,8,14,14,14,14,14,14,14,14,8,14,14,14,11,14,14,14,14,14,14,14,14,14,14,14,14,0,0,0,0,-1,
0,5,7,0.0975567,1,2,57,0.148692,1,2,58,0.0975567,1,2,59,0.0975568,1,2,60,0.0975568,1,2,63,0.0975568,1,4,14,0.148692,2,4,7,0.0661404,2,5,49,0.148692,
c2b4 (capture)
WHITE
14,14,14,14,14,14,14,14,14,14,14,14,3,14,14,14,0,14,14,14,14,14,14,14,14,0,1,14,14,2,14,14,5,14,0,0,14,14,9,14,8,14,8,8,14,0,14,14,14,14,14,13,14,14,14,14,14,14,10,14,14,14,3,14,0,0,0,0,-1,
1,4,0,0.0128549,1,4,1,0.0128549,1,4,2,0.0128549,1,4,3,0.0182064,1,4,4,0.401228,1,4,5,0.0128549,1,4,14,0.0128549,1,4,15,0.0128549,1,4,16,0.0128549,1,4,28,0.0128549,1,4,42,0.0128549,1,4,43,0.0128549,1,4,44,0.0128549,1,4,45,0.0128549,2,0,0,0.0128549,3,1,0,0.0182063,3,2,56,0.0128549,3,2,57,0.0128549,3,2,58,0.0182063,3,2,61,0.0128549,3,2,62,0.0128549,3,2,63,0.0182063,3,5,7,0.0182063,3,5,21,0.0182063,3,5,22,0.0128549,3,5,35,0.0128549,3,5,36,0.0128549,3,5,37,0.0128549,3,5,49,0.0182064,3,5,50,0.0128549,4,0,7,0.0128549,4,0,28,0.0128549,4,2,7,0.0182063,4,3,49,0.0128549,5,5,0,0.0128549,7,6,14,0.0128549,7,6,28,0.0128549,7,6,29,0.0182063,7,6,30,0.0182063,7,6,42,0.0182063,7,6,43,0.0128549,7,6,44,0.0128549,7,6,45,0.0128549,
d7d2
BLACK
-1 WINNER!
