3,1,2,4,5,2,1,3,0,0,0,0,0,0,0,0,14,14,14,14,14,14,14,14,14,14,14,14,14,14,14,14,14,14,14,14,14,14,14,14,14,14,14,14,14,14,14,14,8,8,8,8,8,8,8,8,11,9,10,12,13,10,9,11,1,1,1,1,-1,
0,1,57,0.0501002,0,1,58,0.0501002,0,6,57,0.0501002,0,6,58,0.0501002,1,0,0,0.0501002,1,0,1,0.0501002,1,1,0,0.0501002,1,1,1,0.0501002,1,2,0,0.0501002,1,2,1,0.0501002,1,3,0,0.0501002,1,3,1,0.0501002,1,4,0,0.0480961,1,4,1,0.0501002,1,5,0,0.0501002,1,5,1,0.0501002,1,6,0,0.0501002,1,6,1,0.0501002,1,7,0,0.0501002,1,7,1,0.0501002,
f2f3
WHITE
3,1,2,5,4,2,1,3,0,0,0,0,0,0,0,0,14,14,14,14,14,14,14,14,14,14,14,14,14,14,14,14,14,14,14,14,14,14,14,14,14,14,8,14,14,14,14,14,8,8,14,8,8,8,8,8,11,9,10,13,12,10,9,11,1,1,1,1,-1,
0,1,57,0.0501002,0,1,58,0.0501002,0,6,57,0.0501002,0,6,58,0.0501002,1,0,0,0.0501002,1,0,1,0.0501002,1,1,0,0.0501002,1,1,1,0.0501002,1,2,0,0.0501002,1,2,1,0.0501002,1,3,0,0.0501002,1,3,1,0.0501002,1,4,0,0.0480961,1,4,1,0.0501002,1,5,0,0.0501002,1,5,1,0.0501002,1,6,0,0.0501002,1,6,1,0.0501002,1,7,0,0.0501002,1,7,1,0.0501002,
f7f6
BLACK
3,1,2,4,5,2,1,3,0,0,0,0,0,14,0,0,14,14,14,14,14,0,14,14,14,14,14,14,14,14,14,14,14,14,14,14,14,14,14,14,14,14,14,14,14,8,14,14,8,8,8,8,8,14,8,8,11,9,10,12,13,10,9,11,1,1,1,1,-1,
0,1,57,0.0521042,0,1,58,0.0521042,0,4,7,0.0541082,0,6,57,0.0521042,1,0,0,0.0541082,1,0,1,0.0541082,1,1,0,0.0521042,1,1,1,0.0521042,1,2,0,0.0521042,1,2,1,0.0521042,1,3,0,0.0521042,1,3,1,0.0521042,1,4,0,0.0521042,1,4,1,0.0541082,1,6,0,0.0521042,1,6,1,0.0541082,1,7,0,0.0521042,1,7,1,0.0521042,2,5,0,0.0521042,
c2c4
WHITE
3,1,2,5,4,2,1,3,0,0,14,0,0,0,0,0,14,14,0,14,14,14,14,14,14,14,14,14,14,14,14,14,14,14,14,14,14,8,14,14,14,14,8,14,14,14,14,14,8,8,14,8,8,14,8,8,11,9,10,13,12,10,9,11,1,1,1,1,45,
0,1,58,0.0521042,0,3,49,0.0521042,0,6,57,0.0521042,0,6,58,0.0521042,1,0,0,0.0541082,1,0,1,0.0541082,1,1,0,0.0521042,1,1,1,0.0521042,1,3,0,0.0521042,1,3,1,0.0521042,1,4,0,0.0521042,1,4,1,0.0541082,1,5,0,0.0541082,1,5,1,0.0521042,1,6,0,0.0521042,1,6,1,0.0541082,1,7,0,0.0521042,1,7,1,0.0521042,2,2,0,0.0521042,
c7c5
BLACK
3,1,2,4,5,2,1,3,0,0,14,0,0,14,0,0,14,14,14,14,14,0,14,14,14,14,0,14,14,14,14,14,14,14,8,14,14,14,14,14,14,14,14,14,14,8,14,14,8,8,14,8,8,14,8,8,11,9,10,12,13,10,9,11,1,1,1,1,42,
0,1,57,0.0501002,0,1,58,0.0501002,0,3,49,0.0501002,0,3,50,0.0501002,0,3,51,0.0501002,0,4,7,0.0501002,0,6,57,0.0501002,1,0,0,0.0501002,1,0,1,0.0501002,1,1,0,0.0501002,1,1,1,0.0501002,1,3,0,0.0501002,1,3,1,0.0501002,1,4,0,0.0480961,1,4,1,0.0501002,1,6,0,0.0501002,1,6,1,0.0501002,1,7,0,0.0501002,1,7,1,0.0501002,2,5,0,0.0501002,
d2d4
WHITE
3,1,2,5,4,2,1,3,0,0,14,0,0,14,0,0,14,14,0,14,14,14,14,14,14,14,14,14,14,0,14,14,14,14,14,14,8,8,14,14,14,14,8,14,14,14,14,14,8,8,14,8,14,14,8,8,11,9,10,13,12,10,9,11,1,1,1,1,44,
0,1,58,0.0480962,0,3,49,0.0480962,0,4,7,0.0480962,0,4,8,0.0480962,0,4,9,0.0460922,0,6,57,0.0480962,0,6,58,0.0480962,1,0,0,0.0480962,1,0,1,0.0480962,1,1,0,0.0460922,1,1,1,0.0460922,1,3,0,0.0480962,1,3,1,0.0480962,1,4,0,0.0460922,1,4,1,0.0480962,1,6,0,0.0480962,1,6,1,0.0480962,1,7,0,0.0480962,1,7,1,0.0460922,2,2,0,0.0480962,3,5,49,0.0480962,
d7d6
BLACK
3,1,2,4,5,2,1,3,0,0,14,14,0,14,0,0,14,14,14,14,14,0,14,14,14,14,0,0,14,14,14,14,14,14,8,14,14,14,14,14,14,14,14,8,14,8,14,14,8,8,14,14,8,14,8,8,11,9,10,12,13,10,9,11,1,1,1,1,-1,
0,1,56,0.0360721,0,1,57,0.0340682,0,1,58,0.0340681,0,2,7,0.0340681,0,2,8,0.0340682,0,2,9,0.0360722,0,2,10,0.0340681,0,2,11,0.0340682,0,3,0,0.0340681,0,3,1,0.0340681,0,3,49,0.0340681,0,3,50,0.0340681,0,3,51,0.0340682,0,4,7,0.0340682,0,4,49,0.0340682,0,6,57,0.0340682,1,0,0,0.0360722,1,0,1,0.0360721,1,1,0,0.0340681,1,1,1,0.0340682,1,4,0,0.0340681,1,4,1,0.0340681,1,6,0,0.0340682,1,6,1,0.0360722,1,7,0,0.0340681,1,7,1,0.0340681,2,5,0,0.0340681,3,3,0,0.0340681,3,3,49,0.0360721,
c1e3
WHITE
3,1,2,5,4,2,1,3,0,0,14,0,14,14,0,0,14,14,0,14,0,14,14,14,14,14,14,14,14,0,14,14,14,14,14,14,8,8,14,14,14,14,8,10,14,14,14,14,8,8,14,8,14,14,8,8,11,9,10,13,12,14,9,11,1,1,1,1,-1,
0,1,58,0.0360721,0,3,7,0.0340682,0,3,49,0.0360721,0,4,0,0.0360721,0,4,7,0.0360721,0,4,8,0.0360721,0,4,9,0.0340681,0,5,49,0.0360722,0,5,50,0.0360721,0,5,51,0.0360721,0,5,52,0.0360722,0,5,53,0.0360721,0,6,57,0.0360722,0,6,58,0.0360721,0,6,59,0.0360722,1,0,0,0.0360721,1,0,1,0.0360721,1,1,0,0.0340681,1,1,1,0.0340681,1,3,0,0.0360722,1,3,1,0.0360721,1,6,0,0.0360721,1,6,1,0.0360721,1,7,0,0.0360722,1,7,1,0.0340681,2,2,0,0.0360721,2,4,0,0.0360721,3,5,49,0.0360722,
c8h3
BLACK
3,1,14,4,5,2,1,3,0,0,14,14,0,14,0,0,14,14,14,14,2,0,14,10,14,14,0,0,14,14,14,14,14,14,8,14,14,14,14,14,14,14,14,8,14,8,14,14,8,8,14,14,8,14,8,8,11,9,14,12,13,10,9,11,1,1,1,1,-1,
0,1,56,0.0360721,0,1,57,0.0360721,0,1,58,0.0360721,0,3,0,0.0360722,0,3,1,0.0360721,0,3,42,0.0360721,0,3,49,0.0360722,0,3,50,0.0340681,0,3,51,0.0360721,0,4,7,0.0360722,0,4,49,0.0360721,0,6,57,0.0360721,1,0,0,0.0360721,1,0,1,0.0360721,1,1,0,0.0340681,1,1,1,0.0340682,1,6,0,0.0360721,1,6,1,0.0360721,1,6,7,0.0360722,2,4,7,0.0360721,2,4,8,0.0360722,2,4,9,0.0360722,2,4,21,0.0360721,2,4,35,0.0360721,2,4,36,0.0340681,2,5,0,0.0340681,3,3,0,0.0360722,3,3,49,0.0360721,
e3g5
WHITE
3,1,2,5,4,14,1,3,0,0,14,0,14,14,0,0,14,14,0,14,0,14,14,14,14,10,14,14,14,0,14,14,14,14,14,14,8,8,14,14,2,14,8,14,14,14,14,14,8,8,14,8,14,14,8,8,11,9,10,13,12,14,9,11,1,1,1,1,-1,
0,1,58,0.0320641,0,3,7,0.0320641,0,3,49,0.0340682,0,4,0,0.0340682,0,4,7,0.0340681,0,4,8,0.0340681,0,4,9,0.0320641,0,4,14,0.0340681,0,6,57,0.0340681,0,6,58,0.0320641,0,6,59,0.0340681,1,0,0,0.0340681,1,0,1,0.0340681,1,1,0,0.0320641,1,3,0,0.0340681,1,3,1,0.0340681,1,6,0,0.0340681,1,6,1,0.0340681,1,7,0,0.0320641,1,7,1,0.0320641,2,2,0,0.0320641,2,2,49,0.0320641,2,4,0,0.0340681,3,5,49,0.0320641,5,0,7,0.0340681,5,0,21,0.0340682,5,0,22,0.0340681,5,0,23,0.0340681,5,0,24,0.0340681,5,0,25,0.0320641,
e7e6
BLACK
3,1,14,4,5,2,1,3,0,0,14,14,0,14,0,0,14,14,14,14,14,0,14,10,14,14,0,0,14,14,14,14,14,14,8,14,14,14,2,14,14,14,14,8,8,8,14,14,8,8,14,14,14,14,8,8,11,9,14,12,13,10,9,11,1,1,1,1,-1,
0,1,56,0.0340681,0,1,57,0.0320641,0,1,58,0.0320641,0,3,0,0.0320641,0,3,1,0.0320641,0,3,42,0.0340681,0,3,49,0.0320641,0,3,50,0.0320641,0,3,51,0.0320641,0,4,7,0.0320641,0,4,49,0.0320641,0,6,57,0.0320641,1,0,0,0.0320641,1,0,1,0.0320641,1,1,0,0.0320641,1,1,1,0.0320641,1,4,0,0.0320641,1,4,1,0.0320641,1,6,0,0.0320641,1,6,1,0.0340681,1,6,7,0.0320641,2,5,0,0.0320641,3,3,0,0.0320641,3,3,49,0.0320641,4,6,7,0.0320641,4,6,21,0.0320641,4,6,35,0.0320641,4,6,36,0.0320641,4,6,37,0.0320641,4,6,38,0.0320641,4,6,49,0.0320641,
b1c3
WHITE
3,1,2,5,4,14,1,3,0,0,14,14,14,14,0,0,14,14,0,0,0,14,14,14,14,10,14,14,14,0,14,14,14,14,14,14,8,8,14,14,2,14,8,14,14,9,14,14,8,8,14,8,14,14,8,8,11,9,10,13,12,14,14,11,1,1,1,1,-1,
0,1,56,0.0340681,0,1,58,0.0320641,0,2,7,0.0320641,0,3,0,0.0320641,0,3,7,0.0320641,0,3,49,0.0340681,0,4,0,0.0340681,0,4,7,0.0340681,0,4,8,0.0340682,0,4,9,0.0320641,0,4,14,0.0340681,0,4,49,0.0340681,0,6,57,0.0340682,0,6,58,0.0320641,0,6,59,0.0340681,1,0,0,0.0340681,1,0,1,0.0340681,1,1,0,0.0320641,1,6,0,0.0340681,1,6,1,0.0340681,1,7,0,0.0320641,1,7,1,0.0320641,2,2,0,0.0320641,2,2,49,0.0340682,2,3,0,0.0340681,2,4,0,0.0340681,3,5,49,0.0320641,5,0,7,0.0340681,5,0,21,0.0340681,5,0,22,0.0340681,
c5d4 (capture)
BLACK
3,14,14,4,5,2,1,3,0,0,14,14,0,14,0,0,14,14,1,14,14,0,14,10,14,14,0,8,14,14,14,14,14,14,14,14,14,14,2,14,14,14,14,8,8,8,14,14,8,8,14,14,14,14,8,8,11,9,14,12,13,10,9,11,1,1,1,1,-1,
0,0,14,0.0260521,0,0,15,0.0280561,0,3,0,0.0280561,0,3,1,0.0280561,0,3,2,0.0280561,0,3,42,0.0280561,0,3,43,0.0280561,0,3,49,0.0280561,0,3,50,0.0280561,0,3,51,0.0280561,0,4,7,0.0280561,0,4,49,0.0280561,0,6,57,0.0280561,1,0,0,0.0280561,1,0,1,0.0280561,1,1,0,0.0260522,1,1,1,0.0280561,1,4,0,0.0260521,1,4,1,0.0280561,1,6,0,0.0280561,1,6,1,0.0280561,1,6,7,0.0280561,2,2,56,0.0260521,2,2,57,0.0280561,2,2,58,0.0280561,2,2,59,0.0280561,2,2,61,0.0280561,2,5,0,0.0280561,3,2,0,0.0280561,4,6,7,0.0280561,4,6,21,0.0280561,4,6,35,0.0280561,4,6,36,0.0280561,4,6,37,0.0280561,4,6,38,0.0260521,4,6,49,0.0280561,
d1b1
WHITE
3,1,2,5,4,14,1,3,0,0,14,14,14,14,0,0,14,14,0,0,0,14,14,14,14,10,14,14,14,14,14,14,14,14,14,14,0,8,14,14,2,14,8,14,14,9,14,14,8,8,14,8,14,14,8,8,11,9,10,13,14,14,12,11,1,1,1,1,-1,
0,1,56,0.0320641,0,1,58,0.0320641,0,2,7,0.0320641,0,3,0,0.0320641,0,3,7,0.0320641,0,3,49,0.0320641,0,4,0,0.0320641,0,4,7,0.0320641,0,4,8,0.0320641,0,4,9,0.0320641,0,4,14,0.0340681,0,4,49,0.0320641,0,6,57,0.0320641,0,6,58,0.0320641,0,6,59,0.0320641,1,0,0,0.0320641,1,0,1,0.0320641,1,1,0,0.0320641,1,6,0,0.0320641,1,6,1,0.0340681,1,7,0,0.0320641,1,7,1,0.0320641,2,2,0,0.0320641,2,2,49,0.0320641,2,3,0,0.0320641,2,4,0,0.0320641,4,4,0,0.0320641,4,4,7,0.0340681,5,0,7,0.0320641,5,0,21,0.0320641,5,0,22,0.0320641,
b8a6
BLACK
3,4,14,14,5,2,1,3,0,0,14,14,0,14,0,0,14,14,1,14,14,0,14,10,14,14,0,8,14,14,14,14,14,14,14,14,14,14,2,14,9,14,14,8,8,8,14,14,8,8,14,14,14,14,8,8,11,14,14,12,13,10,9,11,1,1,1,1,-1,
0,1,7,0.0280561,0,1,8,0.0300601,0,1,9,0.0280561,0,1,10,0.0300601,0,1,11,0.0280561,0,1,12,0.0280561,0,1,14,0.0280561,0,1,15,0.0280561,0,4,7,0.0300601,0,4,42,0.0280561,0,4,49,0.0280561,0,6,57,0.0280561,1,0,0,0.0300601,1,0,1,0.0300601,1,1,0,0.0280561,1,1,1,0.0280561,1,4,0,0.0280561,1,4,1,0.0280561,1,6,0,0.0280561,1,6,1,0.0300601,1,6,7,0.0280561,2,2,56,0.0280561,2,2,57,0.0300601,2,2,58,0.0280561,2,2,59,0.0280561,2,2,62,0.0280561,2,5,0,0.0280561,3,2,0,0.0300601,4,6,7,0.0280561,4,6,21,0.0280561,4,6,35,0.0280561,4,6,36,0.0280561,4,6,37,0.0280561,4,6,38,0.0280561,4,6,49,0.0300601,
b2b4
WHITE
3,1,2,5,4,14,14,3,0,0,14,14,14,14,0,0,14,14,0,0,0,14,14,1,14,10,14,14,14,14,14,14,14,14,14,14,0,8,8,14,2,14,8,14,14,9,14,14,8,8,14,8,14,14,14,8,11,9,10,13,14,14,12,11,1,1,1,1,46,
0,1,56,0.0300601,0,1,58,0.0300601,0,2,7,0.0300601,0,3,0,0.0300601,0,3,7,0.0300601,0,3,49,0.0300601,0,4,0,0.0300601,0,4,7,0.0300601,0,4,8,0.0300601,0,4,9,0.0300601,0,4,14,0.0300601,0,4,15,0.0320641,0,4,49,0.0300601,0,7,42,0.0300601,0,7,43,0.0300601,1,0,0,0.0300601,1,0,1,0.0300601,1,1,0,0.0300601,1,6,0,0.0300601,1,6,1,0.0300601,2,2,0,0.0300601,2,2,49,0.0300601,2,3,0,0.0300601,2,4,0,0.0300601,2,7,58,0.0320642,2,7,59,0.0300601,2,7,60,0.0320641,2,7,61,0.0300601,4,4,0,0.0300601,4,4,7,0.0320641,5,0,7,0.0300601,5,0,21,0.0300601,5,0,22,0.0300601,
a8c8
BLACK
3,4,14,14,5,2,1,3,0,14,14,14,0,14,0,0,14,14,1,14,14,0,14,10,14,0,0,8,14,14,14,14,14,14,14,14,14,14,2,14,9,14,14,8,8,8,14,14,8,8,14,14,14,14,8,8,14,14,11,12,13,10,9,11,1,1,1,0,-1,
0,1,0,0.0280561,0,1,1,0.0280561,0,1,7,0.0260521,0,1,8,0.0280561,0,1,9,0.0280561,0,1,10,0.0280561,0,1,11,0.0280561,0,1,12,0.0280561,0,1,14,0.0280561,0,1,15,0.0260521,0,4,7,0.0280561,0,4,42,0.0280561,0,4,49,0.0280561,0,6,57,0.0280561,1,0,0,0.0280561,1,0,1,0.0280561,1,4,0,0.0260521,1,4,1,0.0280561,1,6,0,0.0280561,1,6,1,0.0280561,1,6,7,0.0280561,2,2,56,0.0260522,2,2,57,0.0280561,2,2,58,0.0280561,2,2,59,0.0280561,2,2,62,0.0280561,2,5,0,0.0280561,3,1,0,0.0280561,3,2,0,0.0280561,4,6,7,0.0280561,4,6,21,0.0280561,4,6,35,0.0280561,4,6,36,0.0280561,4,6,37,0.0280561,4,6,38,0.0260521,4,6,49,0.0280561,
e1d2
WHITE
3,1,2,5,4,3,14,14,0,0,14,14,14,14,0,0,14,14,0,0,0,14,14,1,14,10,14,14,14,14,14,14,14,14,14,14,0,8,8,14,2,14,8,14,14,9,14,14,8,8,14,8,13,14,14,8,11,9,10,14,14,14,12,11,1,0,0,0,-1,
0,1,56,0.0300601,0,1,58,0.0280561,0,2,7,0.0280561,0,3,0,0.0280561,0,3,7,0.0280561,0,3,49,0.0280561,0,4,0,0.0280561,0,4,7,0.0280561,0,4,8,0.0300601,0,4,9,0.0280561,0,4,49,0.0280561,0,5,0,0.0280561,0,5,1,0.0300601,0,5,2,0.0280561,0,5,3,0.0280561,0,5,14,0.0280561,0,5,15,0.0280561,1,0,0,0.0300601,1,0,1,0.0280561,1,1,0,0.0280561,1,6,0,0.0280561,1,6,1,0.0300601,2,2,0,0.0280561,2,2,49,0.0280561,2,3,0,0.0280561,2,4,0,0.0280561,2,7,58,0.0300601,2,7,59,0.0300601,2,7,60,0.0300601,2,7,61,0.0280561,4,4,0,0.0280561,4,4,7,0.0300601,5,0,7,0.0280561,5,0,21,0.0280561,5,0,22,0.0280561,
e8f7
BLACK
3,4,14,14,14,2,1,3,0,14,14,5,0,14,0,0,14,14,1,14,14,0,14,10,14,0,0,8,14,14,14,14,14,14,14,14,14,14,2,14,9,14,14,8,8,8,14,14,8,8,14,14,14,13,8,8,14,14,11,12,14,10,9,11,0,0,0,0,-1,
0,1,0,0.0260521,0,1,1,0.0280561,0,1,7,0.0260521,0,1,8,0.0280561,0,1,9,0.0260521,0,1,10,0.0280561,0,1,11,0.0280561,0,1,12,0.0260521,0,1,14,0.0280561,0,1,15,0.0260521,0,1,16,0.0260521,0,6,57,0.0280561,1,0,0,0.0280561,1,0,1,0.0280561,1,3,0,0.0260521,1,3,21,0.0260521,1,3,28,0.0260521,1,3,35,0.0280561,1,3,42,0.0260521,1,4,0,0.0260521,1,4,1,0.0280561,1,6,0,0.0260521,1,6,1,0.0280561,1,6,7,0.0280561,2,2,56,0.0260521,2,2,57,0.0280561,2,2,58,0.0260521,2,2,59,0.0260521,2,2,62,0.0260521,2,5,0,0.0260521,3,1,0,0.0280561,3,2,0,0.0280561,4,6,7,0.0280561,4,6,21,0.0280561,4,6,35,0.0260521,4,6,36,0.0260521,4,6,49,0.0280561,
b1c2
WHITE
3,1,2,14,4,3,14,14,0,0,5,14,14,14,0,0,14,14,0,0,0,14,14,1,14,10,14,14,14,14,14,14,14,14,14,14,0,8,8,14,2,14,8,14,14,9,14,14,8,8,14,8,13,12,14,8,11,9,10,14,14,14,14,11,0,0,0,0,-1,
0,1,56,0.0300601,0,1,58,0.0280561,0,2,7,0.0280561,0,4,0,0.0280561,0,4,7,0.0280561,0,4,8,0.0300601,0,4,9,0.0280561,0,4,42,0.0280561,0,4,49,0.0280561,0,5,0,0.0280561,0,5,1,0.0300601,0,5,2,0.0280561,0,5,3,0.0280561,0,5,14,0.0280561,0,5,15,0.0280561,1,0,0,0.0300601,1,0,1,0.0280561,1,1,0,0.0280561,1,2,14,0.0280561,1,2,21,0.0280561,1,6,0,0.0280561,1,6,1,0.0300601,2,2,0,0.0280561,2,2,49,0.0280561,2,3,0,0.0280561,2,4,0,0.0280561,2,7,58,0.0300601,2,7,59,0.0300601,2,7,60,0.0300601,2,7,61,0.0280561,4,4,0,0.0280561,4,4,7,0.0300601,5,0,7,0.0280561,5,0,21,0.0280561,5,0,22,0.0280561,
f8e7
BLACK
3,14,14,14,14,2,1,3,0,14,4,5,0,14,0,0,14,14,1,14,14,0,14,10,14,0,0,8,14,14,14,14,14,14,14,14,14,14,2,14,9,14,14,8,8,8,14,14,8,8,14,14,10,13,8,8,14,14,11,12,14,14,9,11,0,0,0,0,-1,
0,0,14,0.0240481,0,0,15,0.0240481,0,0,16,0.0240481,0,0,17,0.0240481,0,6,57,0.0240481,1,0,0,0.0260521,1,0,1,0.0240481,1,2,7,0.0240481,1,2,8,0.0240481,1,2,9,0.0260521,1,2,10,0.0240481,1,2,11,0.0240481,1,2,21,0.0240481,1,2,28,0.0240481,1,2,35,0.0240481,1,2,42,0.0240481,1,2,49,0.0240481,1,2,50,0.0240481,1,3,0,0.0240481,1,3,21,0.0240481,1,3,28,0.0240481,1,3,35,0.0240481,1,4,0,0.024048,1,4,1,0.0240481,1,6,0,0.0240481,1,6,1,0.0260521,1,6,7,0.0240481,2,2,56,0.0240481,2,2,57,0.0260521,2,2,58,0.0240481,2,2,59,0.0240481,2,2,61,0.0240481,2,2,62,0.0240481,2,5,0,0.0240481,3,1,0,0.0260521,3,2,0,0.0260521,4,6,7,0.0240481,4,6,21,0.0240481,4,6,35,0.0240481,4,6,36,0.0240481,4,6,49,0.0260521,
g5h6
WHITE
3,1,14,14,4,3,14,14,0,0,5,2,14,14,0,0,10,14,0,0,0,14,14,1,14,14,14,14,14,14,14,14,14,14,14,14,0,8,8,14,2,14,8,14,14,9,14,14,8,8,14,8,13,12,14,8,11,9,10,14,14,14,14,11,0,0,0,0,-1,
0,1,58,0.0300601,0,4,0,0.0300601,0,4,7,0.0300601,0,4,8,0.0300601,0,4,9,0.0300601,0,4,42,0.0300601,0,4,43,0.0300601,0,5,0,0.0300601,0,5,1,0.0300601,0,5,2,0.0300601,0,5,3,0.0300601,0,5,14,0.0300601,0,5,15,0.0300601,1,1,0,0.0300601,1,1,1,0.0300601,1,1,49,0.0300601,1,2,21,0.0300601,1,2,28,0.0300601,1,3,35,0.0300601,1,6,0,0.0300601,1,6,1,0.0320642,2,2,0,0.0300601,2,3,0,0.0300601,2,4,0,0.0300601,2,7,58,0.0320641,2,7,59,0.0300601,2,7,60,0.0320641,2,7,61,0.0300601,4,4,0,0.0300601,4,4,7,0.0320641,5,0,7,0.0300601,5,0,21,0.0300601,5,0,22,0.0300601,
a6b4 (capture)
BLACK
3,14,14,14,14,2,1,3,0,14,4,5,0,14,0,0,14,14,1,14,14,0,14,10,14,9,0,8,14,14,14,14,14,14,14,14,14,14,14,14,14,14,14,8,8,8,14,2,8,8,14,14,10,13,8,8,14,14,11,12,14,14,9,11,0,0,0,0,-1,
0,0,14,0.0260521,0,0,15,0.0260521,0,0,16,0.0260521,0,0,17,0.0260521,0,6,57,0.0260521,1,0,0,0.0280561,1,0,1,0.0260521,1,2,7,0.0260521,1,2,8,0.0260521,1,2,9,0.0280561,1,2,10,0.0260521,1,2,11,0.0260521,1,2,21,0.0260521,1,2,28,0.0260522,1,2,35,0.0260521,1,2,42,0.0260521,1,2,49,0.0260521,1,2,50,0.0260521,1,3,21,0.0260521,1,3,28,0.0260521,1,3,35,0.0260521,1,4,0,0.0260521,1,4,1,0.0260521,1,6,0,0.0260521,1,6,1,0.0280561,1,6,7,0.0260521,2,2,56,0.0260521,2,2,57,0.0260521,2,2,58,0.0260521,2,2,59,0.0260521,2,2,61,0.0260521,2,2,62,0.0260521,2,5,0,0.0260521,3,2,0,0.0280561,5,7,35,0.0260521,5,7,36,0.0280561,5,7,37,0.0260521,5,7,49,0.0260521,
e2e4
WHITE
3,1,14,14,4,3,14,14,0,0,5,2,14,14,0,0,10,14,0,0,0,14,14,14,14,14,14,14,14,14,14,14,14,14,14,8,0,8,1,14,2,14,8,14,14,9,14,14,8,8,14,14,13,12,14,8,11,9,10,14,14,14,14,11,0,0,0,0,43,
0,1,58,0.0240481,0,4,0,0.0260521,0,4,7,0.0260521,0,4,8,0.0260521,0,4,9,0.0240481,0,4,42,0.0260521,0,4,43,0.0260521,0,5,0,0.0260522,0,5,1,0.0260521,0,5,2,0.0260521,0,5,3,0.0260521,0,5,14,0.0260521,0,5,15,0.0260521,1,1,0,0.0240481,1,1,1,0.0240481,1,1,49,0.0260521,1,2,21,0.0260521,1,2,28,0.0260521,1,2,49,0.0260521,1,3,35,0.0260521,1,6,0,0.0260521,1,6,1,0.0260521,1,7,0,0.0260521,1,7,1,0.0240481,2,2,0,0.024048,2,3,0,0.0260521,2,4,0,0.0260521,4,4,0,0.0260521,4,4,7,0.0260521,4,4,49,0.0260521,4,6,57,0.0260521,4,6,58,0.0240481,4,6,59,0.0260521,4,6,60,0.0260522,4,6,61,0.0260521,4,6,62,0.0240481,5,0,7,0.0260521,5,0,21,0.0260521,5,0,22,0.0260521,
h3g2 (capture)
BLACK
3,14,14,14,14,2,1,3,0,14,4,5,14,14,10,0,14,14,1,14,14,0,14,14,14,9,0,8,0,14,14,14,14,14,14,14,14,14,14,14,14,14,14,8,8,8,14,2,8,8,14,14,10,13,8,8,14,14,11,12,14,14,9,11,0,0,0,0,-1,
0,0,14,0.0260521,0,0,15,0.0260521,0,0,16,0.0280561,0,0,17,0.0280561,0,5,7,0.0280561,0,5,49,0.0280561,0,5,50,0.0260521,0,6,57,0.0280561,0,6,59,0.0260521,1,0,0,0.0280561,1,0,1,0.0280561,1,2,7,0.0280561,1,2,21,0.0280561,1,2,28,0.0260521,1,2,35,0.0260521,1,2,42,0.0280561,1,2,49,0.0260521,1,2,50,0.0280561,1,3,14,0.0260521,1,3,21,0.0260521,1,3,28,0.0260521,1,3,35,0.0260521,1,7,0,0.0260521,1,7,1,0.0260521,2,2,57,0.0280561,2,2,58,0.0260521,2,2,59,0.0260521,2,2,61,0.0260521,2,2,62,0.0260521,2,2,63,0.0280561,2,5,0,0.0260521,3,2,0,0.0280561,3,4,0,0.0280561,5,7,35,0.0260521,5,7,36,0.0280561,5,7,37,0.0280561,5,7,49,0.0280561,
c3b1
WHITE
3,1,14,14,4,3,14,14,0,0,5,2,14,14,0,0,10,14,0,0,0,14,14,14,14,14,14,14,14,14,14,14,14,14,14,8,0,8,1,14,14,14,8,14,14,14,14,14,8,2,14,14,13,12,14,8,11,9,10,14,14,14,9,11,0,0,0,0,-1,
0,1,58,0.0260521,0,4,0,0.0260521,0,4,7,0.0260521,0,4,8,0.0280561,0,4,9,0.0260521,0,4,42,0.0260521,0,4,43,0.0260521,0,5,0,0.0260521,0,5,1,0.0280561,0,5,2,0.0260521,0,5,3,0.0260521,0,5,14,0.0260522,0,5,15,0.0260521,1,1,0,0.0260521,1,1,1,0.0260521,1,1,49,0.0280561,1,2,21,0.0260521,1,2,28,0.0260521,1,2,49,0.0260521,1,3,35,0.0260521,1,6,0,0.0260521,1,6,1,0.0280561,1,7,0,0.0260521,1,7,1,0.0260521,2,2,0,0.0260521,2,3,0,0.0260521,2,4,0,0.0260521,4,4,0,0.0260521,4,6,57,0.0260521,4,6,58,0.0260521,4,6,59,0.0260521,4,6,60,0.0260521,4,6,61,0.0280561,4,6,62,0.0260521,6,1,7,0.0260521,6,1,21,0.0260521,6,1,35,0.0260521,6,1,49,0.0260521,
b4a6
BLACK
3,1,14,14,14,2,1,3,0,14,4,5,14,14,10,0,14,14,14,14,14,0,14,14,14,14,0,8,0,14,14,14,14,14,14,14,14,14,14,14,9,14,14,8,8,8,14,2,8,8,14,14,10,13,8,8,14,14,11,12,14,14,9,11,0,0,0,0,-1,
0,1,57,0.0340681,0,1,58,0.0320641,0,5,7,0.0340681,0,5,49,0.0340681,0,5,50,0.0320641,0,6,57,0.0340681,0,6,59,0.0320641,1,0,0,0.0340681,1,0,1,0.0340682,1,2,0,0.0340681,1,2,7,0.0340681,1,2,21,0.0340682,1,2,28,0.0340681,1,2,42,0.0340681,1,2,49,0.0340682,1,2,50,0.0340681,1,3,0,0.0320641,1,3,14,0.0320641,1,3,21,0.0320641,1,3,28,0.0320641,1,3,35,0.0340681,1,7,0,0.0320641,1,7,1,0.0320641,2,5,0,0.0320641,3,2,0,0.0340681,3,4,0,0.0340681,5,7,35,0.0320641,5,7,36,0.0340681,5,7,37,0.0340681,5,7,49,0.0340681,
c2c3
WHITE
3,1,14,14,4,3,14,14,0,0,5,2,14,14,0,0,10,14,0,0,0,14,14,1,14,14,14,14,14,14,14,14,14,14,14,8,0,8,14,14,14,14,8,14,14,12,14,14,8,2,14,14,13,14,14,8,11,9,10,14,14,14,9,11,0,0,0,0,-1,
0,1,58,0.0280561,0,4,0,0.0280561,0,4,7,0.0280561,0,4,8,0.0300601,0,4,9,0.0280561,0,4,42,0.0280561,0,4,43,0.0280561,0,5,0,0.0280561,0,5,1,0.0300601,0,5,2,0.0300601,0,5,3,0.0280561,0,5,14,0.0280561,0,5,15,0.0280561,1,1,0,0.0280561,1,1,1,0.0280561,1,1,49,0.0300601,1,2,21,0.0280561,1,2,28,0.0280561,1,2,49,0.0280561,1,3,35,0.0280561,1,6,0,0.0280561,1,6,1,0.0300601,2,2,0,0.0280561,2,3,0,0.0280561,2,4,0,0.0280561,2,7,58,0.0300601,2,7,59,0.0300601,2,7,60,0.0300601,2,7,61,0.0280561,4,4,0,0.0280561,4,4,7,0.0300601,6,1,7,0.0280561,6,1,21,0.0280561,6,1,35,0.0280561,6,1,49,0.0280561,
b7b5
BLACK
3,1,14,14,14,2,1,3,0,14,14,5,14,14,10,0,14,14,4,14,14,0,14,14,14,14,0,8,0,14,14,14,14,8,14,14,14,14,14,14,9,14,14,8,8,8,14,2,8,14,14,14,10,13,8,8,14,14,11,12,14,14,9,11,0,0,0,0,41,
0,1,58,0.0280561,0,5,7,0.0300601,0,5,49,0.0300601,0,5,50,0.0300601,0,6,57,0.0300601,0,6,59,0.0300601,1,0,0,0.0300601,1,0,1,0.0300601,1,3,0,0.0300601,1,3,14,0.0280561,1,3,21,0.0280561,1,3,28,0.0300601,1,3,35,0.0300601,1,3,42,0.0280561,1,7,0,0.0280561,1,7,1,0.0280561,2,2,7,0.0300601,2,2,14,0.0300601,2,2,15,0.0280561,2,2,28,0.0300601,2,2,29,0.0300601,2,2,35,0.0280561,2,2,42,0.0300601,2,2,43,0.0300601,2,2,49,0.0280561,2,2,50,0.0300601,2,5,0,0.0280561,3,2,0,0.0300601,3,2,49,0.0300601,3,4,0,0.0300601,5,7,35,0.0280561,5,7,36,0.0300601,5,7,37,0.0300601,5,7,49,0.0300601,
c3a3
WHITE
3,1,14,14,4,3,14,14,0,0,5,2,14,14,14,0,10,14,0,0,0,14,14,1,14,14,14,14,14,14,0,14,14,14,14,8,0,8,14,14,14,14,8,14,14,14,14,12,8,2,14,14,13,14,14,8,11,9,10,14,14,14,9,11,0,0,0,0,-1,
0,1,58,0.0280561,0,4,0,0.0300601,0,4,7,0.0300601,0,4,8,0.0300601,0,4,9,0.0280561,0,4,42,0.0300601,0,4,43,0.0300601,0,5,0,0.0280561,0,5,1,0.0300601,0,5,2,0.0300601,0,5,3,0.0300601,0,5,14,0.0300601,0,5,15,0.0300601,1,1,0,0.0280561,1,1,1,0.0280561,1,1,49,0.0300601,1,2,21,0.0300601,1,2,28,0.0300601,1,2,49,0.0300601,1,3,35,0.0300601,2,2,0,0.0280561,2,3,0,0.0300601,2,4,0,0.0300601,2,7,58,0.0300601,2,7,59,0.0300601,2,7,60,0.0300601,2,7,61,0.0280561,3,6,0,0.0300601,3,6,49,0.0280561,4,4,0,0.0300601,6,1,7,0.0280561,6,1,21,0.0300601,6,1,35,0.0280561,6,1,49,0.0280561,
c8c5
BLACK
3,1,14,14,14,2,1,3,0,14,14,5,14,14,10,0,4,14,14,14,14,0,14,14,14,14,0,8,0,14,14,14,14,8,11,14,14,14,14,14,9,14,14,8,8,8,14,2,8,14,14,14,10,13,8,8,14,14,14,12,14,14,9,11,0,0,0,0,-1,
0,1,57,0.0320641,0,5,7,0.0320641,0,5,49,0.0320641,0,5,50,0.0300601,0,6,57,0.0320641,0,6,59,0.0300601,1,3,0,0.0320641,1,3,14,0.0300601,1,3,21,0.0300601,1,3,28,0.0300601,1,3,35,0.0320641,1,3,42,0.0300601,1,7,0,0.0300601,1,7,1,0.0300601,2,0,0,0.0320642,2,0,1,0.0320641,2,0,2,0.0320641,2,0,7,0.0300601,2,0,8,0.0320641,2,0,14,0.0320641,2,0,15,0.0320641,2,0,16,0.0320641,2,0,17,0.0300601,2,0,21,0.0320641,2,0,22,0.0300601,2,5,0,0.0300601,3,2,49,0.0320641,3,4,0,0.0320642,5,7,35,0.0300601,5,7,36,0.0320641,5,7,37,0.0320641,5,7,49,0.0320642,
d2c2
WHITE
3,1,14,14,4,14,14,14,0,0,5,2,14,14,14,0,10,14,0,0,0,14,14,1,14,14,14,14,14,3,0,14,14,14,14,8,0,8,14,14,14,14,8,14,14,14,14,12,8,2,14,14,14,13,14,8,11,9,10,14,14,14,9,11,0,0,0,0,-1,
0,1,58,0.0260521,0,4,0,0.0260521,0,4,7,0.0260521,0,4,8,0.0260521,0,4,9,0.0240481,0,4,14,0.0260521,0,4,15,0.0260521,0,4,16,0.0260521,0,4,42,0.0260521,0,4,43,0.0260521,1,1,0,0.0240481,1,1,1,0.0260521,1,1,49,0.0260521,1,2,21,0.0260521,1,2,28,0.0260522,1,2,49,0.0260521,1,3,35,0.0260521,2,2,0,0.0260522,2,3,0,0.0260521,2,4,0,0.0260521,2,7,58,0.0260521,2,7,60,0.0260521,2,7,61,0.0240481,3,5,0,0.0240481,3,5,28,0.0260521,3,5,29,0.0260521,3,5,30,0.0260521,3,5,42,0.0260521,3,5,43,0.0260521,3,5,44,0.024048,3,5,45,0.0260521,3,5,46,0.0260521,3,6,0,0.0260521,3,6,49,0.0240481,4,4,0,0.0260521,6,1,7,0.0240481,6,1,21,0.0260521,6,1,35,0.0260521,6,1,49,0.0240481,
a6c7
BLACK
3,1,14,14,14,2,1,3,0,14,5,14,14,14,10,0,4,14,14,14,14,0,14,14,14,14,0,8,0,14,14,14,14,8,11,14,14,14,14,14,14,14,14,8,8,8,14,2,8,14,9,14,10,13,8,8,14,14,14,12,14,14,9,11,0,0,0,0,-1,
0,1,56,0.0300601,0,1,57,0.0280561,0,5,7,0.0280561,0,5,49,0.0280561,0,5,50,0.0280561,0,6,57,0.0280561,0,6,59,0.0280561,1,2,7,0.0300601,1,2,14,0.0280561,1,2,21,0.0280561,1,2,28,0.0280561,1,2,42,0.0300601,1,2,49,0.0280561,1,7,0,0.0280561,1,7,1,0.0280561,2,0,0,0.0280561,2,0,1,0.0300601,2,0,2,0.0300601,2,0,3,0.0280561,2,0,7,0.0280561,2,0,8,0.0280561,2,0,14,0.0280561,2,0,15,0.0300601,2,0,16,0.0280561,2,0,17,0.0280561,2,0,21,0.0300601,2,0,22,0.0280561,2,5,0,0.0280561,3,4,0,0.0300601,5,7,35,0.0280561,5,7,36,0.0300601,5,7,37,0.0280561,5,7,38,0.0280561,5,7,39,0.0280561,5,7,49,0.0280561,
f1g2 (capture)
WHITE
3,1,14,14,4,14,14,14,0,0,5,2,14,1,14,0,10,14,0,0,0,14,14,14,14,14,14,14,14,3,0,14,14,14,14,8,0,8,14,14,14,14,8,14,14,14,14,12,8,10,14,14,14,13,14,8,11,9,14,14,14,14,9,11,0,0,0,0,-1,
0,1,58,0.0300601,0,4,0,0.0300601,0,4,14,0.0320641,0,4,15,0.0320641,0,4,16,0.0320641,0,4,42,0.0300601,0,4,43,0.0300601,1,1,0,0.0300601,1,1,1,0.0300601,1,1,49,0.0320642,1,2,21,0.0300601,1,2,28,0.0300601,1,2,49,0.0300601,1,3,35,0.0300601,1,5,56,0.0300601,1,5,58,0.0300601,1,5,60,0.0300601,1,5,63,0.0300601,1,7,0,0.0300601,1,7,1,0.0300601,2,2,0,0.0300601,2,3,0,0.0300601,2,4,0,0.0300601,3,5,0,0.0300601,3,5,28,0.0300601,3,5,42,0.0300601,3,5,43,0.0300601,3,5,44,0.0300601,3,5,45,0.0300601,3,5,46,0.0300601,3,6,0,0.0300601,3,6,49,0.0300601,4,4,0,0.0300601,
c5f5
BLACK
3,1,14,14,14,14,1,3,0,14,5,14,14,14,2,0,4,14,14,14,14,0,14,14,14,14,0,8,0,14,14,14,14,8,14,14,14,11,14,14,14,14,14,8,8,8,14,2,8,14,9,14,10,13,8,8,14,14,14,12,14,14,9,11,0,0,0,0,-1,
0,1,56,0.0280561,0,1,57,0.0260521,0,6,57,0.0260521,0,6,59,0.0260521,1,2,7,0.0260521,1,2,14,0.0260521,1,2,21,0.0260521,1,2,28,0.0260521,1,2,42,0.0260521,1,2,49,0.0260521,1,6,7,0.0260521,1,6,35,0.0260521,1,7,0,0.0260521,1,7,1,0.0260521,2,0,0,0.0260522,2,0,1,0.0280561,2,0,2,0.0260521,2,0,3,0.0260521,2,0,7,0.0260521,2,0,8,0.0260521,2,0,9,0.0260521,2,0,14,0.0260521,2,0,15,0.0260521,2,0,16,0.0260521,2,0,17,0.0260521,2,0,21,0.0260521,2,0,22,0.0260521,2,5,0,0.0260521,3,2,0,0.0280561,3,2,49,0.0260521,3,4,0,0.0260521,3,4,7,0.0280561,5,7,35,0.0260521,5,7,36,0.0280561,5,7,37,0.0260521,5,7,38,0.0260521,5,7,39,0.0260521,5,7,49,0.0260521,
g2f1
WHITE
3,1,14,14,4,14,14,14,0,0,5,2,14,1,14,0,10,14,0,0,0,14,14,14,14,14,3,14,14,14,0,14,14,14,14,8,0,8,14,14,14,14,8,14,14,14,14,12,8,14,14,14,14,13,14,8,11,9,10,14,14,14,9,11,0,0,0,0,-1,
0,1,58,0.0300601,0,4,0,0.0300601,0,4,14,0.0320642,0,4,15,0.0320641,0,4,16,0.0320641,0,4,42,0.0320641,0,4,43,0.0300601,1,1,0,0.0300601,1,1,1,0.0300601,1,1,49,0.0320641,1,2,21,0.0320641,1,2,28,0.0320641,1,2,49,0.0320641,1,3,35,0.0320642,1,5,56,0.0320641,1,5,58,0.0300601,1,5,60,0.0320641,1,5,63,0.0320641,1,7,0,0.0300601,1,7,1,0.0300601,2,3,0,0.0320641,2,4,0,0.0320641,3,2,0,0.0320641,3,2,1,0.0320642,3,2,14,0.0320641,3,2,15,0.0300601,3,2,16,0.0300601,3,2,42,0.0320641,3,2,43,0.0300601,3,6,0,0.0300601,3,6,49,0.0300601,4,4,0,0.0320641,
g7g6
BLACK
3,1,14,14,14,2,1,3,0,14,5,14,14,14,14,0,4,14,14,14,14,0,14,14,14,14,0,8,0,14,14,14,14,8,14,14,14,11,14,14,14,14,14,8,8,8,8,2,8,14,9,14,10,13,14,8,14,14,14,12,14,14,9,11,0,0,0,0,-1,
0,1,56,0.0260521,0,1,57,0.0240481,0,5,7,0.0240481,0,5,8,0.0240481,0,5,49,0.0240481,0,5,50,0.0240481,0,6,57,0.0240481,0,6,59,0.0240481,1,2,7,0.0240481,1,2,14,0.0240481,1,2,21,0.0240481,1,2,28,0.0240481,1,2,42,0.0240481,1,2,49,0.0240481,1,7,0,0.0240481,1,7,1,0.0240481,2,0,0,0.0240481,2,0,1,0.0260521,2,0,2,0.0260521,2,0,3,0.0240481,2,0,7,0.0240481,2,0,8,0.0240481,2,0,9,0.0240481,2,0,14,0.0240481,2,0,15,0.0240481,2,0,16,0.0240481,2,0,17,0.0240481,2,0,21,0.0240481,2,0,22,0.0240481,2,5,0,0.0240481,3,2,0,0.0260521,3,2,49,0.0240481,3,4,0,0.0260521,3,4,7,0.0260521,5,7,35,0.0240481,5,7,36,0.0260521,5,7,37,0.0240481,5,7,38,0.024048,5,7,39,0.0240481,5,7,49,0.0240481,5,7,50,0.0240481,
a3d6 (capture)
WHITE
3,1,14,14,4,14,14,14,0,14,5,2,14,1,14,0,10,0,0,0,12,14,14,14,14,14,3,14,14,14,0,14,14,14,14,8,0,8,14,14,14,14,8,14,14,14,14,14,8,14,14,14,14,13,14,8,11,9,10,14,14,14,9,11,0,0,0,0,-1,
0,1,58,0.0340682,0,4,0,0.0340681,0,4,1,0.0340681,0,4,14,0.0360722,0,4,15,0.0360721,0,4,16,0.0360722,0,4,42,0.0340682,0,4,43,0.0340682,1,2,21,0.0340682,1,3,7,0.0340682,1,3,35,0.0340682,1,5,56,0.0340682,1,5,58,0.0340681,1,5,60,0.0340681,1,5,63,0.0360721,1,7,0,0.0340682,1,7,1,0.0340681,2,1,0,0.0340681,2,3,0,0.0340681,3,2,0,0.0360722,3,2,1,0.0360721,3,2,14,0.0340681,3,2,15,0.0340681,3,2,16,0.0340681,3,2,42,0.0340681,3,2,43,0.0340681,3,6,0,0.0340681,3,6,49,0.0340681,4,4,0,0.0340682,
d8b8
BLACK
3,1,14,14,14,2,1,3,0,14,5,14,14,14,14,0,14,14,14,14,14,0,14,14,14,14,0,8,0,14,14,14,14,8,14,14,14,11,14,14,14,14,14,4,8,8,8,2,8,14,9,14,10,13,14,8,14,12,14,14,14,14,9,11,0,0,0,0,-1,
0,1,56,0.0220441,0,1,57,0.0220441,0,1,58,0.02004,0,5,7,0.0220441,0,5,8,0.0200401,0,5,49,0.0220441,0,5,50,0.0200401,0,6,57,0.0220441,0,6,59,0.02004,1,0,0,0.0220441,1,0,1,0.0220441,1,2,7,0.0220441,1,2,14,0.02004,1,2,21,0.0220441,1,2,28,0.0220441,1,2,42,0.0220441,1,2,49,0.0200401,1,7,0,0.0200401,1,7,1,0.0200401,2,5,0,0.02004,3,2,0,0.0220441,3,2,49,0.0220441,3,4,0,0.0220441,3,4,7,0.0220441,5,3,0,0.02004,5,3,1,0.0220441,5,3,7,0.0220441,5,3,14,0.0220441,5,3,21,0.0220441,5,3,22,0.0220441,5,3,23,0.02004,5,3,28,0.0220441,5,3,29,0.0220441,5,3,35,0.02004,5,3,36,0.0220441,5,3,37,0.0220441,5,3,42,0.0200401,5,3,43,0.0220441,5,3,44,0.0200401,5,3,49,0.0220441,5,7,35,0.02004,5,7,36,0.0220441,5,7,37,0.0220441,5,7,38,0.02004,5,7,39,0.02004,5,7,49,0.0220441,5,7,50,0.0200401,
d6c7 (capture)
WHITE
3,1,14,14,14,14,4,14,0,14,5,2,14,12,14,0,10,0,0,0,14,14,14,14,14,14,3,14,14,14,0,14,14,14,14,8,0,8,14,14,14,14,8,14,14,14,14,14,8,14,14,14,14,13,14,8,11,9,10,14,14,14,9,11,0,0,0,0,-1,
0,1,58,0.0432647,0,6,0,0.0432647,0,6,1,0.0432647,0,6,14,0.035594,0,6,42,0.0432647,0,6,43,0.0432647,0,6,44,0.0432647,0,6,45,0.035594,0,6,49,0.0432647,1,2,21,0.0432647,1,7,0,0.0432647,1,7,1,0.0432647,2,1,0,0.0432647,2,3,0,0.0432647,3,2,0,0.0432647,3,2,1,0.0432647,3,2,14,0.0432647,3,2,15,0.0432647,3,2,16,0.035594,3,2,42,0.0432647,3,2,43,0.035594,3,6,0,0.0432647,3,6,49,0.035594,4,4,0,0.0432647,
f5e5
BLACK
3,1,14,14,14,2,1,3,0,14,5,14,14,14,14,0,14,14,14,14,14,0,14,14,14,14,0,8,0,14,14,14,14,8,14,14,11,14,14,14,14,14,14,14,8,8,8,2,8,14,4,14,10,13,14,8,14,12,14,14,14,14,9,11,0,0,0,0,-1,
0,1,56,0.0246729,0,1,57,0.0246729,0,1,58,0.0246729,0,5,7,0.0246729,0,5,8,0.0174207,0,5,49,0.0246729,0,5,50,0.0246729,0,6,57,0.0246729,0,6,59,0.0246729,1,0,0,0.0246729,1,0,1,0.0246729,1,2,7,0.0246729,1,2,14,0.0246729,1,2,21,0.0246729,1,2,28,0.0246729,1,2,42,0.0246729,1,2,49,0.0246729,1,7,0,0.0246729,1,7,1,0.0246729,2,5,0,0.0174206,3,2,0,0.0246729,3,2,49,0.0246729,5,7,35,0.0246729,5,7,36,0.0246729,5,7,37,0.0246729,5,7,38,0.0174206,5,7,39,0.0246729,5,7,49,0.0246729,5,7,50,0.0246729,6,2,0,0.0174207,6,2,7,0.0246729,6,2,14,0.0246729,6,2,15,0.0246729,6,2,21,0.0246729,6,2,22,0.0246729,6,2,28,0.0246729,6,2,29,0.0246729,6,2,35,0.0246729,6,2,36,0.0246729,6,2,42,0.0246729,6,2,43,0.0246729,6,2,49,0.0174207,
c7b7
WHITE
3,1,14,14,14,14,4,14,0,14,5,2,14,14,12,0,10,0,0,0,14,14,14,14,14,14,14,3,14,14,0,14,14,14,14,8,0,8,14,14,14,14,8,14,14,14,14,14,8,14,14,14,14,13,14,8,11,9,10,14,14,14,9,11,0,0,0,0,-1,
0,1,58,0.0380629,0,6,0,0.0458475,0,6,14,0.0380629,0,6,42,0.0458475,0,6,43,0.0458475,0,6,44,0.0458475,0,6,45,0.0380629,0,6,49,0.0380629,0,6,50,0.0458475,1,2,21,0.0458475,1,7,0,0.0458475,1,7,1,0.0380629,2,1,0,0.0458475,2,2,0,0.0380629,3,3,0,0.0458475,3,3,14,0.0458475,3,3,15,0.0458475,3,3,42,0.0458475,3,3,43,0.0458475,3,3,44,0.0458475,3,6,0,0.0458475,3,6,49,0.0380629,4,4,0,0.0458475,
b8d8
BLACK
3,1,14,14,14,2,1,3,0,14,5,14,14,14,14,0,14,14,14,14,14,0,14,14,14,14,0,8,0,14,14,14,14,8,14,14,11,14,14,14,14,14,14,14,8,8,8,2,8,4,14,14,10,13,14,8,14,14,14,12,14,14,9,11,0,0,0,0,-1,
0,1,56,0.0315608,0,1,57,0.0229139,0,1,58,0.022914,0,5,7,0.0229139,0,5,8,0.022914,0,5,49,0.0229139,0,5,50,0.022914,0,6,57,0.0229139,0,6,59,0.0229139,1,0,0,0.0315608,1,0,1,0.0315608,1,2,7,0.0229139,1,2,14,0.0229139,1,2,21,0.0229139,1,2,28,0.022914,1,2,42,0.0229139,1,2,49,0.022914,1,7,0,0.0229139,1,7,1,0.022914,2,5,0,0.022914,3,2,0,0.0315608,3,2,49,0.0229139,5,7,35,0.022914,5,7,36,0.0315608,5,7,37,0.0229139,5,7,38,0.0229139,5,7,39,0.022914,5,7,49,0.0229139,5,7,50,0.0229139,6,1,0,0.0229139,6,1,7,0.022914,6,1,14,0.0229139,6,1,15,0.0229139,6,1,16,0.022914,6,1,21,0.0315608,6,1,22,0.0229139,6,1,28,0.0229139,6,1,29,0.0315608,6,1,35,0.0229139,6,1,42,0.0229139,6,1,49,0.0229139,
g1e2
WHITE
3,1,14,14,4,14,14,14,0,14,5,2,14,14,12,0,10,0,0,0,14,14,14,14,14,14,14,3,14,14,0,14,14,14,14,8,0,8,14,14,14,14,8,14,14,14,14,14,8,14,14,9,14,13,14,8,11,14,10,14,14,14,9,11,0,0,0,0,-1,
0,1,58,0.0368478,0,4,0,0.0368478,0,4,1,0.0368478,0,4,2,0.0368478,0,4,7,0.0368478,0,4,8,0.0368478,0,4,9,0.0368478,0,4,14,0.0452394,0,4,15,0.0452394,0,4,16,0.0452394,0,4,42,0.0368478,0,4,43,0.0368478,1,2,21,0.0368478,1,7,0,0.0368477,1,7,1,0.0368478,2,1,0,0.0368477,2,2,0,0.0368478,3,3,0,0.0368478,3,3,14,0.0452394,3,3,15,0.0368477,3,3,42,0.0452394,3,3,43,0.0368478,3,3,44,0.0368478,3,6,0,0.0368478,3,6,49,0.0368478,4,4,0,0.0368478,
f6f5
BLACK
3,1,14,14,14,2,14,3,0,14,5,14,1,14,14,0,14,14,14,14,14,0,14,14,14,14,0,8,0,14,14,14,14,8,14,14,11,8,14,14,14,14,14,14,8,14,8,2,8,4,14,14,10,13,14,8,14,14,14,12,14,14,9,11,0,0,0,0,-1,
0,1,56,0.0303502,0,1,57,0.0214293,0,1,58,0.0214292,0,5,7,0.0214293,0,5,8,0.0214292,0,7,42,0.0214293,1,0,0,0.0303502,1,0,1,0.0214293,1,2,7,0.0214292,1,2,14,0.0214292,1,2,21,0.0214293,1,2,28,0.0214293,1,2,42,0.0214293,1,2,49,0.0214293,1,4,56,0.0214292,1,4,57,0.0214293,1,4,58,0.0214292,1,4,59,0.0214292,1,4,60,0.0214292,1,4,63,0.0214292,1,7,0,0.0214293,1,7,1,0.0214292,2,5,0,0.0214292,3,2,0,0.0303502,3,2,49,0.0214293,3,4,7,0.0214292,5,7,35,0.0214293,5,7,36,0.0303502,5,7,37,0.0214293,5,7,38,0.0214292,5,7,39,0.0214293,5,7,49,0.0214292,5,7,50,0.0214292,6,1,0,0.0214293,6,1,7,0.0214292,6,1,14,0.0214292,6,1,15,0.0214293,6,1,16,0.0214292,6,1,21,0.0214293,6,1,22,0.0214292,6,1,28,0.0214292,6,1,29,0.0214293,6,1,35,0.0214292,6,1,42,0.0214292,6,1,49,0.0214292,
e2g3
WHITE
3,1,14,14,4,14,14,14,0,14,5,2,14,14,12,0,10,0,14,0,14,14,14,14,14,14,0,3,14,14,0,14,14,14,14,8,0,8,14,14,14,9,8,14,14,14,14,14,8,14,14,14,14,13,14,8,11,14,10,14,14,14,9,11,0,0,0,0,-1,
0,1,57,0.0368478,0,1,58,0.0368478,0,4,0,0.0368478,0,4,1,0.0368478,0,4,2,0.0368478,0,4,7,0.0368478,0,4,8,0.0368478,0,4,9,0.0368478,0,4,14,0.0452394,0,4,15,0.0452394,0,4,16,0.0452394,0,4,42,0.0368478,0,4,43,0.0368478,1,2,0,0.0368477,1,2,21,0.0368477,1,7,0,0.0368478,1,7,1,0.0368478,2,1,0,0.0368478,3,2,0,0.0452394,3,2,7,0.0368478,3,3,0,0.0368478,3,3,14,0.0452394,3,3,15,0.0368478,3,6,0,0.0368477,3,6,49,0.0368478,4,4,0,0.0368478,
f5f4
BLACK
3,1,14,14,14,2,14,3,0,14,5,14,14,14,14,0,14,14,14,14,14,0,1,14,14,14,0,8,0,8,14,14,14,8,14,14,11,14,14,14,14,14,14,14,8,14,8,2,8,4,14,14,10,13,14,8,14,14,14,12,14,14,9,11,0,0,0,0,-1,
0,1,56,0.0271679,0,1,57,0.0271678,0,1,58,0.0271679,0,5,7,0.0271679,0,5,8,0.0197246,0,5,49,0.0271679,0,5,50,0.0271679,0,7,42,0.0271679,1,0,0,0.0271679,1,0,1,0.0271679,1,2,7,0.0271679,1,2,14,0.0271679,1,2,21,0.0271679,1,2,28,0.0271678,1,2,42,0.0271679,1,2,49,0.0271679,1,7,0,0.0271679,1,7,1,0.0197245,2,6,57,0.0271679,2,6,58,0.0197245,2,6,60,0.0271678,3,2,0,0.0271679,3,2,49,0.0271679,5,7,35,0.0271678,5,7,36,0.0271679,5,7,49,0.0271679,5,7,50,0.0197246,6,1,0,0.0271679,6,1,7,0.0197245,6,1,14,0.0271679,6,1,15,0.0271679,6,1,16,0.0271679,6,1,21,0.0271679,6,1,22,0.0197245,6,1,28,0.0197246,6,1,29,0.0271679,6,1,35,0.0271678,6,1,42,0.0271679,6,1,49,0.0197245,
b7e7 (capture)
WHITE
3,1,14,14,4,14,14,14,0,14,5,12,14,14,14,0,10,0,14,0,14,14,14,14,14,14,14,3,14,14,0,14,14,14,0,8,0,8,14,14,14,9,8,14,14,14,14,14,8,14,14,14,14,13,14,8,11,14,10,14,14,14,9,11,0,0,0,0,-1,
0,1,56,0.338693,0,4,49,0.330653,1,2,14,0.330653,
f7e7 (capture)
BLACK
3,1,14,14,14,2,14,3,0,14,5,14,14,14,14,0,14,14,14,14,14,0,1,14,14,14,0,8,0,8,14,14,14,8,14,14,11,14,14,14,14,14,14,14,8,14,8,2,8,14,14,14,13,14,14,8,14,14,14,12,14,14,9,11,0,0,0,0,-1,
0,1,56,0.0411908,0,1,57,0.03318,0,1,58,0.0331799,0,5,7,0.0331799,0,5,8,0.0331799,0,5,49,0.0411908,0,5,50,0.0331799,0,7,42,0.0411908,1,0,0,0.0411908,1,0,1,0.0411908,1,2,7,0.0411908,1,2,14,0.0331799,1,2,21,0.0411908,1,2,28,0.0331799,1,2,42,0.0411908,1,2,49,0.0331799,1,7,0,0.03318,1,7,1,0.0331799,2,6,57,0.0411908,2,6,58,0.0331799,2,6,60,0.0331799,3,2,0,0.0411908,3,2,49,0.0411909,5,7,35,0.0331799,5,7,36,0.0411908,5,7,49,0.0411909,5,7,50,0.0331799,
c2b3
WHITE
3,1,14,14,4,14,14,14,0,14,14,5,14,14,14,0,10,0,14,0,14,14,14,14,14,14,14,3,14,14,0,14,14,14,0,8,0,8,14,14,14,9,8,14,14,14,13,14,8,14,14,14,14,14,14,8,11,14,10,14,14,14,9,11,0,0,0,0,-1,
0,1,57,0.0314235,0,1,58,0.0314235,0,4,0,0.0314235,0,4,1,0.0314236,0,4,2,0.0314235,0,4,7,0.0314235,0,4,8,0.0314235,0,4,9,0.0314234,0,4,14,0.0314235,0,4,15,0.0400471,0,4,16,0.0400471,0,4,42,0.0314235,0,4,43,0.0314236,1,3,7,0.0314235,1,3,14,0.0314236,1,3,28,0.0314235,1,3,42,0.0314235,1,3,49,0.0314235,1,7,0,0.0314235,1,7,1,0.0314235,2,1,0,0.0314235,3,3,0,0.0314236,3,3,14,0.0400471,3,3,15,0.0314235,3,3,42,0.0314235,3,3,43,0.0314236,3,3,44,0.0314235,3,6,0,0.0314235,3,6,49,0.0314235,4,2,49,0.0314235,4,4,0,0.0314235,
e5f5
BLACK
3,1,14,14,14,2,14,3,0,14,14,14,14,14,14,0,14,5,14,14,14,0,1,14,14,14,0,8,0,8,14,14,14,8,14,14,14,11,14,14,14,14,14,14,8,14,8,2,8,14,14,14,13,14,14,8,14,14,14,12,14,14,9,11,0,0,0,0,-1,
0,1,56,0.0411908,0,1,57,0.03318,0,1,58,0.0331799,0,5,7,0.0331799,0,5,8,0.0331799,0,5,49,0.0411908,0,5,50,0.0331799,0,7,42,0.0411908,1,0,0,0.0411908,1,0,1,0.0411908,1,7,0,0.03318,1,7,1,0.0331799,2,1,0,0.0411908,2,1,21,0.0331799,2,1,28,0.0331799,2,1,42,0.0331799,2,6,57,0.0411908,2,6,58,0.0331799,2,6,60,0.0331799,3,2,0,0.0411908,3,2,49,0.0411909,3,4,0,0.0411908,3,4,7,0.0411908,5,7,35,0.0331799,5,7,36,0.0411908,5,7,49,0.0411909,5,7,50,0.0331799,
b1a3
WHITE
3,1,14,14,4,14,14,14,0,14,14,5,14,14,14,0,10,0,14,0,14,14,14,14,14,14,3,14,14,14,0,14,14,14,0,8,0,8,14,14,14,9,8,14,14,14,13,9,8,14,14,14,14,14,14,8,11,14,10,14,14,14,14,11,0,0,0,0,-1,
0,1,57,0.0319008,0,1,58,0.0242075,0,4,0,0.0319008,0,4,1,0.0242074,0,4,2,0.0319008,0,4,7,0.0319008,0,4,8,0.0319008,0,4,9,0.0242075,0,4,14,0.0319008,0,4,15,0.0319008,0,4,16,0.0319008,0,4,42,0.0319008,0,4,43,0.0319008,1,3,7,0.0319008,1,3,14,0.0242074,1,3,28,0.0319008,1,3,42,0.0319008,1,3,49,0.0319008,1,7,0,0.0242075,1,7,1,0.0242074,2,1,0,0.0319008,2,3,0,0.0319008,3,2,14,0.0319008,3,2,15,0.0242074,3,2,16,0.0242075,3,2,28,0.0319008,3,2,29,0.0319008,3,2,30,0.0319008,3,2,42,0.0319008,3,2,43,0.0242074,3,6,0,0.0242075,3,6,49,0.0242074,4,2,49,0.0319008,4,4,0,0.0319008,
b5b4
BLACK
3,14,14,14,14,2,14,3,0,14,14,14,14,14,14,0,1,5,14,14,14,0,1,14,14,8,0,8,0,8,14,14,14,14,14,14,14,11,14,14,14,14,14,14,8,14,8,2,8,14,14,14,13,14,14,8,14,14,14,12,14,14,9,11,0,0,0,0,-1,
0,0,14,0.0294913,0,0,15,0.0370671,0,0,16,0.0370671,0,0,17,0.0370671,0,5,7,0.0370671,0,5,8,0.0294913,0,5,49,0.0370671,0,5,50,0.0370671,0,7,42,0.0370671,1,7,0,0.0370671,1,7,1,0.0294913,2,0,57,0.0370671,2,0,62,0.0370671,2,0,63,0.0370671,2,1,0,0.0370671,2,1,21,0.0370671,2,1,28,0.0370671,2,1,49,0.0370671,2,6,57,0.0370671,2,6,58,0.0294913,2,6,60,0.0370671,3,2,0,0.0370671,3,4,0,0.0370671,3,4,7,0.0370671,5,7,35,0.0370671,5,7,36,0.0370671,5,7,49,0.0370671,5,7,50,0.0294913,
a1e1
WHITE
3,1,14,14,4,14,14,14,0,14,14,5,14,14,14,0,10,0,14,0,14,14,14,14,14,14,3,14,14,14,14,14,14,14,0,8,0,8,0,14,14,9,8,14,14,14,13,9,8,14,14,14,14,14,14,8,11,14,10,11,14,14,14,14,0,0,0,0,-1,
0,1,57,0.0264129,0,1,58,0.0264129,0,4,0,0.0264129,0,4,1,0.0264129,0,4,2,0.0264129,0,4,7,0.0264129,0,4,8,0.0348072,0,4,9,0.0264129,0,4,14,0.0348072,0,4,15,0.0348072,0,4,16,0.0348072,0,4,42,0.0264129,0,4,43,0.0264129,1,3,7,0.0264129,1,3,14,0.0264129,1,3,28,0.0264129,1,3,42,0.0264129,1,3,49,0.0264129,1,7,0,0.0264129,1,7,1,0.0264128,2,1,0,0.0264129,2,3,0,0.0264129,3,2,14,0.0264129,3,2,15,0.0264129,3,2,16,0.0264129,3,2,17,0.0264129,3,2,18,0.0264129,3,2,28,0.0348072,3,2,29,0.0348072,3,2,30,0.0348072,3,2,42,0.0264129,3,2,43,0.0264129,4,2,49,0.0348072,4,4,0,0.0348072,4,6,7,0.0264129,
d8d7
BLACK
14,14,14,14,3,2,14,3,0,14,14,14,14,14,14,0,1,5,14,14,14,0,1,14,14,8,0,8,0,8,14,14,14,14,14,14,14,11,14,14,14,14,14,14,8,14,8,2,8,14,14,12,13,14,14,8,14,14,14,14,14,14,9,11,0,0,0,0,-1,
0,4,0,0.0327425,0,4,1,0.0327425,0,4,42,0.0327426,0,4,43,0.0327426,0,4,44,0.0327426,0,4,45,0.0327426,0,5,7,0.0327426,0,5,8,0.0327426,0,5,49,0.0327426,0,5,50,0.0327426,0,7,42,0.0327426,1,7,0,0.0327426,1,7,1,0.0327425,2,0,57,0.0411535,2,0,62,0.0327425,2,0,63,0.0327426,2,1,0,0.0327426,2,1,21,0.0327426,2,1,28,0.0327426,2,6,57,0.0327426,2,6,58,0.0327425,2,6,60,0.0327426,3,2,0,0.0411535,3,4,0,0.0411535,3,4,7,0.0411535,5,7,35,0.0327426,5,7,36,0.0411535,5,7,49,0.0411535,5,7,50,0.0327426,
g3f5 (capture)
WHITE
3,1,14,14,14,14,14,14,0,14,14,5,4,14,14,0,10,0,14,0,14,14,14,14,14,14,9,14,14,14,14,14,14,14,0,8,0,8,0,14,14,14,8,14,14,14,13,9,8,14,14,14,14,14,14,8,11,14,10,11,14,14,14,14,0,0,0,0,-1,
1,3,21,0.165315,1,3,28,0.165315,1,3,42,0.165315,1,3,49,0.165315,2,1,7,0.165315,2,3,49,0.173427,
e7d8
BLACK
14,14,14,14,3,2,14,3,0,14,14,14,14,14,14,0,1,5,14,14,14,0,14,14,14,8,0,8,0,8,14,14,14,14,14,14,14,1,14,14,14,14,14,14,8,14,8,2,8,14,14,12,14,14,14,8,14,14,14,13,14,14,9,11,0,0,0,0,-1,
0,4,0,0.0265984,0,4,1,0.0265984,0,4,42,0.0344327,0,4,43,0.0265984,0,4,44,0.0344327,0,4,45,0.0344327,0,5,7,0.0344326,0,5,8,0.0265984,0,5,49,0.0344327,0,5,50,0.0265985,0,7,42,0.0344327,1,7,0,0.0265984,1,7,1,0.0265984,2,0,57,0.0344327,2,0,62,0.0344327,2,0,63,0.0344326,2,1,0,0.0344327,2,1,21,0.0344326,2,1,28,0.0344326,3,2,0,0.0344327,3,4,0,0.0344327,4,5,57,0.0265984,4,5,58,0.0344327,4,5,59,0.0344327,4,5,60,0.0344327,4,5,61,0.0265984,4,5,62,0.0265984,4,5,63,0.0265984,5,7,35,0.0265984,5,7,36,0.0344327,5,7,49,0.0344327,5,7,50,0.0265984,
e1c1
WHITE
3,1,14,14,5,14,14,14,0,14,14,14,4,14,14,0,10,0,14,0,14,14,14,14,14,14,9,14,14,14,14,14,14,14,0,8,0,8,0,14,14,14,8,14,14,14,13,9,8,14,14,14,14,14,14,8,11,14,10,14,14,11,14,14,0,0,0,0,-1,
0,1,56,0.0452394,0,1,57,0.0368478,0,1,58,0.0368478,0,4,7,0.0368477,0,4,14,0.0452394,0,4,42,0.0368478,1,4,0,0.0368478,1,4,1,0.0368478,1,4,7,0.0368478,1,4,8,0.0368477,1,4,9,0.0368478,1,4,14,0.0452394,1,4,15,0.0368478,1,4,21,0.0452394,1,4,35,0.0368478,1,4,42,0.0452394,1,4,43,0.0368478,1,4,44,0.0368478,1,7,0,0.0368477,1,7,1,0.0368478