3,1,2,4,5,2,1,3,0,0,0,0,0,0,0,0,14,14,14,14,14,14,14,14,14,14,14,14,14,14,14,14,14,14,14,14,14,14,14,14,14,14,14,14,14,14,14,14,8,8,8,8,8,8,8,8,11,9,10,12,13,10,9,11,1,1,1,1,-1,
0,1,57,0.0501002,0,1,58,0.0501002,0,6,57,0.0501002,0,6,58,0.0501002,1,0,0,0.0501002,1,0,1,0.0501002,1,1,0,0.0501002,1,1,1,0.0501002,1,2,0,0.0501002,1,2,1,0.0501002,1,3,0,0.0501002,1,3,1,0.0480961,1,4,0,0.0501002,1,4,1,0.0501002,1,5,0,0.0501002,1,5,1,0.0501002,1,6,0,0.0501002,1,6,1,0.0501002,1,7,0,0.0501002,1,7,1,0.0501002,
d2d4
WHITE
3,1,2,5,4,2,1,3,0,0,0,0,0,0,0,0,14,14,14,14,14,14,14,14,14,14,14,14,14,14,14,14,14,14,14,14,8,14,14,14,14,14,14,14,14,14,14,14,8,8,8,8,14,8,8,8,11,9,10,13,12,10,9,11,1,1,1,1,44,
0,1,57,0.0501002,0,1,58,0.0501002,0,6,57,0.0501002,0,6,58,0.0501002,1,0,0,0.0501002,1,0,1,0.0501002,1,1,0,0.0501002,1,1,1,0.0501002,1,2,0,0.0501002,1,2,1,0.0501002,1,3,0,0.0501002,1,3,1,0.0480961,1,4,0,0.0501002,1,4,1,0.0501002,1,5,0,0.0501002,1,5,1,0.0501002,1,6,0,0.0501002,1,6,1,0.0501002,1,7,0,0.0501002,1,7,1,0.0501002,
b8a6
BLACK
3,1,2,4,5,2,1,3,0,0,0,14,0,0,0,0,14,14,14,14,14,14,14,14,14,14,14,0,14,14,14,14,14,14,14,14,14,14,14,14,9,14,14,14,14,14,14,14,8,8,8,8,8,8,8,8,11,14,10,12,13,10,9,11,1,1,1,1,-1,
0,1,56,0.0340681,0,1,57,0.0360721,0,1,58,0.0340681,0,2,7,0.0360721,0,2,8,0.0360721,0,2,9,0.0360721,0,2,10,0.0360722,0,2,11,0.0360722,0,3,0,0.0360721,0,3,1,0.0360721,0,4,49,0.0360722,0,6,57,0.0360721,0,6,58,0.0360721,1,0,0,0.0360721,1,0,1,0.0360722,1,1,0,0.0360722,1,1,1,0.0360721,1,2,0,0.0360722,1,2,1,0.0340682,1,4,0,0.0340681,1,4,1,0.0360721,1,5,0,0.0360721,1,5,1,0.0360721,1,6,0,0.0340681,1,6,1,0.0360721,1,7,0,0.0360722,1,7,1,0.0360721,3,3,0,0.0360721,
c1g5
WHITE
3,1,2,5,4,2,14,3,0,0,0,0,0,0,0,0,14,14,14,14,14,14,14,1,14,10,14,14,14,14,14,14,14,14,14,14,8,14,14,14,14,14,14,14,14,14,14,14,8,8,8,8,14,8,8,8,11,9,10,13,12,14,9,11,1,1,1,1,-1,
0,1,57,0.0521042,0,1,58,0.0521042,0,7,42,0.0521042,1,0,0,0.0541082,1,0,1,0.0541082,1,1,0,0.0541082,1,2,0,0.0521042,1,2,1,0.0521042,1,3,0,0.0521042,1,3,1,0.0521042,1,4,0,0.0521042,1,4,1,0.0521042,1,5,0,0.0521042,1,5,1,0.0541082,1,6,0,0.0521042,1,6,1,0.0521042,2,7,58,0.0541082,2,7,59,0.0521042,2,7,61,0.0521042,
d7d6
BLACK
3,1,14,4,5,2,1,3,0,0,0,14,0,0,0,0,14,14,14,14,14,14,14,14,14,14,14,0,14,14,14,14,14,14,14,14,14,14,2,14,9,14,14,8,14,14,14,14,8,8,8,14,8,8,8,8,11,14,10,12,13,10,9,11,1,1,1,1,-1,
0,1,56,0.0300601,0,1,57,0.0300601,0,1,58,0.0300601,0,3,0,0.0320641,0,3,1,0.0320641,0,3,42,0.0300601,0,4,49,0.0320641,0,6,57,0.0320641,0,6,58,0.0320642,1,0,0,0.0320641,1,0,1,0.0320641,1,1,0,0.0320641,1,1,1,0.0320641,1,2,0,0.0300601,1,2,1,0.0300601,1,4,0,0.0300601,1,4,1,0.0300601,1,5,0,0.0320641,1,5,1,0.0320641,1,6,0,0.0300601,1,6,1,0.0300601,1,7,0,0.0320641,1,7,1,0.0320642,3,3,0,0.0320641,4,6,7,0.0320641,4,6,21,0.0320641,4,6,35,0.0300601,4,6,36,0.0320641,4,6,37,0.0320641,4,6,38,0.0300601,4,6,49,0.0300601,4,6,50,0.0320642,
e1d2
WHITE
3,1,2,5,4,2,14,3,0,0,0,0,14,0,0,0,14,14,14,14,0,14,14,1,14,10,14,14,14,14,14,14,14,14,14,14,8,14,14,14,14,14,14,14,14,14,14,14,8,8,8,8,13,8,8,8,11,9,10,14,12,14,9,11,1,1,0,0,-1,
0,1,57,0.0400801,0,1,58,0.0400802,0,3,7,0.0400801,0,4,0,0.0400802,0,5,49,0.0400802,0,5,50,0.0400802,0,5,51,0.0400802,0,5,52,0.0400802,0,5,53,0.0380762,0,7,42,0.0400802,1,0,0,0.0400802,1,0,1,0.0400802,1,1,0,0.0400801,1,2,0,0.0400802,1,2,1,0.0400801,1,3,0,0.0400802,1,3,1,0.0400801,1,5,0,0.0400801,1,5,1,0.0400802,1,6,0,0.0400802,1,6,1,0.0400801,2,4,0,0.0400801,2,7,58,0.0400802,2,7,59,0.0400802,2,7,61,0.0400802,
c8f5
BLACK
3,1,14,4,14,2,1,3,0,0,0,5,0,0,0,0,14,14,14,14,14,14,14,14,14,14,14,0,14,14,14,14,14,14,14,14,14,10,2,14,9,14,14,8,14,14,14,14,8,8,8,14,8,8,8,8,11,14,14,12,13,10,9,11,0,0,1,1,-1,
0,1,57,0.0320641,0,1,58,0.0320641,0,3,14,0.0320641,0,3,42,0.0320641,0,6,57,0.0320641,0,6,58,0.0320641,1,0,0,0.0320641,1,0,1,0.0320641,1,1,0,0.0320641,1,1,1,0.0320641,1,2,0,0.0320641,1,2,1,0.0320641,1,3,7,0.0340681,1,3,21,0.0320641,1,3,35,0.0320641,1,3,49,0.0320641,1,4,0,0.0320641,1,4,1,0.0320641,1,5,0,0.0320641,1,5,1,0.0340681,1,6,0,0.0320641,1,6,1,0.0320641,1,7,0,0.0320641,1,7,1,0.0320641,3,3,0,0.0320641,4,6,7,0.0340681,4,6,21,0.0320641,4,6,35,0.0320641,4,6,36,0.0320641,4,6,49,0.0320641,4,6,50,0.0320641,
a2a3
WHITE
3,1,2,5,4,14,14,3,0,0,0,0,14,0,0,0,14,14,14,14,0,14,14,1,14,10,2,14,14,14,14,14,14,14,14,14,8,14,14,14,14,14,14,14,14,14,14,8,8,8,8,8,13,8,8,14,11,9,10,14,12,14,9,11,1,1,0,0,-1,
0,1,57,0.0320641,0,1,58,0.0320641,0,3,7,0.0320641,0,4,0,0.0340681,0,4,14,0.0320641,0,4,15,0.0340681,0,7,42,0.0320641,0,7,43,0.0320641,1,0,0,0.0320641,1,0,1,0.0320641,1,1,0,0.0320641,1,2,0,0.0320641,1,3,0,0.0320641,1,3,1,0.0320641,1,5,0,0.0320641,1,5,1,0.0340681,1,6,0,0.0320641,1,6,1,0.0320641,2,4,0,0.0320641,2,7,58,0.0320641,2,7,59,0.0320641,2,7,61,0.0320641,3,2,7,0.0320641,3,2,8,0.0320641,3,2,9,0.0320641,3,2,21,0.0320641,3,2,22,0.0320641,3,2,23,0.0320641,3,2,35,0.0320641,3,2,49,0.0320641,3,2,50,0.0320641,
a8c8
BLACK
3,1,14,4,14,2,1,3,14,0,0,5,0,0,0,0,0,14,14,14,14,14,14,14,14,14,14,0,14,14,14,14,14,14,14,14,14,10,2,14,9,14,14,8,14,14,14,14,8,8,8,14,8,8,8,8,14,14,11,12,13,10,9,11,0,0,1,0,-1,
0,0,0,0.0340682,0,1,57,0.0320641,0,3,14,0.0340681,0,3,42,0.0320641,0,6,57,0.0340681,0,6,58,0.0340681,1,1,0,0.0340681,1,1,1,0.0340681,1,2,0,0.0320641,1,2,1,0.0320641,1,3,7,0.0340681,1,3,21,0.0340681,1,3,35,0.0340682,1,3,49,0.0340681,1,4,0,0.0320641,1,4,1,0.0320641,1,5,0,0.0340681,1,5,1,0.0340681,1,6,0,0.0320641,1,6,1,0.0320641,1,7,0,0.0340681,1,7,1,0.0340681,2,0,0,0.0320641,3,3,0,0.0340681,4,6,7,0.0340681,4,6,21,0.0340682,4,6,35,0.0320641,4,6,36,0.0340681,4,6,49,0.0320641,4,6,50,0.0340681,
d1e1
WHITE
3,1,2,5,4,3,14,14,0,0,0,0,14,0,0,0,14,14,14,14,0,14,14,1,14,10,2,14,14,14,14,14,14,14,14,14,8,14,14,14,14,14,14,14,14,14,14,8,8,8,8,8,13,8,8,14,11,9,10,12,14,14,9,11,1,0,0,0,-1,
0,1,57,0.0360722,0,1,58,0.0340682,0,3,7,0.0360721,0,4,0,0.0360721,0,5,14,0.0360722,0,5,15,0.0360721,1,0,0,0.0360721,1,0,1,0.0360722,1,1,0,0.0360722,1,2,0,0.0360722,1,3,0,0.0340681,1,3,1,0.0340681,1,5,0,0.0360722,1,5,1,0.0360721,1,6,0,0.0340681,1,6,1,0.0360721,2,4,0,0.0360721,2,7,58,0.0360721,2,7,59,0.0360721,2,7,61,0.0360721,3,2,7,0.0360722,3,2,8,0.0360721,3,2,9,0.0340681,3,2,21,0.0360721,3,2,22,0.0360721,3,2,35,0.0360721,3,2,49,0.0360721,3,2,50,0.0360721,
f5d3
BLACK
3,1,14,14,4,2,1,3,14,0,0,5,0,0,0,0,0,14,14,10,14,14,14,14,14,14,14,0,14,14,14,14,14,14,14,14,14,14,2,14,9,14,14,8,14,14,14,14,8,8,8,14,8,8,8,8,14,14,11,12,13,10,9,11,0,0,1,0,-1,
0,0,0,0.0300601,0,1,57,0.0300601,0,4,42,0.0300601,0,4,43,0.0300601,0,6,57,0.0300601,0,6,58,0.0300601,1,1,0,0.0300601,1,1,1,0.0300601,1,2,0,0.0300601,1,2,1,0.0300601,1,2,7,0.0300601,1,3,0,0.0300601,1,3,7,0.0320641,1,3,28,0.0300601,1,3,35,0.0320642,1,3,49,0.0300601,1,4,0,0.0300601,1,4,1,0.0300601,1,4,49,0.0300601,1,5,0,0.0300601,1,5,1,0.0320641,1,6,0,0.0300601,1,6,1,0.0300601,1,7,0,0.0300601,1,7,1,0.0300601,2,0,0,0.0300601,3,3,0,0.0300601,4,6,7,0.0320641,4,6,21,0.0300601,4,6,35,0.0300601,4,6,36,0.0300601,4,6,49,0.0300601,4,6,50,0.0300601,
e1c1
WHITE
3,1,2,5,4,3,14,14,0,0,0,0,14,0,0,0,14,14,14,14,0,14,14,1,14,10,14,14,14,14,14,14,14,14,14,14,8,14,14,14,14,14,14,14,2,14,14,8,8,8,8,8,13,8,8,14,11,9,10,14,14,12,9,11,1,0,0,0,-1,
0,1,57,0.0360721,0,1,58,0.0340681,0,3,7,0.0360722,0,4,0,0.0360721,0,5,14,0.0360721,0,5,15,0.0360721,1,0,0,0.0360721,1,0,1,0.0360722,1,1,0,0.0360722,1,2,0,0.0360721,1,2,1,0.0360721,1,3,0,0.0340681,1,3,1,0.0340681,1,5,0,0.0360721,1,5,1,0.0360721,1,6,0,0.0340681,1,6,1,0.0360721,2,4,0,0.0360721,2,7,58,0.0360722,2,7,59,0.0360722,2,7,61,0.0360722,5,4,7,0.0360722,5,4,21,0.0360721,5,4,22,0.0360721,5,4,35,0.0360721,5,4,36,0.0360721,5,4,37,0.0360721,5,4,49,0.0340682,
e7e6
BLACK
3,1,4,14,14,2,1,3,14,0,0,5,0,0,0,0,0,14,14,10,14,14,14,14,14,14,14,0,14,14,14,14,14,14,14,14,14,14,2,14,9,14,14,8,8,14,14,14,8,8,8,14,14,8,8,8,14,14,11,12,13,10,9,11,0,0,1,0,-1,
0,0,0,0.0300601,0,1,57,0.0280561,0,2,14,0.0300601,0,2,15,0.0300601,0,6,57,0.0300601,0,6,58,0.0300601,1,1,0,0.0300601,1,1,1,0.0300601,1,2,0,0.0280561,1,2,1,0.0280561,1,2,7,0.0300601,1,3,0,0.0280561,1,3,7,0.0300601,1,3,21,0.0300601,1,3,28,0.0280561,1,3,49,0.0300601,1,4,0,0.0280561,1,4,1,0.0300601,1,4,49,0.0300601,1,5,0,0.0300601,1,5,1,0.0300601,1,6,0,0.0280561,1,6,1,0.0280561,1,7,0,0.0300601,1,7,1,0.0300601,2,0,0,0.0280561,3,3,0,0.0300601,4,6,7,0.0300601,4,6,21,0.0300601,4,6,35,0.0280561,4,6,36,0.0300601,4,6,49,0.0280561,4,6,50,0.0300601,4,6,51,0.0300601,
g5f6
WHITE
3,1,2,5,4,3,14,14,0,0,0,14,14,0,0,0,14,14,10,0,0,14,14,1,14,14,14,14,14,14,14,14,14,14,14,14,8,14,14,14,14,14,14,14,2,14,14,8,8,8,8,8,13,8,8,14,11,9,10,14,14,12,9,11,1,0,0,0,-1,
0,1,56,0.0320641,0,1,57,0.0320641,0,1,58,0.0320641,0,2,7,0.0320641,0,3,7,0.0320641,0,4,0,0.0320641,0,4,49,0.0320641,0,4,50,0.0320641,0,5,14,0.0320641,0,5,15,0.0340681,1,0,0,0.0320641,1,0,1,0.0320641,1,1,0,0.0320641,1,1,1,0.0320641,1,1,7,0.0320641,1,5,0,0.0320641,1,5,1,0.0340681,1,6,0,0.0320641,1,6,1,0.0320641,2,3,0,0.0320641,2,4,0,0.0320641,2,7,58,0.0320641,2,7,59,0.0320641,2,7,61,0.0320641,5,4,7,0.0320641,5,4,21,0.0320641,5,4,22,0.0320641,5,4,35,0.0320641,5,4,36,0.0320641,5,4,37,0.0340681,5,4,49,0.0320641,
b7b5
BLACK
3,1,4,14,14,2,1,3,14,0,0,5,0,0,0,0,0,14,14,10,14,14,14,14,14,14,14,0,14,14,14,14,14,8,14,14,14,14,14,14,9,14,14,8,8,2,14,14,8,14,8,14,14,8,8,8,14,14,11,12,13,10,9,11,0,0,1,0,41,
0,0,0,0.0300601,0,1,57,0.0300601,0,2,14,0.0300601,0,2,15,0.0300601,0,6,57,0.0300601,0,6,58,0.0300601,1,1,0,0.0300601,1,1,1,0.0300601,1,2,0,0.0300601,1,2,1,0.0300601,1,2,7,0.0300601,1,3,0,0.0300601,1,3,7,0.0320641,1,3,21,0.0320641,1,3,28,0.0300601,1,3,49,0.0300601,1,4,0,0.0300601,1,4,1,0.0300601,1,4,49,0.0300601,1,5,0,0.0300601,1,5,1,0.0320641,1,6,0,0.0300601,1,6,1,0.0300601,1,7,0,0.0300601,1,7,1,0.0300601,2,0,0,0.0300601,3,3,0,0.0300601,5,5,7,0.0300601,5,5,21,0.0300601,5,5,22,0.0320642,5,5,35,0.0300601,5,5,49,0.0300601,5,5,50,0.0300601,
f6d8 (capture)
WHITE
3,1,2,5,10,3,14,14,0,0,0,14,14,0,14,0,14,14,14,0,0,14,14,1,14,14,14,14,14,14,0,14,14,14,14,14,8,14,14,14,14,14,14,14,2,14,14,8,8,8,8,8,13,8,8,14,11,9,10,14,14,12,9,11,1,0,0,0,-1,
0,1,56,0.0340681,0,1,57,0.0340681,0,1,58,0.0340681,0,2,7,0.0340681,0,3,7,0.0340682,0,3,14,0.0340682,0,5,14,0.0340681,0,5,15,0.0360722,0,5,42,0.0340681,1,0,0,0.0360721,1,0,1,0.0340681,1,1,0,0.0340681,1,1,1,0.0340681,1,2,0,0.0340682,1,2,1,0.0340682,1,5,0,0.0340682,1,5,1,0.0360721,2,3,0,0.0360722,2,4,0,0.0340682,2,7,58,0.0340682,2,7,59,0.0340681,2,7,61,0.0340681,3,6,0,0.0340682,5,4,7,0.0340681,5,4,21,0.0340682,5,4,35,0.0340681,5,4,36,0.0360721,5,4,37,0.0360722,5,4,49,0.0340681,
c7c5
BLACK
3,1,4,14,14,2,1,3,14,0,0,5,0,0,0,0,0,14,14,10,14,14,14,14,14,14,14,0,14,14,14,14,14,8,8,14,14,14,14,14,9,14,14,8,8,14,14,14,8,14,14,14,14,8,8,8,14,14,11,2,13,10,9,11,0,0,1,0,42,
0,0,0,0.0280561,0,1,57,0.0280561,0,2,14,0.0280561,0,2,15,0.0300601,0,6,57,0.0280561,0,6,58,0.0300601,1,1,0,0.0280561,1,1,1,0.0280561,1,2,0,0.0280561,1,2,1,0.0280561,1,2,7,0.0300601,1,3,0,0.0280561,1,3,7,0.0300601,1,3,21,0.0300601,1,3,28,0.0280561,1,3,49,0.0280561,1,4,0,0.0280561,1,4,1,0.0280561,1,4,49,0.0300601,1,5,0,0.0280561,1,5,1,0.0300601,1,6,0,0.0280561,1,6,1,0.0280561,1,7,0,0.0280561,1,7,1,0.0280561,2,0,0,0.0280561,3,3,0,0.0300601,3,3,49,0.0280561,7,3,21,0.0280561,7,3,22,0.0280561,7,3,23,0.0300601,7,3,24,0.0280561,7,3,35,0.0280561,7,3,36,0.0280561,7,3,37,0.0280561,
d4d5
WHITE
3,1,2,5,10,3,14,14,0,0,0,14,14,14,14,0,14,14,14,0,0,14,14,1,14,14,14,14,8,0,0,14,14,14,14,14,14,14,14,14,14,14,14,14,2,14,14,8,8,8,8,8,13,8,8,14,11,9,10,14,14,12,9,11,1,0,0,0,-1,
0,1,56,0.0320641,0,1,57,0.0340682,0,1,58,0.0320641,0,2,7,0.0320641,0,3,7,0.0340681,0,3,14,0.0340681,0,5,0,0.0340681,0,5,1,0.0320641,0,5,14,0.0340681,0,5,15,0.0340681,0,5,42,0.0320641,1,0,0,0.0340681,1,0,1,0.0340682,1,1,0,0.0340681,1,1,1,0.0340681,1,2,0,0.0320641,1,2,1,0.0320641,2,3,0,0.0340681,2,3,7,0.0340681,2,7,58,0.0340681,2,7,60,0.0320641,2,7,61,0.0320641,3,5,0,0.0340681,3,6,0,0.0340681,5,4,7,0.0340681,5,4,21,0.0340681,5,4,35,0.0320641,5,4,36,0.0340682,5,4,37,0.0340681,5,4,49,0.0320641,
d3c2 (capture)
BLACK
3,1,4,14,14,2,1,3,14,0,10,5,0,0,0,0,0,14,14,14,14,14,14,14,14,14,14,14,14,14,14,14,14,8,8,0,14,14,14,14,9,14,14,8,8,14,14,14,8,14,14,14,14,8,8,8,14,14,11,2,13,10,9,11,0,0,1,0,-1,
0,0,0,0.0340681,0,1,57,0.0320641,0,2,0,0.0340681,0,2,14,0.0320641,0,2,15,0.0340681,0,6,57,0.0340681,0,6,58,0.0340682,1,1,0,0.0340681,1,1,1,0.0340681,1,3,7,0.0340681,1,3,21,0.0340681,1,3,42,0.0320641,1,3,49,0.0340682,1,4,0,0.0320641,1,4,1,0.0340682,1,5,0,0.0340681,1,5,1,0.0340681,1,6,0,0.0320641,1,6,1,0.0320641,1,7,0,0.0340681,1,7,1,0.0340681,2,0,0,0.0320641,4,3,7,0.0340681,7,3,21,0.0340681,7,3,22,0.0320641,7,3,23,0.0340681,7,3,24,0.0320641,7,3,35,0.0320641,7,3,36,0.0340681,7,3,37,0.0320641,
d5e6 (capture)
WHITE
3,1,2,5,10,3,14,14,0,0,0,14,14,14,14,0,14,14,14,8,0,14,14,1,14,14,14,14,14,0,0,14,14,14,14,14,14,14,14,14,14,14,14,14,14,14,14,8,8,8,8,8,13,2,8,14,11,9,10,14,14,12,9,11,1,0,0,0,-1,
0,1,56,0.0320641,0,1,57,0.0320641,0,1,58,0.0320641,0,2,7,0.0320641,0,3,14,0.0320641,0,5,0,0.0340681,0,5,1,0.0320641,0,5,14,0.0320641,0,5,15,0.0340681,0,5,42,0.0320641,1,0,0,0.0340681,1,0,1,0.0320641,1,1,0,0.0320641,1,1,1,0.0320641,1,2,0,0.0320641,1,2,1,0.0320641,1,2,7,0.0320641,2,4,0,0.0320641,2,7,58,0.0320641,2,7,60,0.0320641,2,7,61,0.0320641,3,5,0,0.0320641,3,6,0,0.0320641,6,5,7,0.0320641,6,5,21,0.0320641,6,5,22,0.0320641,6,5,35,0.0320641,6,5,36,0.0320641,6,5,37,0.0320641,6,5,38,0.0320641,6,5,49,0.0320641,
g8f6
BLACK
3,1,4,14,14,2,1,3,14,0,10,5,0,0,0,0,0,14,14,14,14,14,14,14,14,14,14,14,14,14,14,14,14,8,8,14,14,14,14,14,9,14,14,8,0,9,14,14,8,14,14,14,14,8,8,8,14,14,11,2,13,10,14,11,0,0,1,0,-1,
0,0,0,0.0360721,0,1,57,0.0340681,0,2,0,0.0340682,0,2,14,0.0340682,0,2,15,0.0360721,0,6,57,0.0340682,0,6,58,0.0360722,1,1,0,0.0340681,1,1,1,0.0340682,1,3,7,0.0360722,1,3,21,0.0360721,1,3,42,0.0340682,1,3,49,0.0340681,1,4,0,0.0340681,1,4,1,0.0340681,1,5,0,0.0340682,1,5,1,0.0360722,1,6,0,0.0340681,1,6,1,0.0340682,1,7,0,0.0340681,1,7,1,0.0340682,2,0,0,0.0340681,5,4,0,0.0340681,5,4,7,0.0340681,7,3,21,0.0340682,7,3,22,0.0340681,7,3,35,0.0340681,7,3,36,0.0340681,7,3,37,0.0340681,
b2b4
WHITE
3,14,2,5,10,3,14,14,0,0,0,14,14,14,14,0,14,14,1,8,0,14,14,1,14,14,14,14,14,0,0,14,14,14,14,14,14,14,8,14,14,14,14,14,14,14,14,8,8,8,8,8,13,2,14,14,11,9,10,14,14,12,9,11,1,0,0,0,46,
0,0,14,0.0300601,0,2,7,0.0300601,0,3,14,0.0300601,0,5,0,0.0320642,0,5,1,0.0300601,0,5,14,0.0300601,0,5,15,0.0320641,0,5,42,0.0300601,1,0,0,0.0320641,1,0,1,0.0300601,1,1,0,0.0300601,1,1,1,0.0300601,1,2,7,0.0300601,2,2,56,0.0300601,2,2,57,0.0300601,2,2,58,0.0300601,2,2,59,0.0300601,2,2,61,0.0320641,2,2,63,0.0300601,2,4,0,0.0300601,2,7,58,0.0300601,2,7,60,0.0300601,2,7,61,0.0300601,3,5,0,0.0300601,3,5,7,0.0300601,6,5,7,0.0300601,6,5,21,0.0300601,6,5,22,0.0300601,6,5,35,0.0300601,6,5,36,0.0300601,6,5,37,0.0300601,6,5,38,0.0300601,6,5,49,0.0300601,
c8c6
BLACK
3,1,4,14,14,2,1,3,14,14,10,5,0,0,0,0,0,14,14,14,14,14,14,14,14,0,14,14,14,14,14,14,14,8,8,14,14,14,14,14,9,14,11,8,0,9,14,14,8,14,14,14,14,8,8,8,14,14,14,2,13,10,14,11,0,0,1,0,-1,
0,0,0,0.0360721,0,1,57,0.0340681,0,2,0,0.0340681,0,2,14,0.0340681,0,2,15,0.0360721,0,2,49,0.0340681,0,6,57,0.0340682,0,6,58,0.0360722,1,3,7,0.0360722,1,3,21,0.0360721,1,3,42,0.0340682,1,3,49,0.0340681,1,4,0,0.0340681,1,4,1,0.0340681,1,5,0,0.0340681,1,5,1,0.0360722,1,6,0,0.0340681,1,6,1,0.0340682,1,7,0,0.0340682,1,7,1,0.0340682,2,0,0,0.0340681,3,1,7,0.0340682,5,4,0,0.0340681,5,4,7,0.0340682,7,3,21,0.0340682,7,3,22,0.0340681,7,3,35,0.0340681,7,3,36,0.0340682,7,3,37,0.0340681,
d2e1
WHITE
3,14,2,5,10,14,14,14,0,0,0,14,14,14,14,0,14,14,1,8,0,3,14,1,14,14,14,14,14,0,0,14,14,14,14,14,14,14,8,14,14,14,14,14,14,14,14,8,8,8,8,8,14,2,14,14,11,9,10,13,14,12,9,11,1,0,0,0,-1,
0,0,14,0.0320641,0,2,7,0.0320641,0,3,14,0.0320641,1,0,0,0.0340681,1,0,1,0.0320641,1,1,0,0.0320641,1,1,1,0.0320641,1,2,7,0.0320641,2,2,56,0.0320641,2,2,57,0.0320641,2,2,58,0.0320641,2,2,59,0.0320641,2,2,61,0.0340681,2,2,63,0.0320641,2,4,0,0.0320641,2,5,14,0.0320641,2,5,28,0.0340681,2,5,29,0.0320641,2,7,58,0.0320641,2,7,60,0.0320641,2,7,61,0.0320641,3,5,0,0.0320641,3,5,7,0.0320641,6,5,7,0.0320641,6,5,21,0.0320641,6,5,22,0.0320641,6,5,35,0.0320641,6,5,36,0.0320641,6,5,37,0.0320641,6,5,38,0.0320641,6,5,49,0.0320641,
c6c8
BLACK
3,1,4,14,5,2,1,3,14,14,10,14,0,0,0,0,0,14,14,14,14,14,14,14,14,0,14,14,14,14,14,14,14,8,8,14,14,14,14,14,9,14,14,8,0,9,14,14,8,14,14,14,14,8,8,8,14,14,11,2,13,10,14,11,0,0,1,0,-1,
0,0,0,0.0320641,0,1,56,0.0320641,0,1,57,0.0320641,0,2,0,0.0320641,0,2,7,0.0320641,0,2,8,0.0320641,0,2,9,0.0340681,0,2,10,0.0320641,0,2,11,0.0320641,0,2,14,0.0320641,0,2,49,0.0320641,0,4,49,0.0320641,0,6,57,0.0320641,0,6,58,0.0340681,1,4,0,0.0320641,1,4,1,0.0320641,1,5,0,0.0320641,1,5,1,0.0340681,1,6,0,0.0320641,1,6,1,0.0320641,1,7,0,0.0320641,1,7,1,0.0320641,2,0,0,0.0320641,3,1,7,0.0320641,5,4,0,0.0320641,5,4,7,0.0320641,7,3,21,0.0320641,7,3,22,0.0320641,7,3,35,0.0320641,7,3,36,0.0320641,7,3,37,0.0320641,
a3a4
WHITE
3,14,2,5,10,3,14,14,0,0,0,14,14,14,14,0,14,14,1,8,0,14,14,1,14,14,14,14,14,0,0,14,14,14,14,14,14,14,8,8,14,14,14,14,14,14,14,14,8,8,8,8,14,2,14,14,11,9,10,13,14,12,9,11,1,0,0,0,-1,
0,0,14,0.0300601,0,2,7,0.0280561,0,3,14,0.0300601,0,5,0,0.0300601,0,5,1,0.0280561,0,5,14,0.0300601,0,5,15,0.0300601,0,5,42,0.0280561,1,0,0,0.0300601,1,0,1,0.0300601,1,1,0,0.0300601,1,1,1,0.0300601,1,2,7,0.0300601,2,2,56,0.0300601,2,2,57,0.0280561,2,2,58,0.0300601,2,2,59,0.0300601,2,2,61,0.0300601,2,2,63,0.0300601,2,4,0,0.0280561,2,7,58,0.0300601,2,7,60,0.0280561,2,7,61,0.0280561,3,5,0,0.0300601,3,5,7,0.0300601,3,6,7,0.0280561,6,5,7,0.0280561,6,5,21,0.0300601,6,5,22,0.0280561,6,5,35,0.0300601,6,5,36,0.0300601,6,5,37,0.0300601,6,5,38,0.0300601,6,5,49,0.0280561,
g7g6
BLACK
3,1,4,14,5,2,1,3,14,14,10,14,0,0,0,0,14,14,14,14,14,14,14,14,0,0,14,14,14,14,14,14,14,8,8,14,14,14,14,14,9,14,14,8,0,9,8,14,8,14,14,14,14,8,14,8,14,14,11,2,13,10,14,11,0,0,1,0,-1,
0,0,0,0.0300601,0,0,1,0.0300601,0,1,56,0.0280561,0,1,57,0.0280561,0,1,58,0.0280561,0,2,0,0.0280561,0,2,7,0.0280561,0,2,8,0.0280561,0,2,9,0.0300601,0,2,10,0.0280561,0,2,11,0.0280561,0,2,14,0.0280561,0,2,49,0.0280561,0,2,50,0.0300601,0,4,49,0.0280561,0,6,57,0.0300601,0,6,58,0.0300601,1,4,0,0.0280561,1,4,1,0.0280561,1,5,0,0.0280561,1,5,1,0.0300601,1,6,0,0.0280561,1,6,1,0.0280561,1,7,0,0.0280561,1,7,1,0.0300601,3,0,0,0.0280561,3,0,7,0.0280561,3,1,7,0.0300601,5,4,0,0.0280561,5,4,7,0.0280561,7,3,21,0.0280561,7,3,22,0.0280561,7,3,35,0.0280561,7,3,36,0.0280561,7,3,37,0.0280561,
c1d1
WHITE
3,14,2,5,10,3,14,14,0,14,0,14,14,14,14,0,14,0,1,8,0,14,14,1,14,14,14,14,14,0,0,14,14,14,14,14,14,14,8,8,14,14,14,14,14,14,14,14,8,8,8,8,14,2,14,14,11,9,10,13,12,14,9,11,1,0,0,0,-1,
0,0,14,0.0300601,0,2,7,0.0280561,0,2,49,0.0300601,0,2,50,0.0300601,0,3,14,0.0300601,0,5,0,0.0300601,0,5,1,0.0280561,0,5,14,0.0300601,0,5,15,0.0300601,0,5,42,0.0280561,1,0,0,0.0300601,1,0,1,0.0300601,1,2,7,0.0300601,2,1,0,0.0280561,2,2,56,0.0300601,2,2,57,0.0280561,2,2,58,0.0300601,2,2,59,0.0300601,2,2,61,0.0300601,2,2,63,0.0300601,2,4,0,0.0300601,2,7,58,0.0300601,2,7,60,0.0280561,2,7,61,0.0280561,3,5,0,0.0300601,3,5,7,0.0300601,3,6,7,0.0280561,6,5,7,0.0280561,6,5,21,0.0300601,6,5,22,0.0280561,6,5,35,0.0300601,6,5,36,0.0300601,6,5,37,0.0300601,6,5,49,0.0280561,
c8c7
BLACK
3,1,14,4,5,2,1,3,14,14,10,14,0,0,0,0,14,14,14,14,14,14,14,14,0,0,14,14,14,14,14,14,14,8,8,14,14,14,14,14,9,14,14,8,0,9,8,14,8,14,11,14,14,8,14,8,14,14,14,2,13,10,14,11,0,0,1,0,-1,
0,0,0,0.0320641,0,0,1,0.0340681,0,1,56,0.0320641,0,1,57,0.0320641,0,1,58,0.0320641,0,3,0,0.0320641,0,3,1,0.0320641,0,3,2,0.0320641,0,3,3,0.0320641,0,3,4,0.0320641,0,3,42,0.0320641,0,3,49,0.0320641,0,4,49,0.0320641,0,6,57,0.0320641,0,6,58,0.0340681,1,4,0,0.0320641,1,4,1,0.0320641,1,5,0,0.0320641,1,5,1,0.0340681,1,6,0,0.0320641,1,6,1,0.0320641,1,7,0,0.0320641,1,7,1,0.0320641,3,0,0,0.0320641,3,0,7,0.0320641,3,1,7,0.0320641,5,4,0,0.0320641,5,4,7,0.0320641,7,3,21,0.0320641,7,3,22,0.0320641,7,3,35,0.0320641,
d1d6 (capture)
WHITE
3,14,2,5,10,14,14,14,0,14,0,14,14,3,14,0,14,0,1,8,12,14,14,1,14,14,14,14,14,0,0,14,14,14,14,14,14,14,8,8,14,14,14,14,14,14,14,14,8,8,8,8,14,2,14,14,11,9,10,13,14,14,9,11,1,0,0,0,-1,
0,0,14,0.0320641,0,2,7,0.0300601,0,2,8,0.0300601,0,2,49,0.0300601,0,2,50,0.0320641,1,0,0,0.0320642,1,0,1,0.0320641,1,2,7,0.0320641,1,5,0,0.0320641,1,5,14,0.0300601,1,5,28,0.0320641,1,5,42,0.0300601,1,5,43,0.0320641,2,1,0,0.0300601,2,2,56,0.0320641,2,2,57,0.0300601,2,2,58,0.0320641,2,2,59,0.0320641,2,2,61,0.0320641,2,2,63,0.0300601,2,7,58,0.0320641,2,7,61,0.0300601,3,5,0,0.0320642,3,5,7,0.0320641,3,6,7,0.0300601,6,5,7,0.0300601,6,5,21,0.0320641,6,5,22,0.0300601,6,5,35,0.0320641,6,5,36,0.0320641,6,5,37,0.0320642,6,5,49,0.0300601,
c5c4
BLACK
3,1,14,14,5,2,1,3,14,14,10,14,0,0,0,0,14,14,14,14,14,14,14,14,0,0,8,14,14,14,14,14,14,8,14,14,14,14,14,14,9,14,14,4,0,9,8,14,8,14,11,14,14,8,14,8,14,14,14,2,13,10,14,11,0,0,1,0,-1,
0,0,0,0.0260521,0,0,1,0.0260521,0,1,56,0.0240481,0,1,57,0.0260521,0,1,58,0.0240481,0,4,49,0.0260521,0,6,57,0.0260521,0,6,58,0.0260521,1,4,0,0.0240481,1,4,1,0.0260521,1,5,0,0.0260521,1,5,1,0.0260521,1,6,0,0.0240481,1,6,1,0.0260521,1,7,0,0.0260521,1,7,1,0.0260521,3,0,0,0.0260521,3,0,7,0.0260521,5,3,0,0.0260521,5,3,7,0.0240481,5,3,8,0.0240481,5,3,21,0.0260522,5,3,22,0.024048,5,3,23,0.0260521,5,3,28,0.0260521,5,3,29,0.0260521,5,3,30,0.0260521,5,3,31,0.0260521,5,3,32,0.0260522,5,3,35,0.0260521,5,3,42,0.0260521,5,3,43,0.0260521,5,3,44,0.0260521,5,3,49,0.0260521,5,4,0,0.0260521,5,4,7,0.0260521,7,3,21,0.0260521,7,3,22,0.0260521,7,3,35,0.0240481,
d6b6
WHITE
3,14,2,5,10,14,14,14,0,14,0,14,14,3,14,0,14,0,1,8,14,14,12,1,14,14,14,14,14,14,0,14,14,14,14,14,14,0,8,8,14,14,14,14,14,14,14,14,8,8,8,8,14,2,14,14,11,9,10,13,14,14,9,11,1,0,0,0,-1,
0,0,14,0.0280561,0,2,7,0.0260521,0,2,8,0.0260521,0,2,9,0.0280561,0,2,10,0.0280561,0,2,49,0.0260521,0,2,50,0.0280561,0,3,14,0.0280561,1,0,0,0.0280561,1,0,1,0.0280561,1,2,7,0.0280561,1,5,0,0.0260521,1,5,1,0.0280561,1,5,14,0.0260521,1,5,28,0.0280561,1,5,42,0.0260521,1,5,43,0.0280561,1,7,49,0.0260521,2,1,0,0.0260521,2,2,56,0.0280561,2,2,57,0.0260521,2,2,58,0.0260521,2,2,59,0.0280561,2,2,61,0.0280561,2,2,63,0.0260521,2,7,58,0.0280561,2,7,59,0.0260521,2,7,61,0.0260521,3,6,7,0.0260521,4,5,0,0.0260521,6,5,7,0.0260521,6,5,21,0.0280561,6,5,22,0.0260521,6,5,35,0.0280561,6,5,36,0.0260521,6,5,37,0.0280561,6,5,49,0.0260521,
f6h5
BLACK
3,1,14,14,5,2,1,3,14,14,10,14,0,0,0,0,14,14,14,14,14,14,14,14,0,0,8,14,14,14,14,14,14,8,14,14,14,14,14,9,9,4,14,14,0,14,8,14,8,14,11,14,14,8,14,8,14,14,14,2,13,10,14,11,0,0,1,0,-1,
0,0,0,0.0280561,0,0,1,0.0280561,0,1,56,0.0260521,0,1,57,0.0260521,0,1,58,0.0260521,0,4,49,0.0280561,0,6,57,0.0280561,0,6,58,0.0280561,1,4,0,0.0260521,1,4,1,0.0260521,1,5,0,0.0280561,1,5,1,0.0280561,1,6,0,0.0260521,1,6,1,0.0260521,1,7,0,0.0280561,1,7,1,0.0280561,3,0,0,0.0260521,3,0,7,0.0260521,5,1,0,0.0280561,5,1,1,0.0260521,5,1,7,0.0260521,5,1,14,0.0280561,5,1,15,0.0280561,5,1,21,0.0260521,5,1,22,0.0280561,5,1,23,0.0280561,5,1,28,0.0260521,5,1,35,0.0280561,5,1,42,0.0260521,5,1,49,0.0280561,5,4,0,0.0260521,5,4,7,0.0260521,7,3,21,0.0280561,7,3,22,0.0260521,7,3,23,0.0280561,7,3,24,0.0260521,7,3,35,0.0260521,
b6d6
WHITE
3,14,2,5,10,14,14,14,0,14,0,14,14,3,14,0,14,0,14,8,12,14,14,1,1,14,14,14,14,14,0,14,14,14,14,14,14,0,8,8,14,14,14,14,14,14,14,14,8,8,8,8,14,2,14,14,11,9,10,13,14,14,9,11,1,0,0,0,-1,
0,0,14,0.0320641,0,2,7,0.0320641,0,2,8,0.0300601,0,2,49,0.0320641,0,2,50,0.0320641,1,0,0,0.0320641,1,2,0,0.0300602,1,2,1,0.0300601,1,2,7,0.0320641,1,5,0,0.0300601,1,5,1,0.0300601,1,5,14,0.0300601,1,5,28,0.0300601,1,5,42,0.0300601,1,5,43,0.0320641,2,1,0,0.0300601,2,7,58,0.0320641,2,7,59,0.0300601,2,7,61,0.0320641,3,0,56,0.0320641,3,0,57,0.0320641,3,0,62,0.0320641,3,0,63,0.0320641,3,6,7,0.0320641,4,5,0,0.0320641,6,5,7,0.0300601,6,5,21,0.0320641,6,5,22,0.0300601,6,5,35,0.0320641,6,5,36,0.0320641,6,5,37,0.0320641,6,5,49,0.0300601,
a6b4 (capture)
BLACK
3,1,14,14,5,2,1,3,14,14,10,14,0,0,0,0,14,14,14,14,14,14,14,14,0,9,8,14,14,14,14,14,14,8,14,14,14,14,14,9,14,14,14,4,0,14,8,14,8,14,11,14,14,8,14,8,14,14,14,2,13,10,14,11,0,0,1,0,-1,
0,0,0,0.0240481,0,0,1,0.0240481,0,1,56,0.0220441,0,1,57,0.0240481,0,1,58,0.0240481,0,4,49,0.0240481,0,6,57,0.0240481,0,6,58,0.0240481,1,4,0,0.0240481,1,4,1,0.0240481,1,5,0,0.0240481,1,5,1,0.0240481,1,6,0,0.0220441,1,6,1,0.0240481,1,7,0,0.0240481,1,7,1,0.0240481,3,0,0,0.0240481,3,0,7,0.0240481,5,3,0,0.0240481,5,3,7,0.0220441,5,3,8,0.0240481,5,3,21,0.0240481,5,3,22,0.0240481,5,3,23,0.0240481,5,3,28,0.0240481,5,3,29,0.0240481,5,3,30,0.0240481,5,3,31,0.0240481,5,3,32,0.0240481,5,3,35,0.0240481,5,3,36,0.0240481,5,3,42,0.0240481,5,3,43,0.0240481,5,3,44,0.0240481,5,3,49,0.0240481,5,4,0,0.0240481,5,4,7,0.0240481,7,3,21,0.0240481,7,3,22,0.0240481,7,3,23,0.0240481,7,3,24,0.0220441,7,3,35,0.0220441,
e2e4
WHITE
3,14,2,5,10,14,14,14,0,14,0,14,14,3,14,0,14,0,14,8,12,14,14,14,1,14,14,14,14,14,0,14,14,14,14,8,14,0,1,8,14,14,14,14,14,14,14,14,8,8,8,14,14,2,14,14,11,9,10,13,14,14,9,11,1,0,0,0,43,
0,0,14,0.0280561,0,2,7,0.0280561,0,2,8,0.0280561,0,2,49,0.0280561,0,2,50,0.0300601,1,0,0,0.0300601,1,2,0,0.0280561,1,2,1,0.0280561,1,2,7,0.0300601,1,5,0,0.0280561,1,5,1,0.0300601,1,5,14,0.0280561,1,5,28,0.0300601,1,5,42,0.0280561,1,5,43,0.0300601,1,7,0,0.0280561,1,7,1,0.0280561,2,1,0,0.0280561,3,0,56,0.0300601,3,0,57,0.0280561,3,0,62,0.0280561,3,0,63,0.0280561,3,6,7,0.0280561,4,5,0,0.0280561,4,6,57,0.0280561,4,6,59,0.0280561,4,6,60,0.0300601,4,6,61,0.0280561,4,6,62,0.0300601,6,5,7,0.0280561,6,5,21,0.0280561,6,5,22,0.0280561,6,5,35,0.0280561,6,5,36,0.0280561,6,5,49,0.0280561,
h5g3
BLACK
3,1,14,14,5,2,1,3,14,14,10,14,14,0,0,0,14,14,14,14,14,14,9,14,0,9,8,14,0,14,14,14,14,8,14,14,14,14,14,14,14,14,14,4,0,14,8,14,8,14,11,14,14,8,14,8,14,14,14,2,13,10,14,11,0,0,1,0,-1,
0,0,0,0.0220441,0,0,1,0.0220441,0,1,56,0.0220441,0,1,57,0.0220441,0,1,58,0.0220441,0,4,49,0.0220441,0,5,49,0.0220441,0,5,50,0.0220441,0,5,51,0.0220441,0,6,57,0.0220441,0,6,58,0.0220441,0,6,59,0.0220441,1,5,0,0.0220441,1,5,1,0.0240481,1,5,7,0.0220441,1,7,0,0.0220441,1,7,1,0.0220441,1,7,49,0.0220441,3,0,0,0.0220441,3,0,7,0.0220441,3,4,0,0.0220441,5,3,0,0.0220441,5,3,7,0.0220441,5,3,8,0.0220441,5,3,21,0.0220441,5,3,22,0.0220441,5,3,23,0.0220441,5,3,28,0.0220441,5,3,29,0.0220441,5,3,30,0.0220441,5,3,31,0.0240481,5,3,32,0.0220441,5,3,35,0.0220441,5,3,36,0.0220441,5,3,42,0.0220441,5,3,43,0.0240481,5,3,44,0.0220441,5,3,49,0.0220441,5,4,0,0.0220441,5,4,7,0.0220441,7,3,21,0.0220441,7,3,22,0.0220441,7,3,23,0.0240481,7,3,24,0.0220441,7,3,35,0.0220441,
h2g3 (capture)
WHITE
3,14,2,5,10,14,14,14,0,14,0,14,14,3,14,0,14,0,14,8,12,14,14,14,14,14,14,14,14,14,0,14,14,14,14,8,14,0,1,8,14,8,14,14,14,14,14,14,14,8,8,14,14,2,14,14,11,9,10,13,14,14,9,11,1,0,0,0,-1,
0,0,14,0.0320641,0,2,7,0.0300601,0,2,8,0.0300601,0,2,49,0.0300601,0,2,50,0.0320641,1,0,0,0.0320641,1,0,1,0.0320641,1,2,0,0.0300601,1,2,1,0.0300601,1,2,7,0.0320642,1,5,0,0.0320641,1,5,1,0.0320642,1,5,14,0.0300601,1,5,28,0.0320641,1,5,42,0.0320641,1,5,43,0.0320641,1,7,0,0.0320642,1,7,1,0.0320641,2,1,0,0.0300601,3,6,7,0.0300601,4,5,0,0.0320641,4,6,57,0.0300601,4,6,59,0.0320641,4,6,60,0.0320641,4,6,61,0.0300601,4,6,62,0.0320641,6,5,7,0.0300601,6,5,21,0.0320641,6,5,22,0.0300601,6,5,35,0.0320641,6,5,36,0.0320641,6,5,49,0.0300601,
c7c8
BLACK
3,1,14,14,5,2,1,3,14,14,10,14,14,0,0,14,14,14,14,14,14,14,0,14,0,9,8,14,0,14,14,14,14,8,14,14,14,14,14,14,14,14,14,4,0,14,8,14,8,14,14,14,14,8,14,8,14,14,11,2,13,10,14,11,0,0,1,0,-1,
0,0,0,0.0200401,0,0,1,0.0200401,0,1,56,0.0180361,0,1,57,0.0200401,0,1,58,0.0180361,0,4,0,0.0200401,0,4,49,0.0200401,0,5,49,0.0200401,0,5,50,0.0180361,0,5,51,0.0200401,0,6,57,0.0200401,0,6,58,0.0200401,0,6,59,0.0180361,0,7,0,0.0200401,0,7,1,0.0180361,0,7,2,0.0200401,0,7,3,0.0200401,0,7,4,0.0180361,0,7,5,0.0180361,1,5,0,0.02004,1,5,1,0.0200401,2,6,0,0.0200401,3,0,0,0.02004,3,0,7,0.0180361,3,4,0,0.0180361,5,3,0,0.0360721,5,3,7,0.0180361,5,3,8,0.0180361,5,3,21,0.02004,5,3,22,0.0180361,5,3,28,0.0180361,5,3,29,0.0200401,5,3,30,0.0200401,5,3,31,0.0200401,5,3,32,0.0180361,5,3,35,0.0200401,5,3,36,0.0200401,5,3,42,0.0200401,5,3,43,0.0200401,5,3,44,0.0200401,5,3,49,0.0200401,5,3,50,0.0200401,5,4,0,0.0180361,5,4,7,0.02004,7,3,21,0.0200401,7,3,22,0.0180361,7,3,23,0.0200401,7,3,24,0.0180361,7,3,35,0.0180361,7,3,36,0.0200401,7,3,37,0.0180361,
d6d2
WHITE
3,14,2,5,10,3,14,14,0,14,0,14,14,14,14,0,14,0,14,8,14,14,14,14,14,14,14,14,14,14,0,14,14,14,14,8,14,0,1,8,14,8,14,14,14,14,14,14,14,8,8,14,12,2,14,14,11,9,10,13,14,14,9,11,1,0,0,0,-1,
0,0,14,0.0292585,0,2,7,0.0292584,0,2,8,0.0292584,0,2,9,0.0292585,0,2,49,0.0292584,0,2,50,0.0378762,0,5,0,0.0292585,0,5,1,0.0292585,0,5,2,0.0292585,0,5,14,0.0292584,0,5,15,0.0378762,0,5,42,0.0292585,1,0,0,0.0292585,1,0,1,0.0292585,1,2,0,0.0292584,1,2,1,0.0292584,1,2,7,0.0292584,1,7,0,0.0292585,1,7,1,0.0292585,2,1,0,0.0292585,3,6,7,0.0292584,4,5,0,0.0292584,4,6,57,0.0292584,4,6,59,0.0292585,4,6,60,0.0378762,4,6,61,0.0292584,4,6,62,0.0378762,6,5,7,0.0292584,6,5,21,0.0292585,6,5,22,0.0292584,6,5,35,0.0292585,6,5,36,0.0292585,6,5,49,0.0292584,
c2a4 (capture)
BLACK
3,1,14,14,5,2,1,3,14,14,14,4,14,0,0,14,14,14,14,14,14,14,0,14,10,9,8,14,0,14,14,14,14,8,14,14,14,14,14,14,14,14,14,14,0,14,8,14,8,14,14,14,14,8,14,8,14,14,11,2,13,10,14,11,0,0,1,0,-1,
0,0,0,0.014253,0,0,1,0.0142529,0,0,2,0.0142529,0,1,57,0.014253,0,1,58,0.014253,0,4,0,0.0208677,0,5,49,0.0208677,0,5,50,0.0142529,0,5,51,0.014253,0,6,57,0.014253,0,6,58,0.014253,0,6,59,0.014253,0,7,0,0.0208677,0,7,1,0.014253,0,7,2,0.014253,0,7,3,0.014253,0,7,4,0.014253,0,7,5,0.014253,1,3,0,0.0142529,1,3,1,0.014253,1,3,2,0.0208677,1,3,3,0.014253,1,3,4,0.277193,1,3,7,0.0208677,1,3,8,0.0208678,1,3,9,0.014253,1,3,10,0.014253,1,3,14,0.014253,1,3,28,0.014253,1,3,35,0.014253,1,3,42,0.014253,1,3,43,0.014253,1,3,44,0.014253,1,3,49,0.014253,1,3,50,0.0142529,1,5,0,0.014253,1,5,1,0.0208677,2,6,0,0.014253,3,4,0,0.014253,5,4,0,0.014253,5,4,7,0.014253,7,3,21,0.014253,7,3,22,0.014253,7,3,23,0.0208677,7,3,24,0.014253,7,3,35,0.014253,7,3,36,0.014253,7,3,37,0.014253,
h1h5
WHITE
3,14,2,5,10,3,14,14,0,14,0,14,14,14,14,0,14,0,14,8,14,14,14,14,11,14,14,14,14,14,0,14,14,14,14,8,14,0,1,2,14,8,14,14,14,14,14,14,14,8,8,14,12,14,14,14,14,9,10,13,14,14,9,11,1,0,0,0,-1,
0,0,14,0.0361908,0,2,7,0.0283976,0,2,8,0.0283976,0,2,9,0.0361908,0,2,49,0.0283977,0,2,50,0.0361908,0,5,0,0.0361908,0,5,1,0.0283977,0,5,2,0.0361908,0,5,14,0.0361908,0,5,15,0.0361908,0,5,42,0.0283977,1,0,0,0.0361908,1,2,0,0.0283977,1,2,1,0.0283976,1,2,7,0.0361908,1,7,0,0.0361909,1,7,1,0.0361908,2,1,0,0.0283976,2,1,49,0.0361908,4,5,0,0.0283977,4,6,57,0.0283976,4,6,58,0.0361908,4,6,59,0.0361909,4,6,60,0.0361908,4,6,61,0.0283977,4,6,62,0.0361908,4,7,49,0.0361909,4,7,50,0.0361908,4,7,51,0.0361909,
b4a6
BLACK
3,1,14,14,5,2,1,14,14,14,14,4,14,0,0,14,14,14,14,14,14,14,0,14,10,14,8,14,0,14,14,14,14,8,14,14,14,14,14,3,9,14,14,14,0,14,8,14,8,14,14,14,14,8,14,8,14,14,11,2,13,10,14,11,0,0,1,0,-1,
0,0,0,0.0164029,0,0,1,0.016403,0,0,2,0.0164029,0,1,57,0.016403,0,1,58,0.016403,0,4,0,0.016403,0,5,49,0.016403,0,5,50,0.016403,0,5,51,0.0164029,0,6,57,0.0164029,0,6,58,0.016403,0,6,59,0.0102403,1,3,0,0.016403,1,3,1,0.016403,1,3,2,0.016403,1,3,3,0.016403,1,3,4,0.126566,1,3,7,0.016403,1,3,8,0.016403,1,3,9,0.0102403,1,3,10,0.0164029,1,3,14,0.0164029,1,3,28,0.016403,1,3,35,0.0164029,1,3,42,0.016403,1,3,43,0.016403,1,3,44,0.016403,1,3,49,0.0164029,1,3,50,0.016403,1,3,51,0.0164029,1,5,0,0.0164029,1,5,1,0.0164029,2,6,0,0.016403,3,4,0,0.016403,4,7,0,0.016403,4,7,1,0.016403,4,7,28,0.0164029,4,7,29,0.016403,4,7,30,0.0164029,4,7,31,0.016403,4,7,42,0.0164029,4,7,43,0.016403,4,7,44,0.0164029,4,7,45,0.0164029,4,7,46,0.016403,4,7,47,0.016403,5,4,0,0.016403,5,4,7,0.0164029,7,3,21,0.0164029,7,3,22,0.016403,7,3,23,0.016403,7,3,24,0.016403,7,3,35,0.016403,7,3,36,0.016403,7,3,37,0.016403,
d2a2
WHITE
3,14,2,5,10,3,14,14,0,14,0,14,14,14,14,0,14,0,14,8,14,14,14,1,11,14,14,14,14,14,0,14,14,14,14,8,14,0,14,2,14,8,14,14,14,14,14,14,14,8,8,14,14,14,14,12,14,9,10,13,14,14,9,11,1,0,0,0,-1,
0,0,14,0.0361908,0,2,7,0.0283977,0,2,8,0.0283976,0,2,9,0.0361908,0,2,10,0.0361908,0,2,11,0.0361908,0,2,49,0.0283977,0,2,50,0.0361908,0,3,14,0.0361908,0,5,0,0.0361908,0,5,1,0.0283977,0,5,2,0.0361908,0,5,14,0.0361909,0,5,15,0.0361908,0,5,42,0.0283977,1,0,0,0.0361908,1,2,0,0.0283976,1,2,1,0.0283976,1,2,7,0.0361908,2,1,0,0.0283976,2,1,49,0.0361908,2,7,58,0.0361909,2,7,59,0.0283976,2,7,60,0.0283977,2,7,61,0.0283977,3,6,0,0.0361908,4,5,0,0.0361909,4,7,49,0.0361909,4,7,50,0.0361908,4,7,51,0.0361908,
a4b3
BLACK
3,1,14,14,5,2,1,14,4,14,14,14,14,0,0,14,14,10,14,14,14,14,0,14,14,14,8,14,0,14,14,14,14,8,14,14,14,14,14,3,9,14,14,14,0,14,8,14,8,14,14,14,14,8,14,8,14,14,11,2,13,10,14,11,0,0,1,0,-1,
0,1,56,0.0214292,0,1,57,0.0214293,0,1,58,0.0214292,0,4,0,0.0214293,0,4,49,0.0214293,0,5,49,0.0214293,0,5,50,0.0214292,0,5,51,0.0214293,0,6,57,0.0214293,0,6,58,0.0214292,0,6,59,0.0214292,1,0,0,0.0214293,1,0,1,0.0214293,1,0,2,0.0214293,1,0,3,0.0214293,1,0,7,0.0303502,1,0,14,0.0214292,1,0,15,0.0214292,1,0,16,0.0303502,1,0,17,0.0214293,1,5,0,0.0214292,1,5,1,0.0214292,2,6,0,0.0214292,3,4,0,0.0214292,4,7,0,0.0214292,4,7,1,0.0214293,4,7,28,0.0214293,4,7,29,0.0214292,4,7,30,0.0303502,4,7,31,0.0214292,4,7,42,0.0214293,4,7,43,0.0214293,4,7,44,0.0214293,4,7,45,0.0214293,4,7,46,0.0214292,4,7,47,0.0214292,5,4,0,0.0214292,5,4,7,0.0214292,7,3,21,0.0214293,7,3,22,0.0214292,7,3,23,0.0303502,7,3,24,0.0214292,7,3,35,0.0214292,7,3,36,0.0214292,7,3,37,0.0214292,
h5h4
WHITE
3,14,2,5,10,3,14,14,0,14,0,14,14,14,14,0,14,0,14,8,14,14,14,1,14,14,14,14,14,14,0,14,11,14,14,8,14,0,14,14,14,8,14,14,14,14,2,14,14,8,8,14,14,14,14,12,14,9,10,13,14,14,9,11,1,0,0,0,-1,
0,0,14,0.0314235,0,2,7,0.0314236,0,2,8,0.0314235,0,2,9,0.0314235,0,2,10,0.0314235,0,2,11,0.0314235,0,2,49,0.0314236,0,2,50,0.0400471,0,3,14,0.0314235,0,5,0,0.0314235,0,5,1,0.0314235,0,5,2,0.0314235,0,5,14,0.0314235,0,5,15,0.0400471,0,5,42,0.0314235,1,0,0,0.0314235,1,0,1,0.0314235,1,2,0,0.0314235,1,2,1,0.0314234,1,2,7,0.0314235,2,1,0,0.0314235,2,7,58,0.0314235,2,7,59,0.0314236,2,7,60,0.0314236,2,7,61,0.0314235,3,6,0,0.0314235,4,5,0,0.0314236,5,6,7,0.0314235,5,6,21,0.0314235,5,6,49,0.0400471,5,6,50,0.0314235,
a6c5
BLACK
3,1,14,14,5,2,1,14,4,14,14,14,14,0,0,14,14,10,14,14,14,14,0,14,14,14,8,14,0,14,14,3,14,8,9,14,14,14,14,14,14,14,14,14,0,14,8,14,8,14,14,14,14,8,14,8,14,14,11,2,13,10,14,11,0,0,1,0,-1,
0,1,56,0.022914,0,1,57,0.022914,0,1,58,0.0229139,0,4,0,0.0229139,0,4,49,0.022914,0,5,49,0.0315608,0,5,50,0.0229139,0,5,51,0.0229139,0,6,57,0.0229139,0,6,58,0.0229139,0,6,59,0.0229139,1,0,0,0.0229139,1,0,1,0.0229139,1,0,2,0.022914,1,0,3,0.0229139,1,0,4,0.0229139,1,0,7,0.0315608,1,0,14,0.022914,1,0,15,0.022914,1,0,16,0.0315608,1,0,17,0.0229139,1,5,0,0.0229139,1,5,1,0.0315608,2,6,0,0.0229139,3,4,0,0.0229139,3,7,0,0.0229139,3,7,1,0.022914,3,7,2,0.0229139,3,7,28,0.0229139,3,7,29,0.0315608,3,7,30,0.0315608,3,7,42,0.0229139,3,7,43,0.0229139,5,4,0,0.0229139,5,4,7,0.0229139,7,3,21,0.022914,7,3,22,0.022914,7,3,23,0.0315608,7,3,35,0.022914,7,3,36,0.0229139,7,3,37,0.022914,
e1d2
WHITE
3,14,2,5,10,3,14,14,0,14,0,14,14,14,14,0,14,0,14,8,14,14,14,14,14,14,14,14,14,1,0,14,11,14,14,8,14,0,14,14,14,8,14,14,14,14,2,14,14,8,8,14,13,14,14,12,14,9,10,14,14,14,9,11,1,0,0,0,-1,
0,0,14,0.0344327,0,2,7,0.0265984,0,2,8,0.0265984,0,2,49,0.0265984,0,2,50,0.0344327,0,3,14,0.0344327,0,5,0,0.0344327,0,5,1,0.0265984,0,5,14,0.0265984,0,5,15,0.0344327,0,5,42,0.0265984,1,0,0,0.0344327,1,0,1,0.0344326,1,2,0,0.0265984,1,2,1,0.0265984,1,2,7,0.0344327,1,7,0,0.0344327,1,7,1,0.0344327,2,1,0,0.0265984,3,5,56,0.0265984,3,5,58,0.0344327,3,5,59,0.0344326,3,5,60,0.0344327,3,5,61,0.0344327,3,5,62,0.0265984,3,5,63,0.0344327,3,6,0,0.0344326,4,5,0,0.0265984,5,6,7,0.0344326,5,6,21,0.0265985,5,6,49,0.0344327,5,6,50,0.0344327,
c5d3
BLACK
3,1,14,14,14,2,1,14,4,14,14,5,14,0,0,14,14,10,14,9,14,14,0,14,14,14,8,14,0,14,14,3,14,8,14,14,14,14,14,14,14,14,14,14,0,14,8,14,8,14,14,14,14,8,14,8,14,14,11,2,13,10,14,11,0,0,1,0,-1,
0,1,57,0.0251729,0,1,58,0.0251729,0,5,49,0.0251729,0,5,50,0.0251729,0,6,57,0.0251729,0,6,58,0.0251729,0,6,59,0.0251729,1,0,0,0.0251729,1,0,1,0.0251729,1,0,2,0.0251729,1,0,3,0.0251729,1,0,4,0.0251729,1,0,7,0.0338589,1,0,14,0.0251729,1,0,15,0.0251729,1,3,7,0.0338589,1,3,14,0.0251729,1,3,49,0.0251729,1,5,0,0.0251729,1,5,1,0.0251729,2,6,0,0.0251729,3,4,0,0.0251729,3,7,0,0.0251729,3,7,1,0.0251729,3,7,2,0.0251729,3,7,28,0.0251729,3,7,29,0.0338589,3,7,30,0.0338589,3,7,42,0.0251729,3,7,43,0.0251729,5,4,0,0.0251729,5,4,7,0.0251729,7,3,21,0.0251729,7,3,22,0.0251729,7,3,23,0.0338589,7,3,35,0.0251729,7,3,36,0.0251729,7,3,37,0.0251729,
d8b6
WHITE
3,14,2,5,14,3,14,14,0,14,0,14,14,14,14,0,14,0,14,8,14,14,10,14,14,14,14,14,14,14,0,14,11,14,14,8,14,0,14,14,14,8,14,14,1,14,2,14,14,8,8,14,13,14,14,12,14,9,10,14,14,14,9,11,1,0,0,0,-1,
0,0,14,0.0251729,0,2,7,0.0251729,0,2,8,0.0251729,0,2,9,0.0251729,0,2,10,0.0251729,0,2,11,0.0251729,0,2,49,0.0251729,0,2,50,0.0338589,0,3,0,0.0251729,0,5,0,0.0251729,0,5,1,0.0251729,0,5,2,0.0251729,0,5,14,0.0251729,0,5,15,0.0338589,0,5,42,0.0251729,1,0,0,0.0338589,1,0,1,0.0251729,1,2,0,0.0251729,1,2,1,0.0251729,1,2,7,0.0251729,1,7,0,0.0251729,1,7,1,0.0251729,1,7,49,0.0251729,2,1,0,0.0251729,3,6,0,0.0251729,4,5,0,0.0251729,5,4,56,0.0251729,5,4,57,0.0251729,5,4,58,0.0338589,5,4,59,0.0251729,5,4,60,0.0251729,5,4,61,0.0251729,5,4,62,0.0251729,5,4,63,0.0251729,5,6,7,0.0251729,5,6,21,0.0251729,5,6,49,0.0338589,5,6,50,0.0251729,
c8c5
BLACK
3,1,14,14,14,2,1,14,4,14,14,5,14,0,0,14,14,10,14,9,14,14,0,14,14,14,8,14,0,14,14,3,14,8,11,14,14,14,14,14,14,2,14,14,0,14,8,14,8,14,14,14,14,8,14,8,14,14,14,14,13,10,14,11,0,0,1,0,-1,
0,1,57,0.0231423,0,1,58,0.0231423,0,5,49,0.0311276,0,5,50,0.0231423,0,6,57,0.0311276,0,6,58,0.0311276,0,6,59,0.0231423,1,0,0,0.0311276,1,0,1,0.0311276,1,0,2,0.0231423,1,0,3,0.0311276,1,0,4,0.0231423,1,0,7,0.0311276,1,0,14,0.0231423,1,0,15,0.0231423,1,3,7,0.0311276,1,3,14,0.0231423,1,3,49,0.0311276,1,5,0,0.0311276,1,5,1,0.0311276,2,6,0,0.0311276,3,4,0,0.0231423,3,7,0,0.0231423,3,7,1,0.0231423,3,7,2,0.0311276,3,7,28,0.0311276,3,7,29,0.0311276,3,7,30,0.0311276,3,7,42,0.0231423,3,7,43,0.0311276,5,1,7,0.0231423,5,1,8,0.0231423,5,1,21,0.0231423,5,1,35,0.0231423,5,1,49,0.0311276,5,4,0,0.0231423,5,4,7,0.0231423,
a2a3
WHITE
3,14,2,5,14,14,14,14,0,14,0,14,14,14,14,0,14,0,14,8,14,14,10,14,14,14,14,14,14,3,0,14,11,14,14,8,14,0,14,14,14,8,14,14,1,14,2,12,14,8,8,14,13,14,14,14,14,9,10,14,14,14,9,11,1,0,0,0,-1,
0,0,14,0.028804,0,2,7,0.0288041,0,2,8,0.0288041,0,2,49,0.0288041,0,2,50,0.028804,0,3,0,0.028804,1,0,0,0.028804,1,0,1,0.0288041,1,2,0,0.0288041,1,2,1,0.0288041,1,2,7,0.028804,1,7,0,0.0288041,1,7,1,0.028804,1,7,49,0.0214148,2,1,0,0.0288041,3,5,28,0.0214148,3,5,29,0.0288041,3,5,30,0.0214148,3,5,42,0.0288041,3,5,43,0.0288041,3,5,44,0.0288041,3,5,45,0.0214148,3,5,46,0.028804,3,6,0,0.0288041,4,5,0,0.0288041,5,4,56,0.0288041,5,4,57,0.0288041,5,4,58,0.028804,5,4,59,0.0288041,5,4,60,0.0288041,5,4,61,0.0288041,5,4,63,0.0214148,5,6,7,0.028804,5,6,21,0.0288041,5,6,49,0.028804,5,6,50,0.0288041,
c5h5
BLACK
3,1,14,14,14,2,1,14,14,14,14,5,14,0,0,14,4,10,14,9,14,14,0,14,14,14,8,14,0,14,14,3,14,8,14,14,14,14,14,11,14,2,14,14,0,14,8,14,8,14,14,14,14,8,14,8,14,14,14,14,13,10,14,11,0,0,1,0,-1,
0,0,0,0.0246729,0,1,57,0.0246729,0,5,49,0.0246729,0,5,50,0.0246729,0,6,57,0.0246729,0,6,58,0.0246729,0,6,59,0.0174206,1,3,7,0.0246729,1,3,14,0.0246729,1,3,49,0.0246729,1,5,0,0.0246729,1,5,1,0.0246729,2,0,0,0.0246729,2,0,1,0.0246729,2,0,2,0.0246729,2,0,3,0.0246729,2,0,7,0.0246729,2,0,8,0.0246729,2,0,9,0.0246729,2,0,10,0.0246729,2,0,11,0.0174207,2,0,14,0.0246729,2,0,21,0.0246729,2,0,22,0.0246729,2,0,28,0.0246729,2,6,0,0.0246729,3,4,0,0.0174206,3,7,0,0.0246729,3,7,28,0.0246729,3,7,29,0.0246729,3,7,30,0.0246729,3,7,42,0.0246729,3,7,43,0.0246729,5,1,7,0.0246729,5,1,8,0.0174207,5,1,21,0.0174207,5,1,22,0.0246729,5,1,23,0.0246729,5,1,35,0.0246729,5,1,49,0.0246729,5,4,0,0.0246729,5,4,7,0.0246729,
a3e7
WHITE
3,14,2,5,14,14,14,14,0,14,0,12,14,14,14,0,14,0,14,8,14,14,10,14,3,14,14,14,14,14,0,14,11,14,14,8,14,0,14,14,14,8,14,14,1,14,2,14,14,8,8,14,13,14,14,14,14,9,10,14,14,14,9,11,1,0,0,0,-1,
0,2,7,0.495992,0,3,0,0.504008,
e8e7 (capture)
BLACK
3,1,14,14,14,2,1,14,14,14,14,5,14,0,0,14,14,10,14,9,14,14,0,14,14,14,8,14,0,14,14,3,14,8,14,14,14,14,14,11,14,2,14,14,0,14,8,14,8,14,14,14,13,8,14,8,14,14,14,14,14,10,14,11,0,0,0,0,-1,
0,0,0,0.0319008,0,0,1,0.0319008,0,0,2,0.0319008,0,0,3,0.0319008,0,0,4,0.0242075,0,0,5,0.0319008,0,1,57,0.0242075,0,1,58,0.0242074,0,5,49,0.0319008,0,5,50,0.0242074,0,6,57,0.0319008,0,6,58,0.0319008,0,6,59,0.0242074,1,3,7,0.0319008,1,3,14,0.0242074,1,3,49,0.0319008,1,5,0,0.0319008,1,5,1,0.0319008,2,6,0,0.0319008,3,4,0,0.0242074,3,7,0,0.0242075,3,7,28,0.0319008,3,7,29,0.0319008,3,7,30,0.0319008,3,7,42,0.0319008,3,7,43,0.0319008,5,1,7,0.0242074,5,1,8,0.0242075,5,1,21,0.0242075,5,1,22,0.0319008,5,1,23,0.0319008,5,1,35,0.0319008,5,1,49,0.0319008,5,4,7,0.0319008,
d2e2
WHITE
3,14,2,14,14,14,14,14,0,14,0,5,14,14,14,0,14,0,14,8,14,14,10,14,3,14,14,14,14,14,0,14,11,14,14,8,14,0,14,14,14,8,14,14,1,14,2,14,14,8,8,13,14,14,14,14,14,9,10,14,14,14,9,11,0,0,0,0,-1,
0,0,14,0.0288041,0,2,49,0.0288041,0,2,50,0.028804,1,0,0,0.028804,1,2,0,0.0288041,1,2,1,0.0214148,1,2,7,0.028804,1,3,0,0.0214148,1,3,7,0.028804,1,3,28,0.0214148,1,3,49,0.0288041,1,7,0,0.0288041,1,7,1,0.028804,1,7,49,0.0214148,2,1,0,0.0288041,3,0,0,0.0288041,3,0,14,0.0288041,3,0,15,0.0288041,3,0,16,0.0288041,3,0,17,0.028804,3,0,18,0.028804,3,0,28,0.0288041,3,6,0,0.0288041,4,5,0,0.0288041,5,4,56,0.0288041,5,4,57,0.0288041,5,4,58,0.028804,5,4,59,0.0288041,5,4,60,0.0288041,5,4,61,0.0288041,5,4,62,0.0288041,5,4,63,0.0214148,5,6,7,0.028804,5,6,21,0.0288041,5,6,49,0.028804,5,6,50,0.0288041,
a7a6
BLACK
3,1,14,14,14,2,1,14,14,14,14,14,5,0,0,14,14,10,14,9,14,14,0,14,14,14,8,14,0,14,14,3,14,8,14,14,14,14,14,11,8,2,14,14,0,14,8,14,14,14,14,14,13,8,14,8,14,14,14,14,14,10,14,11,0,0,0,0,-1,
0,0,0,0.0314235,0,0,1,0.0314235,0,0,2,0.0314235,0,0,3,0.0314235,0,0,4,0.0314235,0,1,56,0.0314234,0,1,57,0.0314235,0,1,58,0.0314235,0,6,57,0.0314235,0,6,58,0.0314235,1,4,0,0.0314236,1,4,7,0.0314235,1,4,42,0.0314235,1,5,0,0.0314235,1,5,1,0.0400471,2,6,0,0.0314235,3,4,0,0.0314236,3,7,0,0.0314236,3,7,28,0.0314235,3,7,29,0.0400471,3,7,30,0.0400471,3,7,42,0.0314235,3,7,43,0.0314235,5,1,7,0.0314235,5,1,8,0.0314235,5,1,21,0.0314235,5,1,22,0.0314235,5,1,23,0.0314235,5,1,35,0.0314236,5,1,49,0.0314235,5,4,7,0.0314236,
g1f3
WHITE
3,14,2,14,14,14,14,14,0,14,0,5,14,14,14,14,14,0,14,8,14,14,10,0,3,14,14,14,14,14,0,14,11,14,14,8,14,0,14,14,14,8,9,14,1,14,2,14,14,8,8,13,14,14,14,14,14,14,10,14,14,14,9,11,0,0,0,0,-1,
0,0,14,0.0319008,0,2,49,0.0242075,0,2,50,0.0319008,1,0,0,0.0319008,1,2,0,0.0242074,1,2,1,0.0242074,1,2,7,0.0319008,1,3,0,0.0242075,1,3,7,0.0319008,1,3,28,0.0242075,1,3,49,0.0319008,2,1,0,0.0242075,2,7,0,0.0242074,3,0,0,0.0319008,3,0,14,0.0319008,3,0,15,0.0319008,3,0,16,0.0242075,3,0,17,0.0319008,3,0,18,0.0319008,3,0,28,0.0319008,3,6,0,0.0319008,4,5,0,0.0319008,5,4,56,0.0242074,5,4,57,0.0319008,5,4,58,0.0319008,5,4,59,0.0319008,5,4,60,0.0319008,5,4,61,0.0319008,5,4,62,0.0242074,5,4,63,0.0242074,5,6,7,0.0319008,5,6,21,0.0319008,5,6,49,0.0319008,5,6,50,0.0319008,
b3a4
BLACK
3,1,14,14,14,2,14,14,14,14,14,14,5,0,0,14,14,14,14,9,14,1,0,14,10,14,8,14,0,14,14,3,14,8,14,14,14,14,14,11,8,2,14,14,0,14,8,14,14,14,14,14,13,8,14,8,14,14,14,14,14,10,14,11,0,0,0,0,-1,
0,0,0,0.0314235,0,0,1,0.0314235,0,0,2,0.0314235,0,1,56,0.0314234,0,1,57,0.0314236,0,1,58,0.0314235,1,4,0,0.0314235,1,4,42,0.0314236,2,5,57,0.0314235,2,5,58,0.0314236,2,5,59,0.0314235,2,5,60,0.0314235,2,5,61,0.0314235,2,5,62,0.0314235,2,5,63,0.0314235,2,6,0,0.0314235,3,4,0,0.0314236,3,7,0,0.0314235,3,7,28,0.0314235,3,7,29,0.0400471,3,7,30,0.0400471,3,7,42,0.0314235,3,7,43,0.0314235,5,1,7,0.0314236,5,1,8,0.0314235,5,1,21,0.0314235,5,1,22,0.0400471,5,1,23,0.0314235,5,1,35,0.0314235,5,1,49,0.0314235,5,4,7,0.0314235,
f3g5
WHITE
3,14,2,14,14,14,14,14,0,14,0,5,14,14,14,14,14,0,14,8,14,14,10,0,3,9,14,14,14,14,0,14,11,14,14,8,14,0,14,2,14,8,14,14,1,14,14,14,14,8,8,13,14,14,14,14,14,14,10,14,14,14,9,11,0,0,0,0,-1,
0,0,14,0.0411909,0,2,49,0.0331799,0,2,50,0.0411908,1,0,0,0.0411908,1,2,0,0.0331799,1,2,1,0.0331799,1,2,7,0.0411908,1,3,7,0.0411908,1,3,28,0.0331799,1,3,49,0.0411908,2,7,0,0.0331799,3,0,0,0.0331799,3,0,14,0.0411908,3,0,28,0.0331799,3,6,0,0.03318,4,5,0,0.0331799,4,7,49,0.0411908,4,7,50,0.0411908,4,7,51,0.0411908,5,4,56,0.03318,5,4,57,0.0331799,5,4,58,0.0411908,5,4,59,0.0331799,5,4,60,0.0411908,5,4,61,0.0411909,5,4,62,0.0331799,5,4,63,0.0331799,
d3f2 (capture)
BLACK
3,1,14,14,14,2,14,14,14,14,14,14,5,9,0,14,14,14,14,14,14,14,0,14,10,14,8,14,0,14,14,3,14,8,14,14,14,14,1,11,8,2,14,14,0,14,8,14,14,14,14,14,13,8,14,8,14,14,14,14,14,10,14,11,0,0,0,0,-1,
0,0,0,0.0344327,0,0,1,0.0344327,0,0,2,0.0344326,0,1,56,0.0265984,0,1,57,0.0344326,0,1,58,0.0265984,1,4,0,0.0265984,1,4,7,0.0344327,1,4,14,0.0265984,1,4,28,0.0265984,1,4,42,0.0344326,2,6,0,0.0344327,3,4,0,0.0265984,3,7,0,0.0265984,3,7,28,0.0344327,3,7,29,0.0344327,3,7,30,0.0344327,3,7,42,0.0344327,3,7,43,0.0344327,4,6,57,0.0265984,4,6,58,0.0344327,4,6,61,0.0265984,4,6,62,0.0344327,5,1,7,0.0265985,5,1,8,0.0265984,5,1,21,0.0265984,5,1,22,0.0344327,5,1,23,0.0344327,5,1,24,0.0265984,5,1,35,0.0344326,5,1,49,0.0344327,5,4,7,0.0344327,
h4h2
WHITE
3,14,2,14,14,14,14,14,0,14,0,5,14,14,14,14,14,0,14,8,14,14,10,0,3,9,14,14,14,14,0,14,14,14,14,8,14,0,14,2,14,8,14,14,14,14,14,14,11,8,1,13,14,14,14,14,14,14,10,14,14,14,9,11,0,0,0,0,-1,
0,0,14,0.0411908,0,2,49,0.0331799,0,2,50,0.0411908,1,0,0,0.0411908,1,2,0,0.0331799,1,2,1,0.0331799,1,2,7,0.0411908,1,3,7,0.0411908,1,3,28,0.0331799,1,3,49,0.0411908,2,7,0,0.0331799,3,0,0,0.03318,3,0,1,0.0411908,3,0,2,0.0411908,3,0,14,0.0411909,3,0,28,0.0331799,3,6,0,0.0331799,4,5,0,0.0331799,4,7,49,0.0411908,4,7,50,0.0411908,4,7,51,0.0411908,6,2,56,0.0331799,6,2,59,0.0331799,6,2,60,0.0331799,6,2,61,0.03318,6,2,62,0.0331799,6,2,63,0.0411909,
f2h3
BLACK
3,1,14,14,14,2,14,14,14,14,14,14,5,14,0,3,14,14,14,14,14,14,0,9,10,14,8,14,0,14,14,14,14,8,14,14,14,14,1,11,8,2,14,14,0,14,8,14,14,14,14,14,13,8,14,8,14,14,14,14,14,10,14,11,0,0,0,0,-1,
0,0,0,0.0327426,0,0,1,0.0411535,0,0,2,0.0327426,0,1,56,0.0327426,0,1,57,0.0327426,0,1,58,0.0327426,1,4,0,0.0327426,1,4,7,0.0411535,1,4,28,0.0327426,1,4,42,0.0327426,1,6,7,0.0327425,1,7,0,0.0327425,1,7,28,0.0327426,2,6,0,0.0327426,3,4,0,0.0327425,4,6,57,0.0327426,4,6,58,0.0411535,4,6,61,0.0327426,4,6,62,0.0411535,5,1,7,0.0327426,5,1,8,0.0327426,5,1,21,0.0327425,5,1,22,0.0411535,5,1,23,0.0327426,5,1,24,0.0327426,5,1,25,0.0327425,5,1,35,0.0327426,5,1,49,0.0411535,5,4,7,0.0327426,
g3g4
WHITE
3,14,2,14,14,14,14,14,0,14,0,5,14,14,14,14,14,0,14,8,14,14,10,0,3,9,14,14,14,14,0,14,14,8,14,8,14,0,14,2,1,14,14,14,14,14,14,14,11,8,14,13,14,14,14,14,14,14,10,14,14,14,9,11,0,0,0,0,-1,
0,0,14,0.0458475,0,2,49,0.0380629,0,2,50,0.0458475,1,0,0,0.0458475,1,2,0,0.0380629,1,2,1,0.0380629,1,2,7,0.0458475,1,3,7,0.0458475,1,3,28,0.0380629,1,3,49,0.0458475,2,7,0,0.0380629,3,0,0,0.0458475,3,0,14,0.0458475,3,0,28,0.0458475,3,6,0,0.0458475,4,5,0,0.0458475,4,7,49,0.0458475,4,7,50,0.0458475,4,7,51,0.0458475,5,0,56,0.0458475,5,0,57,0.0380629,5,0,62,0.0458475,5,0,63,0.0380629,
f8g7
BLACK
3,1,14,14,14,2,14,14,14,14,14,14,5,14,0,3,14,14,14,14,14,14,14,9,10,14,8,14,0,14,0,14,14,8,14,14,14,14,1,11,8,2,14,14,0,14,8,14,14,14,14,14,13,8,10,8,14,14,14,14,14,14,14,11,0,0,0,0,-1,
0,0,0,0.0361908,0,0,1,0.0361908,0,0,2,0.0361908,0,1,56,0.0283976,0,1,57,0.0361909,0,1,58,0.0283977,1,4,0,0.0283977,1,4,7,0.0361908,1,4,28,0.0361909,1,4,42,0.0361908,1,6,0,0.0283977,1,6,7,0.0283977,1,7,0,0.0361908,1,7,28,0.0361909,3,4,0,0.0283976,3,6,7,0.0361909,4,6,57,0.0283977,4,6,58,0.0361908,4,6,61,0.0361908,4,6,62,0.0361908,5,1,7,0.0361908,5,1,8,0.0283976,5,1,21,0.0283977,5,1,22,0.0361908,5,1,23,0.0361908,5,1,24,0.0283976,5,1,25,0.0283976,5,1,35,0.0361908,5,1,49,0.0361908,5,4,7,0.0361908,
b1a3
WHITE
3,14,14,14,14,14,14,14,0,2,0,5,14,14,14,14,14,0,14,8,14,14,10,0,3,9,14,14,14,14,0,14,14,8,14,8,14,0,14,2,1,14,14,14,14,14,14,9,11,8,14,13,14,14,14,14,14,14,10,14,14,14,14,11,0,0,0,0,-1,
0,0,14,0.0288041,0,0,15,0.028804,0,0,16,0.0288041,0,0,17,0.0288041,0,0,18,0.028804,0,0,19,0.0288041,0,0,20,0.0288041,1,0,0,0.028804,1,1,7,0.0288041,1,1,8,0.0288041,1,1,9,0.0288041,1,1,10,0.028804,1,1,11,0.0288041,1,1,12,0.0288041,1,1,21,0.0214148,1,1,49,0.0288041,1,2,0,0.0288041,1,2,1,0.0214148,1,2,7,0.028804,1,3,7,0.028804,1,3,28,0.0214148,1,3,35,0.028804,1,3,49,0.0288041,2,7,0,0.0214148,3,0,0,0.0288041,3,0,14,0.0288041,3,0,28,0.0288041,3,6,0,0.0288041,4,5,0,0.0288041,4,7,49,0.0288041,4,7,50,0.028804,4,7,51,0.028804,5,0,56,0.0288041,5,0,57,0.0288041,5,0,62,0.028804,5,0,63,0.0214148,
e7f8
BLACK
3,14,14,14,14,2,14,14,14,14,14,14,5,14,0,3,1,14,14,14,14,14,14,9,10,14,8,14,0,14,0,14,14,8,14,14,14,14,1,11,8,2,14,14,0,14,8,14,14,14,14,14,14,8,10,8,14,14,14,14,14,13,14,11,0,0,0,0,-1,
0,0,0,0.0319008,0,0,14,0.0319008,0,0,15,0.0319008,0,0,16,0.0319008,0,0,17,0.0319008,1,4,0,0.0242074,1,4,7,0.0319008,1,4,28,0.0319008,1,4,42,0.0319008,1,6,0,0.0242074,1,6,7,0.0242074,1,7,0,0.0319008,1,7,28,0.0319008,2,0,56,0.0242075,2,0,57,0.0319008,2,0,62,0.0319008,2,0,63,0.0319008,3,4,0,0.0242075,3,6,7,0.0319008,4,6,57,0.0242075,4,6,58,0.0319008,4,6,61,0.0319008,4,6,62,0.0319008,5,1,7,0.0319008,5,1,8,0.0242074,5,1,21,0.0242074,5,1,22,0.0319008,5,1,23,0.0319008,5,1,24,0.0242075,5,1,25,0.0242074,5,1,35,0.0319008,5,1,49,0.0319008,5,4,0,0.0242075,5,4,7,0.0319008,
g5f3
WHITE
3,14,5,14,14,14,14,14,0,2,0,14,14,14,14,14,14,0,14,8,14,14,10,0,3,14,14,14,14,14,0,14,14,8,14,8,14,0,14,2,1,14,9,14,14,14,14,9,11,8,14,13,14,14,14,14,14,14,10,14,14,14,14,11,0,0,0,0,-1,
0,0,14,0.0292584,0,2,7,0.0292584,0,2,14,0.0292584,0,2,42,0.0292584,1,0,0,0.0378762,1,1,7,0.0292585,1,1,8,0.0292585,1,1,9,0.0292585,1,1,10,0.0292585,1,1,11,0.0292584,1,1,12,0.0292584,1,1,49,0.0292585,1,2,0,0.0292584,1,2,1,0.0292584,1,2,7,0.0378762,2,1,0,0.0292584,2,7,0,0.0292585,3,0,0,0.0292585,3,0,14,0.0292585,3,0,15,0.0292585,3,0,16,0.0292584,3,0,17,0.0292585,3,0,18,0.0378762,3,0,28,0.0292585,3,6,0,0.0292585,4,5,0,0.0292584,4,7,49,0.0292585,4,7,50,0.0292585,4,7,51,0.0292585,5,0,56,0.0292584,5,0,57,0.0292584,5,0,62,0.0378762,5,0,63,0.0292584,
g7e5
BLACK
3,14,14,14,14,2,14,14,14,14,14,14,5,14,0,3,1,14,14,14,14,1,14,9,10,14,8,14,0,14,0,14,14,8,14,14,10,14,14,11,8,2,14,14,0,14,8,14,14,14,14,14,14,8,14,8,14,14,14,14,14,13,14,11,0,0,0,0,-1,
0,0,0,0.028804,0,0,14,0.028804,0,0,15,0.028804,0,0,16,0.0288041,0,0,17,0.0288041,1,4,0,0.0288041,1,4,28,0.0288041,1,4,42,0.0288041,1,6,0,0.0214148,1,6,7,0.0288041,1,7,0,0.028804,1,7,28,0.0288041,2,0,56,0.0288041,2,0,57,0.0288041,2,0,62,0.028804,2,0,63,0.0288041,2,5,56,0.0288041,2,5,57,0.0288041,2,5,58,0.0288041,2,5,59,0.028804,2,5,60,0.028804,2,5,61,0.028804,2,5,62,0.0288041,3,6,0,0.0288041,3,6,7,0.0288041,5,1,7,0.0288041,5,1,8,0.0214148,5,1,21,0.0214148,5,1,22,0.028804,5,1,23,0.0288041,5,1,24,0.0214148,5,1,25,0.0214148,5,1,35,0.0288041,5,1,49,0.028804,5,4,0,0.0288041,5,4,7,0.0288041,
b6a7
WHITE
3,14,5,14,14,14,14,14,0,14,0,14,14,14,14,10,14,0,14,8,14,14,14,0,3,14,14,2,14,14,0,14,14,8,14,8,14,0,14,2,1,14,9,14,14,14,14,9,11,8,14,13,14,14,14,14,14,14,10,14,14,14,14,11,0,0,0,0,-1,
0,0,14,0.0288041,0,2,7,0.0288041,0,2,14,0.0288041,0,2,42,0.0288041,0,2,49,0.0288041,1,0,0,0.028804,1,2,0,0.0288041,1,2,1,0.0214148,1,2,7,0.028804,2,1,0,0.0214148,2,7,0,0.0214148,3,0,0,0.0288041,3,0,14,0.0288041,3,0,15,0.0288041,3,0,28,0.0288041,3,3,7,0.0288041,3,3,8,0.0288041,3,3,9,0.028804,3,3,10,0.0288041,3,3,21,0.028804,3,3,22,0.028804,3,3,23,0.028804,3,3,35,0.0288041,3,3,36,0.028804,3,3,49,0.0288041,3,3,50,0.0288041,3,3,51,0.028804,3,6,0,0.0288041,4,5,0,0.0288041,4,7,49,0.0288041,4,7,50,0.028804,4,7,51,0.0288041,5,0,56,0.0288041,5,0,57,0.0214148,5,0,62,0.028804,5,0,63,0.0214148,
f8e7
BLACK
3,14,14,14,14,2,14,14,14,14,14,14,5,14,0,3,1,14,14,14,14,1,14,9,10,14,8,14,0,14,0,14,14,8,14,14,10,14,14,11,8,14,14,14,0,14,8,14,2,14,14,14,13,8,14,8,14,14,14,14,14,14,14,11,0,0,0,0,-1,
0,0,0,0.0292585,0,0,14,0.0292584,0,0,15,0.0378762,0,0,16,0.0292584,0,0,17,0.0292585,1,4,0,0.0292584,1,4,28,0.0292584,1,4,42,0.0292585,1,6,0,0.0292585,1,6,7,0.0292584,1,7,0,0.0292585,1,7,28,0.0292584,2,0,56,0.0292584,2,0,57,0.0292585,2,0,62,0.0378762,2,0,63,0.0292585,2,5,56,0.0292585,2,5,57,0.0292584,2,5,58,0.0292584,2,5,59,0.0292585,2,5,60,0.0378762,2,5,61,0.0378762,2,5,62,0.0292584,3,6,0,0.0292585,3,6,7,0.0292584,5,4,7,0.0292584,6,0,7,0.0292584,6,0,21,0.0292584,6,0,22,0.0292585,6,0,23,0.0292585,6,0,24,0.0292585,6,0,25,0.0292585,6,0,26,0.0292585,
e2d2
WHITE
3,14,14,14,14,14,14,14,0,14,0,5,14,14,14,10,14,0,14,8,14,14,14,0,3,14,14,2,14,14,0,14,14,8,14,8,14,0,14,2,1,14,9,14,14,14,14,9,11,8,14,14,13,14,14,14,14,14,10,14,14,14,14,11,0,0,0,0,-1,
0,0,14,0.0199027,0,0,15,0.0281881,0,0,16,0.0199027,0,0,17,0.0199027,0,0,18,0.0281881,0,0,19,0.0199027,0,0,20,0.0199027,1,0,0,0.0281881,1,2,0,0.0199027,1,2,1,0.0199027,1,2,7,0.0281881,1,3,0,0.0199027,1,3,7,0.0281881,1,3,21,0.0281881,1,3,28,0.0199026,1,3,35,0.0281881,1,3,49,0.0199027,2,1,0,0.0199026,2,7,0,0.0199027,3,0,0,0.0199027,3,0,14,0.0199027,3,0,15,0.0199028,3,0,28,0.0199027,3,3,7,0.0199026,3,3,8,0.0199026,3,3,9,0.0281881,3,3,10,0.0199027,3,3,21,0.0281881,3,3,22,0.0281881,3,3,23,0.0199027,3,3,35,0.0281881,3,3,36,0.0281881,3,3,49,0.0199027,3,3,50,0.0199026,3,3,51,0.0281881,3,6,0,0.0199028,4,5,0,0.0199026,4,7,49,0.0199027,4,7,50,0.0281881,4,7,51,0.0199027,5,0,56,0.0199027,5,0,57,0.0199027,5,0,62,0.0281881,5,0,63,0.0199026,
e7f8
BLACK
3,14,14,14,14,2,14,14,14,14,14,5,14,14,0,3,1,14,14,14,14,1,14,9,10,14,8,14,0,14,0,14,14,8,14,14,10,14,14,11,8,14,14,14,0,14,8,14,2,14,14,14,14,8,14,8,14,14,14,14,14,13,14,11,0,0,0,0,-1,
0,0,0,0.0311276,0,0,14,0.0311276,0,0,15,0.0311276,0,0,16,0.0231423,0,0,17,0.0231423,0,5,49,0.0311276,0,5,50,0.0231423,0,5,51,0.0311276,1,3,7,0.0311276,1,3,14,0.0231423,1,3,21,0.0311276,1,3,35,0.0311276,1,6,0,0.0231423,1,6,7,0.0231423,1,7,0,0.0311276,1,7,28,0.0231423,2,0,56,0.0231423,2,0,57,0.0231423,2,0,62,0.0311276,2,0,63,0.0311276,2,5,56,0.0311276,2,5,57,0.0231423,2,5,58,0.0231423,2,5,59,0.0311276,2,5,61,0.0311276,2,5,62,0.0231423,3,6,0,0.0231423,3,6,7,0.0231423,5,4,0,0.0231423,5,4,7,0.0231423,6,0,7,0.0231423,6,0,21,0.0231423,6,0,22,0.0311276,6,0,23,0.0311276,6,0,24,0.0311276,6,0,25,0.0231423,6,0,26,0.0311276,
a7c5
WHITE
3,14,5,14,14,14,14,14,0,14,0,14,14,14,14,14,14,0,14,8,14,14,14,0,3,14,14,2,14,10,0,14,14,8,14,8,14,0,14,2,1,14,9,14,14,14,14,9,11,8,14,14,13,14,14,14,14,14,10,14,14,14,14,11,0,0,0,0,-1,
0,2,14,0.251992,0,2,42,0.251992,0,2,49,0.244024,3,3,21,0.251992,
f8g7
BLACK
3,14,14,14,14,2,14,14,14,14,14,5,14,14,0,3,1,14,14,14,14,1,14,9,10,14,8,14,0,14,0,14,14,8,2,14,10,14,14,11,8,14,14,14,0,14,8,14,14,14,14,14,14,8,13,8,14,14,14,14,14,14,14,11,0,0,0,0,-1,
0,0,0,0.0292,0,0,14,0.0292,0,0,15,0.0292,0,0,16,0.0211999,0,0,17,0.0212,0,5,49,0.0292,0,5,50,0.0212,0,5,51,0.0292,1,3,7,0.0292,1,3,14,0.0212,1,3,21,0.0292,1,3,35,0.0292,1,6,0,0.0211999,1,6,7,0.0212,1,7,0,0.0292,1,7,28,0.0212,2,0,56,0.0212,2,0,57,0.0212,2,0,62,0.0292,2,0,63,0.0292,2,5,56,0.0212,2,5,57,0.0211999,2,5,58,0.0211999,2,5,59,0.0211999,2,5,61,0.0292,2,5,62,0.0212,3,6,0,0.0212,3,6,7,0.0211999,4,2,7,0.0292,4,2,8,0.0292,4,2,9,0.0292,4,2,21,0.0292,4,2,22,0.0211999,4,2,23,0.0292,4,2,24,0.0212,4,2,35,0.0292,4,2,49,0.0292,4,2,50,0.0212,5,4,0,0.0211999,5,4,7,0.0211999,
c5f8
WHITE
3,14,10,14,14,14,14,14,0,5,0,14,14,14,14,14,14,0,14,8,14,14,14,0,3,14,14,2,14,14,0,14,14,8,14,8,14,0,14,2,1,14,9,14,14,14,14,9,11,8,14,14,13,14,14,14,14,14,10,14,14,14,14,11,0,0,0,0,-1,
0,0,15,0.251992,1,1,7,0.251992,1,1,21,0.244024,1,1,28,0.251992,
g7g8
BLACK
3,14,14,14,14,2,14,14,14,14,14,5,14,14,0,3,1,14,14,14,14,1,14,9,10,14,8,14,0,14,0,14,14,8,14,14,10,14,14,11,8,14,14,14,0,14,8,14,14,14,14,14,14,8,14,8,14,14,14,14,14,2,13,11,0,0,0,0,-1,
0,0,0,0.0288041,0,0,14,0.028804,0,0,15,0.028804,0,0,16,0.0288041,0,0,17,0.0288041,0,5,49,0.028804,0,5,50,0.0288041,0,5,51,0.028804,1,3,7,0.028804,1,3,14,0.0288041,1,3,21,0.028804,1,3,35,0.028804,1,6,0,0.0214148,1,6,7,0.0214148,1,7,0,0.0288041,1,7,28,0.0288041,2,0,56,0.0214148,2,0,57,0.0288041,2,0,62,0.028804,2,0,63,0.0288041,2,5,56,0.0288041,2,5,57,0.0288041,2,5,58,0.0214148,2,5,59,0.0288041,2,5,61,0.028804,2,5,62,0.0288041,3,6,0,0.0288041,3,6,7,0.0288041,5,4,0,0.0288041,5,4,7,0.0288041,7,5,21,0.028804,7,5,22,0.0214148,7,5,35,0.0288041,7,5,36,0.0288041,7,5,37,0.0288041,7,5,38,0.0288041,
a1b1
WHITE
3,5,10,14,14,14,14,14,0,14,0,14,14,14,14,14,14,0,14,8,14,14,14,0,3,14,14,2,14,14,0,14,14,8,14,8,14,0,14,2,1,14,9,14,14,14,14,9,11,8,14,14,13,14,14,14,14,14,10,14,14,14,11,14,0,0,0,0,-1,
0,1,14,0.0265984,1,0,0,0.0344327,1,2,0,0.0265984,1,2,1,0.0265984,1,2,7,0.0344327,2,1,0,0.0265984,2,7,0,0.0265984,3,0,0,0.0344327,3,0,14,0.0344327,3,0,15,0.0344326,3,0,28,0.0265984,3,3,7,0.0265984,3,3,8,0.0265984,3,3,9,0.0344327,3,3,10,0.0265985,3,3,21,0.0344327,3,3,22,0.0344327,3,3,23,0.0344327,3,3,35,0.0344327,3,3,36,0.0344327,3,3,49,0.0344326,3,3,50,0.0265984,3,3,51,0.0344327,3,6,0,0.0344326,4,5,0,0.0265984,4,7,49,0.0344327,4,7,50,0.0344327,4,7,51,0.0344327,5,0,56,0.0344326,5,0,57,0.0265984,5,0,62,0.0344327,5,0,63,0.0265984,
f7f5
BLACK
14,3,14,14,14,2,14,14,14,14,14,5,14,14,0,3,1,14,14,14,14,1,14,9,10,14,8,14,0,14,0,14,14,8,14,14,10,8,14,11,8,14,14,14,0,14,8,14,14,14,14,14,14,14,14,8,14,14,14,14,14,2,13,11,0,0,0,0,45,
0,1,0,0.0271679,0,1,1,0.0271679,0,1,2,0.0271679,0,1,3,0.0197246,0,1,14,0.0197245,0,1,15,0.0271679,0,1,16,0.0271678,0,1,42,0.0271679,0,5,49,0.0271679,0,5,50,0.0271678,0,5,51,0.0271679,1,3,7,0.0271679,1,3,14,0.0271679,1,3,21,0.0271679,1,3,35,0.0271679,1,6,0,0.0197246,1,6,7,0.0197246,1,7,0,0.0271679,1,7,28,0.0271678,2,0,56,0.0197245,2,0,57,0.0271678,2,0,63,0.0271679,2,5,56,0.0271679,2,5,57,0.0271679,2,5,58,0.0197245,2,5,59,0.0271679,2,5,61,0.0271679,2,5,62,0.0271679,3,4,7,0.0197245,3,6,0,0.0271679,3,6,7,0.0271679,3,6,49,0.0271678,5,4,0,0.0271679,7,5,21,0.0271679,7,5,22,0.0197245,7,5,35,0.0271679,7,5,36,0.0271679,7,5,37,0.0271679,7,5,38,0.0271679,
f3e5 (capture)
WHITE
3,5,10,14,14,14,14,14,0,14,14,14,14,14,14,14,14,0,14,8,14,14,14,0,3,14,0,9,14,14,0,14,14,8,14,8,14,0,14,2,1,14,14,14,14,14,14,9,11,8,14,14,13,14,14,14,14,14,10,14,14,14,11,14,0,0,0,0,-1,
0,1,14,0.0504674,1,0,0,0.0586912,2,1,0,0.0504674,2,7,0,0.0504674,3,0,0,0.0504674,3,0,14,0.0504675,3,0,28,0.0504674,3,2,0,0.0586912,3,2,7,0.0504675,3,2,49,0.0504674,3,6,0,0.0504674,4,5,0,0.0504674,4,7,49,0.0504674,4,7,50,0.0586912,4,7,51,0.0586912,5,0,56,0.0504675,5,0,57,0.0504674,5,0,62,0.0586912,5,0,63,0.0504674,
h5h6
BLACK
14,3,14,14,14,2,14,14,14,14,14,5,14,14,0,3,1,14,14,14,14,14,14,9,10,14,8,14,0,14,0,14,14,8,14,14,1,8,14,14,8,14,14,14,0,14,8,11,14,14,14,14,14,14,14,8,14,14,14,14,14,2,13,11,0,0,0,0,-1,
0,1,0,0.0292,0,1,1,0.0292,0,1,2,0.0211999,0,1,3,0.0212,0,1,14,0.0212,0,1,15,0.0211999,0,1,16,0.0212,0,1,42,0.0292,0,5,49,0.0292,0,5,50,0.0212,0,5,51,0.0292,1,3,7,0.0292,1,3,14,0.0211999,1,3,21,0.0292,1,3,35,0.0292,1,3,49,0.0292,1,6,0,0.0211999,1,6,7,0.0211999,1,7,0,0.0292,1,7,28,0.0212,2,0,56,0.0212,2,0,57,0.0211999,2,0,63,0.0292,3,4,7,0.0212,3,6,0,0.0212,3,6,49,0.0211999,4,4,56,0.0212,4,4,57,0.0292,4,4,58,0.0292,4,4,59,0.0292,4,4,60,0.0292,4,4,61,0.0292,4,4,62,0.0212,5,4,0,0.0212,7,5,21,0.0292,7,5,22,0.0211999,7,5,35,0.0292,7,5,36,0.0292,7,5,37,0.0212,7,5,38,0.0211999,
b1b4
WHITE
3,5,10,14,14,14,14,14,0,14,14,14,14,14,14,14,3,0,14,8,14,14,14,0,14,14,0,9,14,14,0,14,14,8,14,8,14,0,11,2,1,14,14,14,14,14,14,9,11,8,14,14,13,14,14,14,14,14,10,14,14,14,14,14,0,0,0,0,-1,
0,1,14,0.0609524,2,0,0,0.0609525,2,0,1,0.0609524,2,1,0,0.0609524,2,7,0,0.0609524,3,2,0,0.0609525,3,2,7,0.0609525,3,2,49,0.0609525,4,5,0,0.0609524,4,7,49,0.0609525,4,7,50,0.0692061,4,7,51,0.0692061,5,0,56,0.0609524,5,0,57,0.0609524,5,0,62,0.0692061,5,0,63,0.0609524,
h6h5
BLACK
14,14,14,14,14,2,14,14,14,14,14,5,14,14,0,3,1,14,14,14,14,14,14,9,10,3,8,14,0,14,0,14,14,8,14,14,1,8,14,11,8,14,14,14,0,14,8,14,14,14,14,14,14,14,14,8,14,14,14,14,14,2,13,11,0,0,0,0,-1,
0,5,49,0.0271679,0,5,50,0.0271678,0,5,51,0.0271679,1,3,7,0.0271679,1,3,14,0.0271679,1,3,21,0.0271679,1,3,35,0.0271679,1,3,49,0.0271679,1,6,0,0.0197245,1,6,7,0.0197245,1,7,0,0.0271679,1,7,28,0.0271679,2,0,56,0.0197246,2,0,57,0.0271678,2,0,62,0.0271679,2,0,63,0.0271679,3,1,0,0.0271679,3,1,14,0.0271678,3,1,28,0.0271679,3,1,29,0.0271678,3,1,30,0.0271679,3,1,42,0.0197246,3,4,7,0.0197245,3,6,0,0.0271679,3,6,7,0.0271679,3,6,49,0.0271679,4,4,56,0.0271679,4,4,57,0.0271679,4,4,58,0.0271679,4,4,59,0.0271679,4,4,60,0.0271679,4,4,61,0.0271679,4,4,62,0.0197246,5,4,0,0.0197245,7,5,21,0.0271679,7,5,22,0.0197245,7,5,35,0.0271678,7,5,36,0.0271679,7,5,37,0.0271679,
a3b1
WHITE
3,5,10,14,14,14,14,14,0,14,14,14,14,14,14,14,14,0,14,8,14,14,14,0,3,14,0,9,14,14,0,14,14,8,14,8,14,0,11,2,1,14,14,14,14,14,14,14,11,8,14,14,13,14,14,14,14,14,10,14,14,14,9,14,0,0,0,0,-1,
0,1,14,0.0499112,1,0,0,0.0577265,2,1,0,0.0499112,2,7,0,0.0499112,3,0,0,0.0577264,3,0,14,0.0577265,3,0,28,0.0577265,3,2,0,0.0577265,3,2,7,0.0577264,3,2,49,0.0577265,4,5,0,0.0577264,4,7,49,0.0577264,4,7,50,0.0577265,4,7,51,0.0577265,5,0,56,0.0577264,5,0,57,0.0499112,5,0,62,0.0577265,5,0,63,0.0499112,
g6g5
BLACK
14,1,14,14,14,2,14,14,14,14,14,5,14,14,0,3,14,14,14,14,14,14,14,9,10,3,8,14,0,14,0,14,14,8,14,14,1,8,8,11,8,14,14,14,0,14,14,14,14,14,14,14,14,14,14,8,14,14,14,14,14,2,13,11,0,0,0,0,-1,
0,1,57,0.0264129,0,1,58,0.0264129,0,5,49,0.0348072,0,5,50,0.0264129,0,5,51,0.0264129,1,3,7,0.0348072,1,3,14,0.0264129,1,3,21,0.0348072,1,3,35,0.0348072,1,3,49,0.0264129,1,6,0,0.0264129,1,6,7,0.0264129,1,7,0,0.0264129,1,7,28,0.0264129,3,1,0,0.0348072,3,1,14,0.0264129,3,1,28,0.0264129,3,1,29,0.0264129,3,1,42,0.0264129,3,4,7,0.0264129,3,6,7,0.0264129,3,6,49,0.0264129,4,4,56,0.0264129,4,4,57,0.0348072,4,4,58,0.0264129,4,4,59,0.0264129,4,4,60,0.0348072,4,4,61,0.0348072,4,4,62,0.0264128,5,4,0,0.0264129,7,5,21,0.0348072,7,5,22,0.0264129,7,5,35,0.0264129,7,5,36,0.0264129,7,5,37,0.0264129,
g2g3
WHITE
3,5,10,14,14,14,14,14,0,14,14,14,14,14,14,14,14,14,14,8,14,14,14,0,3,0,0,9,14,14,0,14,14,8,14,8,14,0,11,2,1,8,14,14,14,14,14,14,11,14,14,14,13,14,14,14,14,14,10,14,14,14,9,14,0,0,0,0,-1,
0,1,14,0.0644856,1,0,0,0.0726646,2,7,0,0.0644856,3,0,0,0.0644856,3,0,28,0.0644856,3,2,0,0.0726646,3,2,7,0.0644856,3,2,49,0.0644856,4,5,0,0.0644856,4,7,49,0.0644856,4,7,50,0.0726646,4,7,51,0.0726646,5,0,56,0.0644856,5,0,57,0.0644856,5,0,63,0.0644855,
h3g1
BLACK
14,1,14,14,14,2,9,14,14,14,14,5,14,14,14,3,14,14,14,14,14,14,0,14,10,3,8,14,0,14,0,14,14,8,14,14,1,8,8,11,8,14,14,14,0,14,14,14,14,14,14,14,14,14,14,8,14,14,14,14,14,2,13,11,0,0,0,0,-1,
0,1,57,0.0271679,0,1,58,0.0197245,0,5,7,0.0271679,0,5,8,0.0271678,0,5,49,0.0271679,0,5,50,0.0271679,0,5,51,0.0271679,1,3,7,0.0271679,1,3,21,0.0271679,1,3,35,0.0271679,1,3,49,0.0271679,1,7,0,0.0271679,1,7,1,0.0271679,1,7,2,0.0271679,1,7,28,0.0271679,1,7,42,0.0271679,1,7,43,0.0271678,1,7,44,0.0197246,3,1,0,0.0271679,3,1,14,0.0271678,3,1,28,0.0271678,3,1,29,0.0271679,3,1,42,0.0197245,3,4,7,0.0197245,3,6,7,0.0271679,3,6,49,0.0197246,4,4,56,0.0271679,4,4,57,0.0271679,4,4,58,0.0271679,4,4,59,0.0271679,4,4,60,0.0271679,4,4,61,0.0271679,4,4,62,0.0197245,5,4,0,0.0197245,7,5,21,0.0271679,7,5,22,0.0197246,7,5,35,0.0271679,7,5,36,0.0271679,7,5,37,0.0271678,
f8d6
WHITE
3,5,14,14,14,14,14,14,0,14,14,14,14,14,14,14,14,14,14,8,10,14,14,0,3,0,0,9,14,14,0,14,14,8,14,8,14,0,11,2,14,8,14,14,14,14,14,14,11,14,14,14,13,14,14,14,14,1,10,14,14,14,9,14,0,0,0,0,-1,
0,1,0,0.0640818,1,0,0,0.0640818,2,7,0,0.0559554,3,0,0,0.0559554,3,0,1,0.0640818,3,0,2,0.0640818,3,0,28,0.0559554,3,2,0,0.0559554,3,2,7,0.0559554,3,2,49,0.0559554,4,5,0,0.0559554,4,7,49,0.0559554,4,7,50,0.0640818,4,7,51,0.0640818,7,1,61,0.0559554,7,1,62,0.0559554,7,1,63,0.0559554,
f5g4 (capture)
BLACK
14,1,14,14,14,2,9,14,14,14,14,5,14,14,14,3,14,14,14,14,14,14,0,14,10,3,8,14,0,14,8,14,14,8,14,14,1,14,8,11,8,14,14,2,0,14,14,14,14,14,14,14,14,14,14,8,14,14,14,14,14,14,13,11,0,0,0,0,-1,
0,1,57,0.0231423,0,1,58,0.0231423,0,5,7,0.0311276,0,5,8,0.0231423,0,5,49,0.0311276,0,5,50,0.0231423,0,5,51,0.0311276,1,3,7,0.0311276,1,3,21,0.0311276,1,3,35,0.0311276,1,3,49,0.0311276,1,7,0,0.0311276,1,7,1,0.0311276,1,7,2,0.0231423,1,7,28,0.0231423,1,7,42,0.0231423,1,7,43,0.0231423,1,7,44,0.0231423,3,1,0,0.0311276,3,1,14,0.0231423,3,1,28,0.0231423,3,1,29,0.0231423,3,1,42,0.0231423,4,4,56,0.0231423,4,4,57,0.0311276,4,4,58,0.0231423,4,4,59,0.0311276,4,4,60,0.0311276,4,4,61,0.0311276,4,4,62,0.0231423,4,4,63,0.0311276,5,3,7,0.0231423,5,3,8,0.0231423,5,3,35,0.0311276,5,3,49,0.0311276,5,3,50,0.0311276,5,4,0,0.0231423,
b1a3
WHITE
3,5,14,14,14,14,14,14,0,14,14,14,14,14,14,14,14,14,14,8,10,14,14,0,3,0,14,9,14,14,0,14,14,0,14,8,14,0,11,2,14,8,14,14,14,14,14,9,11,14,14,14,13,14,14,14,14,1,10,14,14,14,14,14,0,0,0,0,-1,
0,1,0,0.0742547,1,0,0,0.0742547,2,7,0,0.0663416,3,0,0,0.0663416,3,0,1,0.0742546,3,0,2,0.0742547,3,0,28,0.0663416,4,5,0,0.0663416,4,7,49,0.0742547,4,7,50,0.0742547,4,7,51,0.0742547,7,1,61,0.0663415,7,1,62,0.0742547,7,1,63,0.0742547,
g1f3
BLACK
14,14,14,14,14,2,14,14,14,14,14,5,14,14,14,3,1,14,14,14,14,9,0,14,10,3,8,14,0,14,8,14,14,8,14,14,1,14,8,11,8,14,14,2,0,14,14,14,14,14,14,14,14,14,14,8,14,14,14,14,14,14,13,11,0,0,0,0,-1,
1,3,7,0.201589,1,3,14,0.201589,1,3,35,0.201589,1,3,49,0.201589,4,4,62,0.193645,
d2e2
WHITE
3,5,14,14,14,14,14,14,0,14,14,14,14,14,14,14,14,14,14,8,10,14,14,0,3,0,14,9,14,14,0,14,14,0,14,8,14,0,11,2,14,8,1,14,14,14,14,9,11,14,14,13,14,14,14,14,14,14,10,14,14,14,14,14,0,0,0,0,-1,
0,1,0,0.0577265,1,0,0,0.0577265,2,7,0,0.0499112,3,0,0,0.0577264,3,0,1,0.0577265,3,0,2,0.0577265,3,0,28,0.0499112,4,5,0,0.0577265,4,7,49,0.0577264,4,7,50,0.0577264,4,7,51,0.0577264,5,2,56,0.0499112,5,2,57,0.0577265,5,2,58,0.0577265,5,2,59,0.0577265,5,2,60,0.0499112,5,2,62,0.0499112,5,2,63,0.0577264,
a4d1
BLACK
14,14,14,10,14,2,14,14,14,14,14,14,5,14,14,3,1,14,14,14,14,9,0,14,14,3,8,14,0,14,8,14,14,8,14,14,1,14,8,11,8,14,14,2,0,14,14,14,14,14,14,14,14,14,14,8,14,14,14,14,14,14,13,11,0,0,0,0,-1,
1,4,0,0.338693,1,4,14,0.330653,1,4,35,0.330653,
e2f2
WHITE
3,5,14,14,14,14,14,14,0,14,14,14,14,14,14,14,14,14,14,8,10,14,14,0,3,0,14,9,14,14,0,14,14,0,14,8,14,0,11,14,14,8,1,14,14,14,14,9,11,14,13,14,14,14,14,14,14,14,10,14,2,14,14,14,0,0,0,0,-1,
0,1,0,0.0504674,1,0,0,0.0586912,2,7,0,0.0504674,3,0,0,0.0504674,3,0,1,0.0586912,3,0,2,0.0586912,3,0,28,0.0504674,4,5,0,0.0504675,5,2,56,0.0504674,5,2,57,0.0504675,5,2,58,0.0586912,5,2,59,0.0504675,5,2,60,0.0504674,5,2,62,0.0504674,5,2,63,0.0504674,7,4,21,0.0504674,7,4,22,0.0586912,7,4,23,0.0504674,7,4,35,0.0504674,
d1b3
BLACK
14,14,14,14,14,2,14,14,14,14,14,14,14,5,14,3,1,10,14,14,14,9,0,14,14,3,8,14,0,14,8,14,14,8,14,14,1,14,8,11,8,14,14,2,0,14,14,14,14,14,14,14,14,14,14,8,14,14,14,14,14,14,13,11,0,0,0,0,-1,
0,5,7,0.0264129,0,5,8,0.0264129,0,5,49,0.0348072,0,5,50,0.0264129,0,5,51,0.0264129,1,5,14,0.0264129,1,5,42,0.0264129,1,5,49,0.0264129,1,7,0,0.0264129,1,7,1,0.0264129,1,7,2,0.0264129,1,7,28,0.0264129,1,7,42,0.0264129,2,0,56,0.0264129,2,0,57,0.0264129,2,0,62,0.0348072,2,0,63,0.0264129,3,1,0,0.0348072,3,1,14,0.0264129,3,1,28,0.0264129,3,1,42,0.0264129,4,4,56,0.0264129,4,4,57,0.0348072,4,4,58,0.0264129,4,4,59,0.0348072,4,4,60,0.0348072,4,4,61,0.0348072,4,4,62,0.0264128,4,4,63,0.0264129,5,3,7,0.0264129,5,3,8,0.0264129,5,3,35,0.0348072,5,3,49,0.0264129,5,3,50,0.0348072,5,4,0,0.0264129,
e5c6
WHITE
3,5,14,14,14,14,14,14,0,14,14,14,14,14,14,14,14,14,14,8,10,9,14,0,3,0,14,14,14,14,0,14,14,0,14,8,14,0,11,14,14,8,1,14,14,14,2,9,11,14,13,14,14,14,14,14,14,14,10,14,14,14,14,14,0,0,0,0,-1,
0,1,0,0.0504674,1,0,0,0.0586912,2,7,0,0.0504674,3,0,0,0.0504675,3,0,1,0.0586912,3,0,2,0.0586912,3,0,28,0.0504674,4,5,0,0.0504674,5,2,56,0.0504674,5,2,57,0.0504675,5,2,58,0.0586912,5,2,59,0.0504675,5,2,60,0.0504674,5,2,62,0.0504674,5,2,63,0.0504674,5,6,7,0.0504674,5,6,21,0.0504674,5,6,49,0.0586912,5,6,50,0.0504674,
h5h6
BLACK
14,14,14,14,14,2,14,14,14,14,14,14,14,5,14,3,1,10,14,14,14,9,0,14,14,3,8,14,0,14,8,14,14,8,14,14,14,14,8,14,8,14,1,2,0,14,14,11,14,14,14,14,14,14,14,8,14,14,14,14,14,14,13,11,0,0,0,0,-1,
0,5,7,0.0251729,0,5,8,0.0251729,0,5,49,0.0338589,0,5,50,0.0251729,0,5,51,0.0251729,1,5,14,0.0251729,1,5,42,0.0251729,1,5,49,0.0251729,1,7,0,0.0251729,1,7,1,0.0251729,1,7,2,0.0251729,1,7,3,0.0338589,1,7,28,0.0251729,1,7,42,0.0251729,2,0,56,0.0251729,2,0,57,0.0251729,2,0,62,0.0338589,2,0,63,0.0251729,3,1,0,0.0251729,3,1,14,0.0251729,3,1,28,0.0251729,3,1,42,0.0251729,3,4,0,0.0251729,5,2,56,0.0251729,5,2,57,0.0251729,5,2,58,0.0338589,5,2,59,0.0251729,5,2,60,0.0251729,5,2,62,0.0251729,5,2,63,0.0251729,5,3,7,0.0251729,5,3,8,0.0251729,5,3,21,0.0251729,5,3,22,0.0251729,5,3,35,0.0251729,5,3,49,0.0251729,5,3,50,0.0338589,5,4,0,0.0251729,
c6a5
WHITE
3,5,14,14,14,14,14,14,0,14,14,14,14,14,14,14,3,14,14,8,10,14,14,0,14,0,14,14,14,14,0,9,14,0,14,8,14,0,11,14,14,8,1,14,14,14,2,9,11,14,13,14,14,14,14,14,14,14,10,14,14,14,14,14,0,0,0,0,-1,
0,1,0,0.0503795,2,0,0,0.0503795,2,0,1,0.0503795,2,0,2,0.0503795,2,0,3,0.0503795,2,0,14,0.0503795,2,0,15,0.0427897,2,0,16,0.0503795,4,5,0,0.0503795,5,2,56,0.0503795,5,2,57,0.0503795,5,2,58,0.0503795,5,2,59,0.0503795,5,2,60,0.0503795,5,2,62,0.0503795,5,2,63,0.0503795,5,6,7,0.0503795,5,6,21,0.0503795,5,6,49,0.0503795,5,6,50,0.0503795,
b3c2
BLACK
14,14,14,14,14,2,14,14,14,14,10,14,14,5,14,3,1,14,14,14,14,9,0,14,14,3,8,14,0,14,8,14,1,8,14,14,14,14,8,14,8,14,14,2,0,14,14,11,14,14,14,14,14,14,14,8,14,14,14,14,14,14,13,11,0,0,0,0,-1,
0,5,7,0.0311276,0,5,8,0.0311276,0,5,49,0.0311276,0,5,50,0.0231423,0,5,51,0.0311276,1,5,14,0.0231423,1,5,42,0.0231423,1,5,49,0.0311276,1,7,0,0.0311276,1,7,1,0.0311276,1,7,2,0.0231423,1,7,3,0.0311276,1,7,28,0.0231423,1,7,42,0.0231423,2,0,56,0.0231423,2,0,57,0.0311276,2,0,62,0.0311276,2,0,63,0.0311276,3,1,0,0.0311276,3,1,14,0.0231423,3,1,28,0.0231423,3,1,29,0.0231423,3,1,30,0.0231423,3,1,42,0.0231423,3,4,0,0.0231423,4,0,56,0.0231423,4,0,57,0.0311276,4,0,62,0.0311276,4,0,63,0.0231423,5,3,7,0.0231423,5,3,8,0.0231423,5,3,21,0.0311276,5,3,22,0.0231423,5,3,35,0.0311276,5,3,49,0.0311276,5,3,50,0.0311276,5,4,0,0.0231423,
a3b1
WHITE
3,5,14,14,14,14,14,14,0,14,14,14,14,14,14,14,3,14,14,8,10,14,14,0,14,0,14,14,14,14,0,9,14,0,14,8,14,0,11,14,14,8,1,14,14,14,14,14,11,14,13,14,14,2,14,14,14,14,10,14,14,14,9,14,0,0,0,0,-1,
0,1,0,0.0479393,2,0,0,0.0401302,2,0,1,0.0479392,2,0,2,0.0479392,2,0,3,0.0479393,2,0,14,0.0479392,2,0,15,0.0401302,2,0,16,0.0479392,4,5,0,0.0479392,5,2,56,0.0401302,5,2,57,0.0479392,5,2,58,0.0479393,5,2,59,0.0479393,5,2,60,0.0479392,5,2,62,0.0401301,5,2,63,0.0479392,6,5,7,0.0401301,6,5,21,0.0479393,6,5,22,0.0401301,6,5,35,0.0479392,6,5,36,0.0479393,6,5,49,0.0401302,
c2e4 (capture)
BLACK
14,1,14,14,14,2,14,14,14,14,14,14,14,5,14,3,14,14,14,14,14,9,0,14,14,3,8,14,10,14,8,14,1,8,14,14,14,14,8,14,8,14,14,2,0,14,14,11,14,14,14,14,14,14,14,8,14,14,14,14,14,14,13,11,0,0,0,0,-1,
0,1,56,0.0242074,0,1,57,0.0319008,0,1,58,0.0242074,0,5,7,0.0319008,0,5,8,0.0319008,0,5,49,0.0319008,0,5,50,0.0319008,0,5,51,0.0319008,1,5,14,0.0242075,1,5,42,0.0319008,1,5,49,0.0319008,1,7,0,0.0319008,1,7,1,0.0319008,1,7,2,0.0319008,1,7,3,0.0319008,1,7,28,0.0319008,1,7,42,0.0319008,3,1,0,0.0319008,3,1,14,0.0319008,3,1,28,0.0319008,3,1,29,0.0242075,3,1,42,0.0242074,4,0,56,0.0242074,4,0,57,0.0319008,4,0,62,0.0319008,4,0,63,0.0242074,5,3,7,0.0242075,5,3,8,0.0242075,5,3,21,0.0319008,5,3,22,0.0242074,5,3,35,0.0319008,5,3,49,0.0319008,5,3,50,0.0319008,5,4,0,0.0242075,
f1e2
WHITE
3,5,14,14,14,14,14,14,0,14,14,14,14,14,14,14,3,14,14,8,10,14,14,0,14,0,14,14,14,14,0,9,14,0,14,2,14,0,11,14,14,8,1,14,14,14,14,14,11,14,13,10,14,14,14,14,14,14,14,14,14,14,9,14,0,0,0,0,-1,
0,1,0,0.040299,2,0,0,0.040299,2,0,1,0.040299,2,0,2,0.040299,2,0,3,0.040299,2,0,14,0.040299,2,0,15,0.040299,2,0,16,0.040299,4,3,7,0.040299,4,3,8,0.040299,4,3,9,0.0402991,4,3,21,0.040299,4,3,22,0.0402991,4,3,23,0.0402991,4,3,24,0.0328238,4,3,35,0.040299,4,3,36,0.040299,4,5,0,0.040299,5,2,56,0.040299,5,2,57,0.040299,5,2,58,0.040299,5,2,59,0.040299,5,2,60,0.0402991,5,2,62,0.0402991,5,2,63,0.040299,
e4b7
BLACK
14,1,14,14,14,14,14,14,14,14,14,14,2,5,14,3,14,14,14,14,14,9,0,14,14,3,8,14,14,14,8,14,1,8,14,14,14,14,8,14,8,14,14,2,0,14,14,11,14,10,14,14,14,14,14,8,14,14,14,14,14,14,13,11,0,0,0,0,-1,
0,1,56,0.0242074,0,1,57,0.0319008,0,1,58,0.0242074,1,4,7,0.0319008,1,4,21,0.0319008,1,4,35,0.0242075,1,4,49,0.0319008,1,4,50,0.0319008,1,5,14,0.0242074,1,5,28,0.0319008,1,5,49,0.0319008,1,7,0,0.0319008,1,7,1,0.0319008,1,7,2,0.0319008,1,7,3,0.0319008,1,7,28,0.0319008,1,7,42,0.0319008,3,1,0,0.0319008,3,1,14,0.0319008,3,1,28,0.0319008,3,1,29,0.0319008,3,1,42,0.0242075,4,0,56,0.0242074,4,0,57,0.0319008,4,0,62,0.0319008,4,0,63,0.0242074,5,3,7,0.0242075,5,3,8,0.0242075,5,3,21,0.0319008,5,3,22,0.0242075,5,3,35,0.0319008,5,3,49,0.0319008,5,3,50,0.0319008,5,4,0,0.0242074,
b1a3
WHITE
3,5,14,14,14,14,14,14,0,14,14,14,14,14,2,14,3,14,14,8,10,14,14,0,14,0,14,14,14,14,0,9,14,0,14,14,14,0,11,14,14,8,1,14,14,14,14,9,11,14,13,10,14,14,14,14,14,14,14,14,14,14,14,14,0,0,0,0,-1,
0,1,0,0.0494625,1,6,21,0.0494625,1,6,35,0.0417199,1,6,49,0.0494626,1,6,50,0.0494625,1,6,51,0.0494625,2,0,0,0.0417199,2,0,1,0.0494625,2,0,2,0.0494625,2,0,3,0.0494625,2,0,14,0.0494626,2,0,15,0.0417199,2,0,16,0.0494625,4,5,0,0.0494625,5,2,56,0.0417199,5,2,57,0.0494625,5,2,58,0.0494625,5,2,59,0.0494626,5,2,60,0.0494626,5,2,62,0.0417199,5,2,63,0.0494626,
b7d5
BLACK
14,14,14,14,14,14,14,14,14,14,14,14,2,5,14,3,1,14,14,14,14,9,0,14,14,3,8,14,14,14,8,14,1,8,14,10,14,14,8,14,8,14,14,2,0,14,14,11,14,14,14,14,14,14,14,8,14,14,14,14,14,14,13,11,0,0,0,0,-1,
1,4,7,0.028804,1,4,21,0.0288041,1,4,35,0.0288041,1,4,49,0.028804,1,4,50,0.028804,1,5,14,0.0288041,1,5,28,0.028804,1,5,49,0.0288041,1,7,0,0.0288041,1,7,1,0.0288041,1,7,2,0.0288041,1,7,3,0.028804,1,7,28,0.0288041,1,7,42,0.0288041,2,0,56,0.0214148,2,0,57,0.0288041,2,0,62,0.028804,2,0,63,0.028804,3,1,0,0.028804,3,1,14,0.0288041,3,1,28,0.0288041,3,1,29,0.0288041,3,1,30,0.0288041,3,1,42,0.0288041,4,0,56,0.0214148,4,0,57,0.0288041,4,0,62,0.0288041,4,0,63,0.0214148,5,3,7,0.0214148,5,3,8,0.0214148,5,3,21,0.0288041,5,3,22,0.0288041,5,3,35,0.028804,5,3,49,0.0288041,5,3,50,0.028804,5,4,0,0.0288041,
e2f1
WHITE
3,5,14,14,14,14,14,14,0,14,14,14,14,14,14,14,3,14,14,8,10,14,14,0,14,0,14,14,2,14,0,9,14,0,14,14,14,0,11,14,14,8,1,14,14,14,14,9,11,14,13,14,14,14,14,14,14,14,10,14,14,14,14,14,0,0,0,0,-1,
0,1,0,0.0494625,2,0,0,0.0494625,2,0,1,0.0494626,2,0,2,0.0494625,2,0,3,0.0494625,2,0,14,0.0494625,2,0,15,0.0417199,2,0,16,0.0494625,3,4,21,0.0494626,3,4,22,0.0417199,3,4,23,0.0417199,3,4,35,0.0494625,3,4,49,0.0494625,4,5,0,0.0494626,5,2,56,0.0417199,5,2,57,0.0494626,5,2,58,0.0494625,5,2,59,0.0494625,5,2,60,0.0494626,5,2,62,0.0417199,5,2,63,0.0494625,
f3g1
BLACK
14,14,14,14,14,2,9,14,14,14,14,14,14,5,14,3,1,14,14,14,14,14,0,14,14,3,8,14,14,14,8,14,1,8,14,10,14,14,8,14,8,14,14,2,0,14,14,11,14,14,14,14,14,14,14,8,14,14,14,14,14,14,13,11,0,0,0,0,-1,
0,5,7,0.0288041,0,5,8,0.0288041,0,5,49,0.028804,0,5,50,0.0288041,0,5,51,0.028804,1,5,21,0.0288041,1,5,35,0.028804,1,5,49,0.028804,1,7,0,0.0288041,1,7,1,0.028804,1,7,2,0.0288041,1,7,3,0.028804,1,7,28,0.0288041,1,7,42,0.0288041,2,0,56,0.0214148,2,0,57,0.0288041,2,0,62,0.028804,2,0,63,0.0288041,3,1,0,0.028804,3,1,14,0.0288041,3,1,28,0.0288041,3,1,29,0.0288041,3,1,30,0.0288041,3,1,42,0.0288041,4,0,56,0.0214148,4,0,57,0.0288041,4,0,62,0.0288041,4,0,63,0.0214148,5,3,7,0.0214148,5,3,8,0.0214148,5,3,21,0.0288041,5,3,22,0.0288041,5,3,35,0.028804,5,3,49,0.0288041,5,3,50,0.028804,5,4,0,0.0288041,
d6c5
WHITE
3,5,14,14,14,14,14,14,0,14,14,14,14,14,14,14,3,14,14,8,14,14,14,0,14,0,14,14,2,10,0,9,14,0,14,14,14,0,11,14,14,8,14,14,14,14,14,9,11,14,13,14,14,14,14,14,14,1,10,14,14,14,14,14,0,0,0,0,-1,
0,1,0,0.0503795,2,0,0,0.0503795,2,0,1,0.0503795,2,0,2,0.0503795,2,0,3,0.0503795,2,0,14,0.0503795,2,0,15,0.0503795,2,0,16,0.0503795,3,4,21,0.0503795,3,4,22,0.0427897,3,4,23,0.0503795,3,4,35,0.0503795,3,4,49,0.0503795,3,4,50,0.0503795,3,4,51,0.0503795,3,4,52,0.0503795,4,5,0,0.0503795,7,1,61,0.0503795,7,1,62,0.0503795,7,1,63,0.0503795,
h6e6 (capture)
BLACK
14,14,14,14,14,2,9,14,14,14,14,14,14,5,14,3,1,14,14,14,14,14,0,14,14,3,8,14,14,14,8,14,1,8,2,10,14,14,8,14,8,14,14,14,11,14,14,14,14,14,14,14,14,14,14,8,14,14,14,14,14,14,13,11,0,0,0,0,-1,
0,5,7,0.0319008,0,5,8,0.0319008,0,5,49,0.0319008,0,5,50,0.0242075,0,5,51,0.0319008,1,5,21,0.0242075,1,7,0,0.0319008,1,7,1,0.0319008,1,7,2,0.0319008,1,7,3,0.0319008,1,7,4,0.0319008,1,7,28,0.0319008,1,7,42,0.0242075,2,0,56,0.0242075,2,0,57,0.0319008,2,0,62,0.0319008,2,0,63,0.0319008,3,1,0,0.0319008,3,1,14,0.0242074,3,1,28,0.0242074,3,1,29,0.0242074,3,1,30,0.0319008,3,1,42,0.0242074,4,0,56,0.0242074,4,0,57,0.0319008,4,0,62,0.0319008,4,0,63,0.0242074,4,2,7,0.0319008,4,2,8,0.0319008,4,2,9,0.0319008,4,2,21,0.0319008,4,2,22,0.0319008,4,2,49,0.0319008,4,2,50,0.0242075,
a3b5 (capture)
WHITE
3,5,14,14,14,14,14,14,0,14,14,14,14,14,14,14,14,14,14,3,14,14,14,0,14,0,14,14,2,10,9,9,14,0,14,14,14,0,11,14,14,8,14,14,14,14,14,14,11,14,13,14,14,14,14,14,14,1,10,14,14,14,14,14,0,0,0,0,-1,
0,1,0,0.0327425,0,1,7,0.0327426,1,0,0,0.0411535,1,0,1,0.0327426,2,3,0,0.0411535,2,3,1,0.0327426,2,3,2,0.0411535,2,3,3,0.0327426,2,3,4,0.0327426,2,3,14,0.0327426,2,3,15,0.0327426,2,3,16,0.0327425,2,3,28,0.0327425,2,3,29,0.0327426,2,3,42,0.0327426,2,3,43,0.0411535,2,3,44,0.0327426,2,7,49,0.0327426,3,4,21,0.0411535,3,4,22,0.0327425,3,4,23,0.0327426,3,4,49,0.0327426,3,4,50,0.0411535,3,4,51,0.0327425,3,4,52,0.0327426,4,5,0,0.0327426,7,1,61,0.0327426,7,1,62,0.0327426,7,1,63,0.0327426,
d5f3
BLACK
14,14,14,14,14,2,9,14,14,14,14,14,14,5,14,3,14,14,14,14,14,10,0,14,14,3,8,14,14,14,8,14,1,1,2,14,14,14,8,14,8,14,14,14,11,14,14,14,14,14,14,14,14,14,14,8,14,14,14,14,14,14,13,11,0,0,0,0,-1,
0,5,7,0.0264129,0,5,8,0.0264129,0,5,49,0.0348072,0,5,50,0.0264129,0,5,51,0.0264129,1,5,21,0.0264129,1,7,0,0.0264129,1,7,1,0.0348072,1,7,2,0.0264129,1,7,3,0.0348072,1,7,4,0.0264129,1,7,28,0.0264129,1,7,42,0.0264129,3,1,14,0.0264129,3,1,28,0.0264129,3,1,29,0.0264128,3,1,30,0.0264129,3,1,42,0.0264129,4,0,56,0.0264129,4,0,57,0.0264129,4,0,62,0.0264129,4,0,63,0.0264129,4,1,56,0.0264129,4,1,57,0.0348072,4,1,58,0.0264129,4,1,61,0.0348072,4,1,62,0.0348072,4,1,63,0.0348072,4,2,7,0.0348072,4,2,8,0.0264129,4,2,9,0.0264129,4,2,21,0.0348072,4,2,22,0.0264129,4,2,49,0.0264129,4,2,50,0.0264129,
h2h7 (capture)
WHITE
3,5,14,14,14,14,14,14,11,14,14,14,14,14,14,14,14,14,14,3,14,14,14,0,14,0,14,14,14,10,9,9,14,0,14,14,14,0,11,14,14,8,2,14,14,14,14,14,14,14,13,14,14,14,14,14,14,1,10,14,14,14,14,14,0,0,0,0,-1,
0,0,0,0.0370671,0,1,49,0.0370671,2,3,0,0.0370671,2,3,1,0.0370671,2,3,2,0.0370671,2,3,3,0.0370671,2,3,4,0.0370671,2,3,14,0.0370671,2,3,15,0.0294913,2,3,16,0.0294913,2,3,28,0.0294913,2,3,29,0.0370671,2,3,42,0.0370671,2,3,43,0.0370671,2,3,44,0.0370671,2,7,49,0.0370671,4,5,0,0.0370671,5,2,7,0.0370671,5,2,8,0.0370671,5,2,21,0.0294913,5,2,22,0.0370671,5,2,23,0.0370671,5,2,24,0.0370671,5,2,25,0.0370671,5,2,49,0.0370671,5,2,50,0.0370671,7,1,61,0.0294913,7,1,63,0.0370671,
e6e1
BLACK
14,14,14,14,11,2,9,14,14,14,14,14,14,5,14,14,14,14,14,14,14,10,0,14,14,3,8,14,14,14,8,14,1,1,2,14,14,14,8,14,8,14,14,14,14,14,14,14,14,14,14,14,14,14,14,3,14,14,14,14,14,14,13,11,0,0,0,0,-1,
0,5,7,0.0263136,0,5,8,0.0263136,0,5,49,0.0263136,0,5,50,0.0185792,0,5,51,0.0263136,1,5,21,0.0185792,1,5,35,0.0263136,3,1,14,0.0185792,3,1,28,0.0185791,3,1,29,0.0185792,3,1,30,0.0185792,3,1,42,0.0185792,4,0,56,0.0185792,4,0,57,0.0263136,4,0,62,0.0263137,4,0,63,0.0185791,4,1,56,0.0263136,4,1,57,0.0263136,4,1,58,0.0263137,4,1,61,0.0263136,4,1,62,0.0263136,4,1,63,0.0263136,4,2,7,0.0263136,4,2,8,0.0263136,4,2,9,0.0263136,4,2,21,0.0263136,4,2,22,0.0263136,4,2,49,0.0263136,4,2,50,0.0185791,6,7,0,0.0263136,6,7,28,0.0185791,6,7,29,0.0263136,6,7,30,0.0263137,6,7,31,0.0185792,6,7,32,0.0185792,6,7,33,0.0185791,6,7,42,0.0263136,6,7,43,0.0263136,6,7,44,0.0185791,6,7,45,0.0263136,6,7,46,0.0185792,6,7,47,0.0185791,6,7,48,0.0263136,
f1c4 (capture)
WHITE
3,5,14,14,14,14,14,14,11,14,14,14,14,14,14,14,14,14,14,14,14,14,14,0,14,0,14,14,14,10,9,9,14,0,14,14,14,10,11,14,14,8,2,14,14,14,14,14,14,14,13,14,14,14,14,14,14,1,14,3,14,14,14,14,0,0,0,0,-1,
0,1,49,0.338693,5,2,22,0.330653,7,3,32,0.330653,
f3d5
BLACK
14,14,14,14,11,14,9,14,14,14,14,14,14,5,14,14,14,14,14,14,14,14,0,14,14,3,2,14,14,14,8,14,1,1,2,10,14,14,8,14,8,14,14,14,14,14,14,14,14,14,14,14,14,14,14,3,14,14,14,14,14,14,13,11,0,0,0,0,-1,
1,5,35,0.0229139,3,1,28,0.022914,3,1,29,0.022914,3,1,30,0.022914,3,1,42,0.0229139,3,2,7,0.0229139,3,2,21,0.022914,3,2,22,0.0229139,3,2,23,0.022914,3,2,35,0.0229139,3,2,36,0.0229139,4,0,56,0.022914,4,0,57,0.0229139,4,0,62,0.0229139,4,1,56,0.0229139,4,1,57,0.0315608,4,1,58,0.0229139,4,1,61,0.0315608,4,1,62,0.0315608,4,1,63,0.0315608,4,2,7,0.0229139,4,2,8,0.0229139,4,2,9,0.0229139,4,2,21,0.0315608,4,2,22,0.022914,4,2,49,0.0229139,4,2,50,0.022914,6,7,0,0.022914,6,7,28,0.0229139,6,7,29,0.0229139,6,7,30,0.0229139,6,7,31,0.0229139,6,7,32,0.022914,6,7,33,0.0229139,6,7,42,0.0229139,6,7,43,0.0315608,6,7,44,0.0229139,6,7,45,0.022914,6,7,46,0.0229139,6,7,47,0.0229139,6,7,48,0.0315608,
b5d4
WHITE
3,5,14,14,14,14,14,14,11,14,14,14,14,14,14,14,14,14,14,14,14,14,14,0,14,0,14,14,2,10,14,9,14,0,14,14,9,10,11,14,14,8,14,14,14,14,14,14,14,14,13,14,14,14,14,14,14,1,14,3,14,14,14,14,0,0,0,0,-1,
0,0,0,0.0503795,0,1,49,0.0503795,3,4,7,0.0503795,3,4,35,0.0503795,3,4,36,0.0503795,7,1,61,0.0427897,7,1,62,0.0503795,7,1,63,0.0503795,7,3,14,0.0503795,7,3,15,0.0503795,7,3,16,0.0503795,7,3,17,0.0503795,7,3,28,0.0503795,7,3,29,0.0503795,7,3,30,0.0503795,7,3,31,0.0503795,7,3,32,0.0503795,7,3,33,0.0503795,7,3,34,0.0503795,7,3,42,0.0503795,
e1b1
BLACK
14,11,14,14,14,14,9,14,14,14,14,14,14,5,14,14,14,14,14,14,14,14,0,14,14,3,2,1,14,14,8,14,1,14,2,10,14,14,8,14,8,14,14,14,14,14,14,14,14,14,14,14,14,14,14,3,14,14,14,14,14,14,13,11,0,0,0,0,-1,
1,5,49,0.0242165,3,1,0,0.0242164,3,1,1,0.0242164,3,1,2,0.0242164,3,1,3,0.0242164,3,1,28,0.0165402,3,1,29,0.0165402,3,1,30,0.0165402,3,1,42,0.0165402,3,2,7,0.0242164,3,2,21,0.0242165,3,2,22,0.0242165,3,2,23,0.0165402,3,2,35,0.0242164,3,2,36,0.0242164,3,2,49,0.0242165,3,2,50,0.0165402,3,3,56,0.0242165,3,3,57,0.0242164,3,3,58,0.0165402,3,3,59,0.0165402,3,3,60,0.0242165,3,3,61,0.0165402,3,3,62,0.0242164,3,3,63,0.0242164,4,0,56,0.0165402,4,0,57,0.0242164,4,0,62,0.0242164,4,2,7,0.0242164,4,2,8,0.0242164,4,2,9,0.0242164,4,2,49,0.0242164,4,2,50,0.0165402,6,7,0,0.0242165,6,7,28,0.0165402,6,7,29,0.0242164,6,7,30,0.0242165,6,7,31,0.0165402,6,7,32,0.0165402,6,7,33,0.0165402,6,7,42,0.0242164,6,7,43,0.0242164,6,7,44,0.0165401,6,7,45,0.0242165,6,7,46,0.0165402,6,7,47,0.0165401,6,7,48,0.0242164,
c4d5 (capture)
WHITE
3,5,14,14,14,14,14,14,11,14,14,14,14,14,14,14,14,14,14,14,14,14,14,0,14,0,14,14,10,10,14,9,14,0,14,14,9,14,11,14,14,8,14,14,14,14,14,14,14,14,13,14,14,14,14,14,14,1,14,14,14,14,3,14,0,0,0,0,-1,
0,1,49,1,
g8h7 (capture)
BLACK
14,11,14,14,14,14,9,14,14,14,14,14,14,5,14,14,14,14,14,14,14,14,0,14,14,3,14,1,14,14,8,14,1,14,2,2,14,14,8,14,8,14,14,14,14,14,14,14,14,14,14,14,14,14,14,13,14,14,14,14,14,14,14,11,0,0,0,0,-1,
1,5,14,0.022914,1,5,49,0.0229139,3,1,0,0.0315608,3,1,1,0.0315608,3,1,2,0.0315608,3,1,3,0.0229139,3,1,14,0.022914,3,1,28,0.022914,3,1,29,0.0229139,3,1,30,0.0229139,3,1,42,0.022914,3,3,56,0.0229139,3,3,57,0.0315608,3,3,58,0.0229139,3,3,59,0.022914,3,3,60,0.0229139,3,3,61,0.022914,3,3,62,0.0229139,3,3,63,0.0229139,4,0,56,0.022914,4,0,57,0.0229139,4,0,62,0.022914,4,0,63,0.0229139,4,2,7,0.0315608,4,2,8,0.0229139,4,2,9,0.0229139,4,2,49,0.0229139,4,2,50,0.022914,4,3,7,0.022914,4,3,8,0.0315608,4,3,9,0.0229139,4,3,21,0.0229139,4,3,22,0.022914,4,3,23,0.0229139,4,3,24,0.0229139,4,3,35,0.0229139,4,3,36,0.0229139,4,3,37,0.0229139,4,3,49,0.0229139,4,3,50,0.0315608,4,3,51,0.0229139,
c5b6
WHITE
3,14,14,14,14,14,14,14,5,14,14,14,14,14,14,14,14,14,14,14,14,14,10,0,14,0,14,14,10,14,14,9,14,0,14,14,9,14,11,14,14,8,14,14,14,14,14,14,14,14,13,14,14,14,14,14,14,1,14,14,14,14,3,14,0,0,0,0,-1,
0,0,14,0.0494625,0,0,15,0.0494626,0,0,16,0.0494626,0,0,17,0.0417199,0,0,18,0.0494625,0,0,19,0.0494625,0,0,20,0.0494625,1,0,0,0.0494625,1,0,7,0.0494625,1,0,14,0.0417199,7,1,61,0.0417199,7,1,62,0.0494626,7,1,63,0.0494625,7,6,14,0.0417199,7,6,28,0.0494626,7,6,29,0.0494625,7,6,30,0.0494625,7,6,42,0.0494626,7,6,43,0.0494625,7,6,44,0.0494625,7,6,45,0.0417199,
h8c8
BLACK
14,11,14,14,14,14,9,14,14,14,14,14,14,5,14,14,14,14,14,14,14,14,0,14,14,3,14,1,14,14,8,14,1,14,14,2,14,14,8,14,8,2,14,14,14,14,14,14,14,14,14,14,14,14,14,13,14,14,11,14,14,14,14,14,0,0,0,0,-1,
1,5,14,0.0231423,1,5,49,0.0311276,3,1,0,0.0311276,3,1,14,0.0231423,3,1,28,0.0231423,3,1,29,0.0231423,3,1,30,0.0231423,3,1,42,0.0231423,3,3,56,0.0311276,3,3,57,0.0311276,3,3,58,0.0231423,3,3,59,0.0231423,3,3,60,0.0311276,3,3,61,0.0231423,3,3,62,0.0311276,3,3,63,0.0311276,4,0,56,0.0231423,4,0,57,0.0311276,4,0,62,0.0311276,4,0,63,0.0231423,4,3,7,0.0311276,4,3,8,0.0311276,4,3,9,0.0231423,4,3,21,0.0231423,4,3,22,0.0311276,4,3,23,0.0311276,4,3,24,0.0231423,4,3,35,0.0311276,4,3,36,0.0311276,4,3,37,0.0311276,4,3,49,0.0231423,4,3,50,0.0311276,4,3,51,0.0231423,5,1,7,0.0231423,5,1,8,0.0231423,5,1,21,0.0231423,5,1,49,0.0311276,
b6d8
WHITE
14,14,14,14,10,3,14,14,5,14,14,14,14,14,14,14,14,14,14,14,14,14,14,0,14,0,14,14,10,14,14,9,14,0,14,14,9,14,11,14,14,8,14,14,14,14,14,14,14,14,13,14,14,14,14,14,14,1,14,14,14,14,3,14,0,0,0,0,-1,
0,5,0,0.040299,0,5,1,0.040299,0,5,2,0.040299,0,5,3,0.040299,0,5,4,0.040299,0,5,5,0.0402991,0,5,6,0.040299,0,5,14,0.040299,0,5,15,0.040299,0,5,42,0.0402991,1,0,0,0.040299,1,0,7,0.040299,1,0,14,0.0402991,1,0,28,0.040299,7,1,61,0.0328238,7,1,62,0.040299,7,1,63,0.040299,7,6,14,0.040299,7,6,28,0.0402991,7,6,29,0.040299,7,6,30,0.040299,7,6,42,0.040299,7,6,43,0.0402991,7,6,44,0.040299,7,6,45,0.040299,
b1b2
BLACK
14,14,14,14,14,14,9,14,14,11,14,14,14,5,14,14,14,14,14,14,14,14,0,14,14,3,14,1,14,14,8,14,1,14,14,2,14,14,8,14,8,14,14,14,14,14,14,14,14,14,14,14,14,14,14,13,14,14,11,2,14,14,14,14,0,0,0,0,-1,
1,5,21,0.0669593,1,5,28,0.0866814,1,5,35,0.0813894,1,5,49,0.191242,3,1,29,0.191242,3,3,61,0.191243,3,3,62,0.191242,
f2f1
WHITE
14,14,14,14,10,3,14,14,5,14,14,14,14,14,14,14,14,14,14,14,14,14,14,0,14,0,14,14,10,14,14,9,14,0,14,14,9,14,11,14,14,8,14,14,14,14,14,14,14,14,14,14,14,14,3,14,14,1,13,14,14,14,14,14,0,0,0,0,-1,
0,5,0,0.0027581,0,5,1,0.00216419,0,5,2,0.0027581,0,5,3,0.00216419,0,5,4,0.0027581,0,5,5,0.00216419,0,5,6,0.937792,0,5,14,0.00216419,0,5,15,0.0027581,0,5,42,0.00216419,1,0,0,0.0027581,1,0,7,0.0027581,1,0,14,0.00216419,1,0,28,0.00216419,6,6,0,0.00216419,6,6,14,0.00216419,6,6,28,0.0027581,6,6,29,0.00216419,6,6,42,0.00216419,6,6,43,0.0027581,6,6,44,0.00216419,6,6,45,0.00216419,6,6,46,0.0027581,6,6,47,0.00216419,7,1,61,0.00216424,7,1,62,0.00216419,7,1,63,0.0027581,
c8c1
BLACK
-1 WINNER!
