3,1,2,4,5,2,1,3,0,0,0,0,0,0,0,0,14,14,14,14,14,14,14,14,14,14,14,14,14,14,14,14,14,14,14,14,14,14,14,14,14,14,14,14,14,14,14,14,8,8,8,8,8,8,8,8,11,9,10,12,13,10,9,11,1,1,1,1,-1,
0,1,57,0.0501002,0,1,58,0.0501002,0,6,57,0.0501002,0,6,58,0.0501002,1,0,0,0.0501002,1,0,1,0.0501002,1,1,0,0.0501002,1,1,1,0.0501002,1,2,0,0.0501002,1,2,1,0.0501002,1,3,0,0.0501002,1,3,1,0.0501002,1,4,0,0.0480961,1,4,1,0.0501002,1,5,0,0.0501002,1,5,1,0.0501002,1,6,0,0.0501002,1,6,1,0.0501002,1,7,0,0.0501002,1,7,1,0.0501002,
g2g4
WHITE
3,1,2,5,4,2,1,3,0,0,0,0,0,0,0,0,14,14,14,14,14,14,14,14,14,14,14,14,14,14,14,14,14,8,14,14,14,14,14,14,14,14,14,14,14,14,14,14,8,14,8,8,8,8,8,8,11,9,10,13,12,10,9,11,1,1,1,1,41,
0,1,57,0.0501002,0,1,58,0.0501002,0,6,57,0.0501002,0,6,58,0.0501002,1,0,0,0.0501002,1,0,1,0.0501002,1,1,0,0.0501002,1,1,1,0.0501002,1,2,0,0.0501002,1,2,1,0.0501002,1,3,0,0.0501002,1,3,1,0.0501002,1,4,0,0.0480961,1,4,1,0.0501002,1,5,0,0.0501002,1,5,1,0.0501002,1,6,0,0.0501002,1,6,1,0.0501002,1,7,0,0.0501002,1,7,1,0.0501002,
a7a5
BLACK
3,1,2,4,5,2,1,3,0,0,0,0,0,0,14,0,14,14,14,14,14,14,14,14,14,14,14,14,14,14,0,14,8,14,14,14,14,14,14,14,14,14,14,14,14,14,14,14,14,8,8,8,8,8,8,8,11,9,10,12,13,10,9,11,1,1,1,1,40,
0,1,57,0.0480962,0,1,58,0.0480962,0,5,7,0.0480962,0,5,8,0.0460922,0,6,57,0.0480962,0,6,58,0.0480962,1,0,0,0.0480962,1,0,1,0.0480962,1,1,0,0.0460922,1,1,1,0.0460922,1,2,0,0.0480962,1,2,1,0.0480962,1,3,0,0.0480962,1,3,1,0.0480962,1,4,0,0.0460922,1,4,1,0.0480962,1,5,0,0.0480962,1,5,1,0.0460922,1,7,0,0.0480962,1,7,1,0.0480962,3,6,0,0.0480962,
e2e3
WHITE
3,1,2,5,4,2,1,3,0,0,0,0,0,0,0,14,14,14,14,14,14,14,14,14,14,14,14,14,14,14,14,0,14,8,14,14,14,14,14,14,14,14,14,8,14,14,14,14,8,14,8,14,8,8,8,8,11,9,10,13,12,10,9,11,1,1,1,1,-1,
0,1,57,0.0480962,0,1,58,0.0480962,0,6,57,0.0480962,0,6,58,0.0460922,0,7,0,0.0480962,0,7,1,0.0480962,1,0,0,0.0480962,1,0,1,0.0480962,1,1,0,0.0460922,1,1,1,0.0460922,1,2,0,0.0480962,1,2,1,0.0480962,1,3,0,0.0480962,1,3,1,0.0480962,1,4,0,0.0460922,1,4,1,0.0480962,1,5,0,0.0480962,1,5,1,0.0460922,1,6,0,0.0480962,1,6,1,0.0480962,3,7,0,0.0480962,
g8f6
BLACK
3,1,2,4,5,2,1,3,0,0,0,0,14,0,14,0,14,14,14,14,0,14,14,14,14,14,14,14,14,14,0,14,8,14,14,14,14,14,14,14,14,14,14,14,14,9,14,14,14,8,8,8,8,8,8,8,11,9,10,12,13,10,14,11,1,1,1,1,-1,
0,1,57,0.0340682,0,1,58,0.0340681,0,3,7,0.0340681,0,3,8,0.0340681,0,4,0,0.0340681,0,5,7,0.0340681,0,5,8,0.0340681,0,5,49,0.0340682,0,5,50,0.0340681,0,5,51,0.0360721,0,5,52,0.0360721,0,5,53,0.0340681,0,6,57,0.0340682,0,6,58,0.0340682,0,6,59,0.0340682,1,0,0,0.0360722,1,0,1,0.0360721,1,1,0,0.0340681,1,1,1,0.0340682,1,2,0,0.0340681,1,2,1,0.0340681,1,3,0,0.0340682,1,3,1,0.0340682,1,5,0,0.0360722,1,5,1,0.0340681,1,7,0,0.0340681,1,7,1,0.0340681,2,4,0,0.0360722,3,6,0,0.0340682,
e3e4
WHITE
3,14,2,5,4,2,1,3,0,0,0,0,0,0,0,14,14,14,1,14,14,14,14,14,14,14,14,14,14,14,14,0,14,8,14,8,14,14,14,14,14,14,14,14,14,14,14,14,8,14,8,14,8,8,8,8,11,9,10,13,12,10,9,11,1,1,1,1,-1,
0,0,14,0.0420842,0,6,57,0.0440882,0,6,58,0.0420842,0,7,0,0.0440882,0,7,1,0.0440882,1,0,0,0.0440882,1,0,1,0.0440882,1,1,0,0.0420842,1,1,1,0.0420842,1,3,0,0.0440882,1,3,1,0.0440882,1,4,0,0.0420842,1,4,1,0.0440882,1,5,0,0.0440882,1,5,1,0.0420842,1,6,0,0.0440882,1,6,1,0.0440882,2,2,56,0.0420842,2,2,57,0.0440882,2,2,58,0.0440882,2,2,59,0.0440882,2,2,61,0.0440882,3,7,0,0.0440882,
a5a4
BLACK
3,1,2,4,5,2,1,3,0,0,0,0,14,0,14,0,14,14,14,14,14,14,14,14,8,14,14,14,0,14,0,14,14,14,14,14,14,14,14,14,14,14,14,14,14,9,14,14,14,8,8,8,8,8,8,8,11,9,10,12,13,10,14,11,1,1,1,1,-1,
0,1,57,0.0360722,0,1,58,0.0360721,0,3,7,0.0360721,0,3,8,0.0340681,0,4,0,0.0360721,0,5,7,0.0360722,0,5,8,0.0340682,0,5,49,0.0360721,0,5,50,0.0360722,0,5,51,0.0360721,0,5,52,0.0360721,0,5,53,0.0360721,0,6,57,0.0360721,0,6,58,0.0360722,0,6,59,0.0360721,1,0,0,0.0360721,1,1,0,0.0340681,1,1,1,0.0340681,1,2,0,0.0360721,1,2,1,0.0360722,1,3,0,0.0360722,1,3,1,0.0360721,1,5,0,0.0360721,1,5,1,0.0340681,1,7,0,0.0360722,1,7,1,0.0360721,3,4,0,0.0360721,3,6,0,0.0360721,
f1a6
WHITE
3,14,2,5,4,2,1,3,0,0,0,0,0,0,0,14,14,14,1,14,14,14,14,10,14,14,14,14,14,14,14,14,14,8,14,8,14,14,14,0,14,14,14,14,14,14,14,14,8,14,8,14,8,8,8,8,11,9,14,13,12,10,9,11,1,1,1,1,-1,
0,0,14,0.0400802,0,6,57,0.0420842,0,6,58,0.0420842,0,7,0,0.0420842,0,7,1,0.0420841,1,0,0,0.0420842,1,0,1,0.0420842,1,1,0,0.0400802,1,1,1,0.0420842,1,3,0,0.0420842,1,3,1,0.0420842,1,4,0,0.0400802,1,4,1,0.0420842,1,5,0,0.0420842,1,5,1,0.0400801,1,6,0,0.0420842,1,6,1,0.0420842,1,6,7,0.0420842,2,2,56,0.0400802,2,2,57,0.0420842,2,2,58,0.0420842,2,2,59,0.0420842,2,2,61,0.0420842,4,7,0,0.0420842,
h8g8
BLACK
3,1,2,4,5,14,1,3,0,0,0,0,14,0,14,0,14,14,14,14,14,14,14,14,8,14,14,14,0,14,0,14,14,14,14,14,14,14,14,14,2,14,14,14,14,9,14,14,14,8,8,8,8,8,8,8,11,9,10,12,13,10,11,14,1,1,0,1,-1,
0,1,57,0.0360721,0,1,58,0.0360722,0,3,7,0.0340681,0,3,8,0.0340681,0,4,0,0.0360721,0,4,14,0.0360721,0,6,57,0.0360721,0,6,58,0.0360721,0,6,59,0.0360721,1,0,0,0.0360721,1,1,0,0.0340681,1,1,1,0.0340682,1,2,0,0.0360722,1,2,1,0.0360722,1,3,0,0.0360721,1,3,1,0.0360721,1,5,0,0.0360721,1,5,1,0.0340681,1,7,0,0.0360721,1,7,1,0.0360721,3,4,0,0.0360721,3,6,0,0.0360722,5,0,7,0.0360722,5,0,21,0.0360721,5,0,22,0.0360722,5,0,23,0.0360721,5,0,24,0.0360722,5,0,25,0.0360721,
g4g5
WHITE
14,3,2,5,4,2,1,3,0,0,0,0,0,0,0,14,14,14,1,14,14,14,14,10,14,8,14,14,14,14,14,14,14,14,14,8,14,14,14,0,14,14,14,14,14,14,14,14,8,14,8,14,8,8,8,8,11,9,14,13,12,10,9,11,0,1,1,1,-1,
0,1,42,0.0460922,0,6,57,0.0460922,0,6,58,0.0440882,0,7,0,0.0460922,0,7,1,0.0460922,1,0,0,0.0460922,1,0,1,0.0460922,1,1,0,0.0440882,1,3,0,0.0460922,1,3,1,0.0440882,1,4,0,0.0440881,1,4,1,0.0460922,1,5,0,0.0460922,1,5,1,0.0440882,1,6,0,0.0460922,1,6,1,0.0460922,1,6,7,0.0460922,2,2,56,0.0440882,2,2,57,0.0460922,2,2,58,0.0440882,2,2,59,0.0460922,4,7,0,0.0460922,
f6e4 (capture)
BLACK
3,1,2,4,5,14,1,3,0,0,0,0,14,0,14,0,14,14,14,14,14,14,14,14,8,14,14,14,9,14,14,14,14,14,14,14,14,14,0,14,2,14,14,14,14,14,14,14,14,8,8,8,8,8,8,8,11,9,10,12,13,10,11,14,1,1,0,1,-1,
0,1,57,0.0360721,0,1,58,0.0340681,0,3,7,0.0340681,0,3,8,0.0340681,0,3,9,0.0340682,0,3,10,0.0340681,0,4,0,0.0340681,0,4,14,0.0360722,0,6,57,0.0360721,0,6,58,0.0340682,0,6,59,0.0340682,1,0,0,0.0360721,1,1,0,0.0340681,1,1,1,0.0340682,1,2,0,0.0340682,1,2,1,0.0340682,1,3,0,0.0340681,1,3,1,0.0340681,1,5,0,0.0360722,1,5,1,0.0340681,1,7,0,0.0340682,1,7,1,0.0340681,4,6,0,0.0340681,5,0,7,0.0340681,5,0,21,0.0360722,5,0,22,0.0340682,5,0,23,0.0340681,5,0,24,0.0340682,5,0,25,0.0340681,
h2h3
WHITE
14,3,2,5,4,2,1,3,0,0,0,0,0,0,0,14,14,14,14,14,14,14,14,10,14,8,14,14,14,14,14,14,14,14,14,1,14,14,14,0,8,14,14,14,14,14,14,14,14,14,8,14,8,8,8,8,11,9,14,13,12,10,9,11,0,1,1,1,-1,
0,1,42,0.0360721,0,6,57,0.0360722,0,6,58,0.0340682,0,7,0,0.0360721,0,7,1,0.0360721,1,0,0,0.0360721,1,0,1,0.0360722,1,1,0,0.0340681,1,2,0,0.0360721,1,2,1,0.0360722,1,3,0,0.0360721,1,3,1,0.0360721,1,4,0,0.0340681,1,4,1,0.0360721,1,5,0,0.0360721,1,5,1,0.0340681,1,6,0,0.0360721,1,6,1,0.0360721,1,6,7,0.0360721,4,3,56,0.0360722,4,3,57,0.0360721,4,3,58,0.0360722,4,3,59,0.0360722,4,3,60,0.0360721,4,3,61,0.0360721,4,3,62,0.0340681,4,3,63,0.0360722,4,7,0,0.0360721,
b7a6 (capture)
BLACK
3,1,2,4,5,14,1,3,0,0,0,0,14,0,14,14,14,14,14,14,14,14,14,0,8,14,14,14,9,14,14,14,14,14,14,14,14,14,0,14,8,14,14,14,14,14,14,14,14,14,8,8,8,8,8,8,11,9,10,12,13,10,11,14,1,1,0,1,-1,
0,1,57,0.0460922,0,1,58,0.0460922,0,3,7,0.0440882,0,3,8,0.0440881,0,3,9,0.0460922,0,3,10,0.0440882,0,4,0,0.0460922,0,4,14,0.0460922,0,6,58,0.0440882,0,6,59,0.0460922,0,7,0,0.0460922,1,0,0,0.0460922,1,1,0,0.0440882,1,1,1,0.0440882,1,2,0,0.0460922,1,2,1,0.0460922,1,3,0,0.0460922,1,3,1,0.0460922,1,5,0,0.0460922,1,5,1,0.0440882,2,7,0,0.0460922,4,6,0,0.0460922,
d1f3
WHITE
14,3,2,5,4,2,1,3,0,0,0,0,0,0,14,14,14,14,14,14,14,14,14,0,14,8,14,14,14,14,14,14,14,14,14,1,14,14,14,0,8,14,12,14,14,14,14,14,14,14,8,14,8,8,8,8,11,9,14,13,14,10,9,11,0,1,1,1,-1,
0,1,42,0.0400802,0,5,7,0.0400802,0,6,58,0.0400802,0,7,0,0.0400802,1,0,0,0.0400802,1,0,1,0.0400802,1,1,0,0.0400801,1,2,0,0.0400801,1,2,1,0.0400802,1,3,0,0.0400802,1,3,1,0.0400801,1,4,0,0.0380762,1,4,1,0.0400802,1,5,0,0.0400802,1,5,1,0.0400802,2,7,0,0.0400801,4,3,56,0.0400801,4,3,57,0.0400801,4,3,58,0.0400802,4,3,59,0.0400802,4,3,60,0.0400802,4,3,61,0.0400801,4,3,62,0.0400802,4,3,63,0.0400801,4,7,0,0.0400802,
d7d6
BLACK
3,1,2,14,5,14,1,3,0,0,0,0,14,0,14,14,14,14,14,14,14,4,14,0,8,14,14,14,9,14,14,14,14,14,14,14,14,14,0,14,8,14,14,8,14,14,14,14,14,14,8,14,8,8,8,8,11,9,10,12,13,10,11,14,1,1,0,1,-1,
0,1,57,0.0320641,0,1,58,0.0300601,0,4,0,0.0300601,0,4,14,0.0320641,0,4,42,0.0320641,0,6,59,0.0300601,0,7,0,0.0320641,1,0,0,0.0320641,1,1,0,0.0300601,1,1,1,0.0300601,1,2,0,0.0320641,1,2,1,0.0320641,1,3,0,0.0320642,1,3,1,0.0320641,2,5,0,0.0300601,2,5,1,0.0320641,2,5,2,0.0300601,2,5,3,0.0300601,2,5,7,0.0320641,2,5,8,0.0320641,2,5,14,0.0320642,2,5,21,0.0300601,2,5,35,0.0300601,2,5,36,0.0320641,2,5,42,0.0320642,2,5,43,0.0320641,2,5,44,0.0300601,2,5,45,0.0320641,2,5,46,0.0320641,2,5,49,0.0300601,2,7,0,0.0320641,4,6,0,0.0300601,
a2a3
WHITE
14,3,2,5,4,2,1,3,0,0,0,0,14,0,14,14,14,14,14,14,0,14,14,0,14,8,14,14,14,14,14,14,14,14,14,1,14,14,14,0,8,14,12,14,14,14,14,8,14,14,8,14,8,8,8,14,11,9,14,13,14,10,9,11,0,1,1,1,-1,
0,1,42,0.0340681,0,3,7,0.0320641,0,4,0,0.0320641,0,5,7,0.0340681,0,5,49,0.0340681,0,5,50,0.0320641,0,5,51,0.0340682,0,5,52,0.0340681,0,5,53,0.0320641,0,6,58,0.0320641,0,6,59,0.0320641,0,7,0,0.0340681,1,0,0,0.0340681,1,0,1,0.0340681,1,1,0,0.0320641,1,2,0,0.0340681,1,2,1,0.0340681,1,3,0,0.0340681,1,3,1,0.0320641,1,5,0,0.0340681,1,5,1,0.0320641,2,4,0,0.0340681,2,7,0,0.0340681,4,3,56,0.0340681,4,3,57,0.0340682,4,3,58,0.0320641,4,3,59,0.0340681,4,3,60,0.0320641,4,3,61,0.0340682,4,3,63,0.0340681,
a8a7
BLACK
3,1,2,14,5,14,1,3,14,0,0,0,14,0,14,14,0,14,14,14,14,4,14,0,8,14,14,14,9,14,14,14,14,14,14,14,14,14,0,14,8,14,14,8,14,14,14,14,11,14,8,14,8,8,8,8,14,9,10,12,13,10,11,14,1,1,0,0,-1,
0,0,0,0.0340681,0,1,57,0.0340681,0,4,0,0.0320641,0,4,14,0.0340681,0,4,42,0.0340681,0,6,59,0.0340682,0,7,0,0.0340681,1,1,0,0.0320641,1,1,1,0.0320641,1,2,0,0.0340681,1,2,1,0.0340681,1,3,0,0.0340681,1,3,1,0.0340681,2,5,0,0.0320641,2,5,1,0.0340681,2,5,2,0.0320641,2,5,3,0.0320641,2,5,7,0.0340681,2,5,8,0.0340681,2,5,14,0.0340681,2,5,21,0.0320641,2,5,35,0.0320641,2,5,36,0.0340682,2,5,42,0.0340681,2,5,43,0.0340681,2,5,44,0.0320641,2,5,45,0.0340682,2,5,49,0.0320641,2,7,0,0.0340681,4,6,0,0.0320641,
f3d3
WHITE
14,3,2,5,4,2,1,14,0,0,0,0,14,0,14,3,14,14,14,14,0,14,14,0,14,8,14,14,14,14,14,14,14,14,14,1,14,14,14,0,8,14,14,14,12,14,14,8,14,14,8,14,8,8,8,14,11,9,14,13,14,10,9,11,0,0,1,1,-1,
0,1,42,0.0340681,0,3,7,0.0320641,0,4,0,0.0320641,0,5,7,0.0320641,0,5,49,0.0320641,0,5,50,0.0320641,0,5,51,0.0320641,0,5,52,0.0320641,0,5,53,0.0320641,0,6,58,0.0320641,0,6,59,0.0320641,1,0,0,0.0340681,1,0,1,0.0320641,1,1,0,0.0320641,1,2,0,0.0320641,1,2,1,0.0320641,1,3,0,0.0320641,1,3,1,0.0320641,1,5,0,0.0340681,1,5,1,0.0320641,1,7,28,0.0320641,1,7,42,0.0320641,2,4,0,0.0320641,2,7,0,0.0320641,4,3,56,0.0320641,4,3,57,0.0320641,4,3,58,0.0320641,4,3,59,0.0320641,4,3,60,0.0320641,4,3,61,0.0320641,4,3,63,0.0320641,
g7g6
BLACK
3,1,2,14,5,14,1,3,14,0,0,0,14,0,14,14,0,14,14,4,14,14,14,0,8,14,14,14,9,14,14,14,14,14,14,14,14,14,0,14,8,14,14,8,14,14,8,14,11,14,8,14,8,8,14,8,14,9,10,12,13,10,11,14,1,1,0,0,-1,
0,0,0,0.0340682,0,1,57,0.0340681,0,4,0,0.0340682,0,4,14,0.0360721,0,4,42,0.0340681,0,6,58,0.0340681,0,6,59,0.0340681,0,7,0,0.0360721,1,1,0,0.0340681,1,1,1,0.0340682,1,2,0,0.0340682,1,2,1,0.0340681,1,5,0,0.0360722,1,5,1,0.0340681,2,3,0,0.0340681,2,3,1,0.0360721,2,3,2,0.0340681,2,3,7,0.0340681,2,3,14,0.0340681,2,3,15,0.0340682,2,3,16,0.0340682,2,3,21,0.0340682,2,3,22,0.0340682,2,3,42,0.0340682,2,3,43,0.0340681,2,3,49,0.0340681,2,3,50,0.0360722,2,3,51,0.0360722,2,7,0,0.0340681,
d3f3
WHITE
14,3,2,5,4,2,1,14,0,14,0,0,14,0,14,3,14,0,14,14,0,14,14,0,14,8,14,14,14,14,14,14,14,14,14,1,14,14,14,0,8,14,12,14,14,14,14,8,14,14,8,14,8,8,8,14,11,9,14,13,14,10,9,11,0,0,1,1,-1,
0,1,0,0.0300601,0,1,42,0.0320641,0,2,49,0.0300601,0,2,50,0.0300601,0,3,7,0.0300601,0,4,0,0.0300601,0,5,7,0.0300601,0,5,49,0.0300601,0,5,50,0.0300601,0,5,51,0.0300601,0,5,52,0.0300601,0,5,53,0.0300601,0,6,58,0.0300601,0,6,59,0.0300601,1,0,0,0.0320641,1,0,1,0.0300601,1,2,0,0.0300601,1,2,1,0.0300601,1,3,0,0.0300601,1,3,1,0.0300601,1,5,0,0.0320641,1,5,1,0.0300601,1,7,28,0.0300601,1,7,42,0.0300601,2,4,0,0.0300601,2,7,0,0.0300601,4,3,56,0.0300601,4,3,57,0.0300601,4,3,58,0.0300601,4,3,59,0.0300601,4,3,60,0.0300601,4,3,61,0.0320642,4,3,63,0.0300601,
b8c6
BLACK
3,1,2,14,5,14,1,3,14,0,0,0,14,0,14,14,0,14,14,14,14,4,14,0,8,14,14,14,9,14,14,14,14,14,14,14,14,14,0,14,8,14,9,8,14,14,8,14,11,14,8,14,8,8,14,8,14,14,10,12,13,10,11,14,1,1,0,0,-1,
0,0,0,0.0360721,0,1,57,0.0340682,0,4,0,0.0340681,0,4,14,0.0360722,0,4,42,0.0340681,0,6,59,0.0340681,0,7,0,0.0360722,1,1,0,0.0340681,1,1,1,0.0340681,1,2,0,0.0340681,1,2,1,0.0340682,1,3,0,0.0340682,1,3,1,0.0340681,2,5,0,0.0340682,2,5,1,0.0360722,2,5,2,0.0340681,2,5,3,0.0340681,2,5,7,0.0340682,2,5,8,0.0340681,2,5,14,0.0340682,2,5,21,0.0340681,2,5,35,0.0340681,2,5,36,0.0360721,2,5,42,0.0360721,2,5,43,0.0340682,2,5,44,0.0340682,2,5,45,0.0340682,2,5,49,0.0340681,2,7,0,0.0340681,
b1c3
WHITE
14,3,2,5,4,2,14,14,0,14,0,0,14,0,14,3,14,0,14,14,0,1,14,0,14,8,14,14,14,14,14,14,14,14,14,1,14,14,14,0,8,14,12,14,14,9,14,8,14,14,8,14,8,8,8,14,11,9,14,13,14,10,14,11,0,0,1,1,-1,
0,1,0,0.0280561,0,1,42,0.0300601,0,2,49,0.0300601,0,2,50,0.0300601,0,3,7,0.0280561,0,4,0,0.0280561,0,5,7,0.0300601,0,5,49,0.0300601,0,5,50,0.0280561,0,5,51,0.0300601,0,5,52,0.0300601,0,5,53,0.0280561,1,0,0,0.0300601,1,0,1,0.0300601,1,2,0,0.0300601,1,2,1,0.0300601,1,3,0,0.0300601,1,3,1,0.0280561,1,7,28,0.0280561,1,7,42,0.0300601,2,4,0,0.0300601,2,5,56,0.0280561,2,5,57,0.0280561,2,5,58,0.0300601,2,5,59,0.0300601,2,5,62,0.0300601,2,7,0,0.0300601,4,3,56,0.0300601,4,3,57,0.0300601,4,3,58,0.0280561,4,3,59,0.0300601,4,3,60,0.0280561,4,3,61,0.0300601,4,3,63,0.0300601,
c6b8
BLACK
3,14,2,14,5,14,1,3,14,0,0,0,14,0,14,14,0,14,1,14,14,4,14,0,8,14,14,14,9,14,14,14,14,14,14,14,14,14,0,14,8,14,14,8,14,14,8,14,11,14,8,14,8,8,14,8,14,9,10,12,13,10,11,14,1,1,0,0,-1,
0,0,0,0.0300601,0,0,14,0.0300601,0,4,0,0.0300601,0,4,14,0.0320641,0,4,42,0.0300601,0,6,59,0.0300601,0,7,0,0.0320641,1,1,0,0.0300601,1,1,1,0.0300601,1,3,0,0.0300601,1,3,1,0.0300601,2,2,56,0.0300601,2,2,57,0.0300601,2,2,58,0.0300601,2,2,59,0.0300601,2,2,60,0.0300601,2,2,61,0.0300601,2,2,62,0.0300601,2,2,63,0.0300601,2,5,0,0.0300601,2,5,1,0.0320642,2,5,2,0.0300601,2,5,3,0.0300601,2,5,7,0.0300601,2,5,8,0.0300601,2,5,14,0.0300601,2,5,21,0.0300601,2,5,35,0.0300601,2,5,36,0.0300601,2,5,42,0.0320641,2,5,43,0.0300601,2,5,49,0.0300601,2,7,0,0.0300601,
c3d1
WHITE
14,3,2,5,4,2,1,14,0,14,0,0,14,0,14,3,14,0,14,14,0,14,14,0,14,8,14,14,14,14,14,14,14,14,14,1,14,14,14,0,8,14,12,14,14,14,14,8,14,14,8,14,8,8,8,14,11,9,14,13,9,10,14,11,0,0,1,1,-1,
0,1,0,0.0300601,0,1,42,0.0320641,0,2,49,0.0300601,0,2,50,0.0300601,0,3,7,0.0300601,0,4,0,0.0300601,0,5,7,0.0300601,0,5,49,0.0300601,0,5,50,0.0300601,0,5,51,0.0300601,0,5,52,0.0300601,0,5,53,0.0300601,0,6,58,0.0300601,0,6,59,0.0300601,1,0,0,0.0320641,1,0,1,0.0300601,1,2,0,0.0300601,1,2,1,0.0300601,1,3,0,0.0300601,1,3,1,0.0300601,1,5,0,0.0320641,1,5,1,0.0300601,1,7,28,0.0300601,1,7,42,0.0300601,2,4,0,0.0300601,2,7,0,0.0300601,4,3,56,0.0300601,4,3,57,0.0300601,4,3,58,0.0300601,4,3,59,0.0300601,4,3,60,0.0300601,4,3,61,0.0320642,4,3,63,0.0300601,
c8g4
BLACK
3,14,2,1,5,14,1,3,14,0,0,0,14,0,14,14,0,14,14,14,14,4,14,0,8,14,14,14,9,14,10,14,14,14,14,14,14,14,0,14,8,14,14,8,14,14,8,14,11,14,8,14,8,8,14,8,14,9,14,12,13,10,11,14,1,1,0,0,-1,
0,0,0,0.0360721,0,0,14,0.0340681,0,3,57,0.0340682,0,3,58,0.0340681,0,4,0,0.0340681,0,4,14,0.0360722,0,6,59,0.0340681,0,7,0,0.0360722,1,1,0,0.0340681,1,1,1,0.0340682,1,2,0,0.0340681,1,2,1,0.0340681,1,3,0,0.0340682,1,3,1,0.0340682,2,5,0,0.0340681,2,5,1,0.0360722,2,5,2,0.0340682,2,5,3,0.0340681,2,5,7,0.0340682,2,5,14,0.0360721,2,5,21,0.0340682,2,5,35,0.0340681,2,5,42,0.0360721,2,5,43,0.0340682,2,5,44,0.0340681,2,5,45,0.0340682,2,5,49,0.0340681,2,7,0,0.0340681,2,7,49,0.0340681,
f3e4 (capture)
WHITE
14,3,2,5,4,14,1,14,0,14,0,0,14,0,14,3,14,0,14,14,0,14,14,0,14,8,14,14,14,14,14,14,14,2,14,12,14,14,14,0,8,14,14,14,14,14,14,8,14,14,8,14,8,8,8,14,11,9,14,13,9,10,14,11,0,0,1,1,-1,
0,1,0,0.0340682,0,1,42,0.0340682,0,2,49,0.0340681,0,2,50,0.0340681,0,3,7,0.0320641,0,4,0,0.0320641,0,4,14,0.0340681,0,6,58,0.0320641,0,6,59,0.0320641,1,0,0,0.0340681,1,0,1,0.0340681,1,2,0,0.0340681,1,2,1,0.0340681,1,3,0,0.0340681,1,3,1,0.0320641,1,5,0,0.0340681,1,5,1,0.0320641,1,7,28,0.0320641,1,7,42,0.0340681,2,4,0,0.0340682,2,7,0,0.0340681,4,1,7,0.0340681,4,1,8,0.0320641,4,1,9,0.0340681,4,1,21,0.0340681,4,1,22,0.0340681,4,1,23,0.0320641,4,1,24,0.0340681,4,1,35,0.0320641,4,1,49,0.0320641,
f7f6
BLACK
3,14,2,1,5,14,1,3,14,0,0,0,14,0,14,14,0,14,14,14,14,14,14,0,8,14,14,14,4,14,10,14,14,14,14,14,14,14,0,14,8,14,14,8,14,8,8,14,11,14,8,14,8,14,14,8,14,9,14,12,13,10,11,14,1,1,0,0,-1,
0,0,0,0.0260521,0,0,14,0.0240481,0,3,57,0.0260521,0,3,58,0.0260522,0,4,14,0.0260521,0,6,58,0.024048,0,6,59,0.0260521,0,7,0,0.0260521,1,1,0,0.0240481,1,1,1,0.0240481,1,2,0,0.0260521,1,2,1,0.0260521,1,3,0,0.0260521,1,3,1,0.0260521,1,5,0,0.0260521,1,5,1,0.0240481,2,7,0,0.0260521,2,7,49,0.0240481,3,4,0,0.0260521,3,4,1,0.0260521,3,4,2,0.0240481,3,4,7,0.0260521,3,4,8,0.0260521,3,4,14,0.0260521,3,4,15,0.0260521,3,4,21,0.0260521,3,4,22,0.0260521,3,4,28,0.0260521,3,4,29,0.0260521,3,4,35,0.0260521,3,4,42,0.0260521,3,4,43,0.0260521,3,4,44,0.0240481,3,4,45,0.0260521,3,4,49,0.0260521,3,4,50,0.0260522,3,4,51,0.0260521,3,4,52,0.0260521,4,6,49,0.0260521,
e4a4 (capture)
WHITE
14,3,2,5,4,14,1,14,0,14,14,0,14,0,14,3,14,0,0,14,0,14,14,0,14,8,14,14,14,14,14,14,14,2,14,14,14,14,14,12,8,14,14,14,14,14,14,8,14,14,8,14,8,8,8,14,11,9,14,13,9,10,14,11,0,0,1,1,-1,
0,3,49,0.166333,0,4,0,0.166333,0,6,58,0.166333,0,6,59,0.166333,1,5,0,0.168337,4,1,23,0.166333,
e8f7
BLACK
3,14,2,1,5,14,1,3,14,0,0,0,14,0,14,14,0,14,14,14,14,14,14,0,4,14,14,14,14,14,10,14,14,14,14,14,14,14,0,14,8,14,14,8,14,8,8,14,11,14,8,14,8,13,14,8,14,9,14,12,14,10,11,14,1,1,0,0,-1,
0,0,0,0.0320642,0,0,14,0.0300601,0,3,57,0.0320641,0,3,58,0.0300601,0,4,14,0.0320641,0,6,58,0.0300601,0,6,59,0.0320641,0,7,0,0.0320641,1,1,0,0.0300601,1,1,1,0.0300601,1,2,0,0.0320641,1,2,1,0.0320641,1,3,0,0.0320642,1,3,1,0.0320641,1,5,0,0.0320641,1,5,1,0.0300601,2,7,0,0.0320641,2,7,49,0.0300601,3,0,0,0.0320641,3,0,1,0.0300601,3,0,7,0.0320641,3,0,8,0.0320641,3,0,9,0.0320641,3,0,10,0.0320641,3,0,14,0.0300601,3,0,15,0.0300601,3,0,16,0.0320641,3,0,17,0.0300601,3,0,18,0.0300601,3,0,19,0.0320641,3,0,21,0.0300601,4,6,49,0.0320642,
a4c6
WHITE
14,3,2,14,4,14,1,14,0,14,5,0,14,0,14,3,14,0,0,14,0,12,14,0,14,8,14,14,14,14,14,14,14,2,14,14,14,14,14,14,8,14,14,14,14,14,14,8,14,14,8,14,8,8,8,14,11,9,14,13,9,10,14,11,0,0,1,1,-1,
0,1,0,0.0340682,0,1,42,0.0340681,0,2,49,0.0340681,0,2,50,0.0340681,0,4,0,0.0320641,0,4,14,0.0340681,0,4,42,0.0340681,0,6,58,0.0320641,0,6,59,0.0320641,1,0,0,0.0340681,1,0,1,0.0340681,1,2,7,0.0340681,1,2,42,0.0340681,1,3,0,0.0340681,1,3,1,0.0320641,1,7,28,0.0320641,1,7,42,0.0340681,2,2,0,0.0320641,2,2,49,0.0320641,2,4,0,0.0340681,2,7,0,0.0340681,4,1,7,0.0340681,4,1,8,0.0320641,4,1,9,0.0340682,4,1,21,0.0340682,4,1,22,0.0340681,4,1,23,0.0320641,4,1,24,0.0340681,4,1,35,0.0320641,4,1,49,0.0320641,
h7h6
BLACK
3,14,2,1,5,14,1,3,14,0,0,0,14,0,14,14,0,14,14,14,14,14,14,0,14,14,14,14,14,14,10,14,14,14,14,14,14,14,0,14,8,14,4,8,14,8,8,8,11,14,8,14,8,13,14,14,14,9,14,12,14,10,11,14,1,1,0,0,-1,
0,0,0,0.0260521,0,0,14,0.0260521,0,3,57,0.0260521,0,3,58,0.0260521,0,4,14,0.0280561,0,6,58,0.0260521,0,6,59,0.0260521,0,7,0,0.0260521,1,1,0,0.0260521,1,1,1,0.0260521,1,2,0,0.0260521,1,2,1,0.0260521,1,3,0,0.0260521,1,3,1,0.0260521,1,5,0,0.0280561,1,5,1,0.0260521,2,0,0,0.0260521,2,7,0,0.0260521,2,7,49,0.0260521,4,6,7,0.0260521,4,6,49,0.0280561,5,2,0,0.0260521,5,2,7,0.0280561,5,2,8,0.0260521,5,2,14,0.0260522,5,2,21,0.0260521,5,2,22,0.0260521,5,2,23,0.0280561,5,2,24,0.0260521,5,2,28,0.0260521,5,2,29,0.0260521,5,2,30,0.0260521,5,2,35,0.0260521,5,2,36,0.0260521,5,2,42,0.0260521,5,2,43,0.0260521,5,2,49,0.0260521,5,2,50,0.0260521,
a1b1
WHITE
14,3,2,14,4,14,1,14,14,14,5,0,14,0,14,3,0,0,0,14,0,12,14,0,14,8,14,14,14,14,14,14,14,2,14,14,14,14,14,14,8,14,14,14,14,14,14,8,14,14,8,14,8,8,8,14,11,9,14,13,9,10,11,14,0,0,1,0,-1,
0,1,0,0.0340681,0,1,42,0.0360721,0,2,49,0.0340681,0,4,0,0.0340682,0,4,14,0.0360722,0,4,42,0.0340681,0,6,58,0.0340681,0,6,59,0.0340681,1,2,7,0.0340682,1,2,42,0.0360721,1,3,0,0.0340682,1,3,1,0.0340681,1,7,28,0.0340681,1,7,42,0.0360721,2,0,0,0.0340682,2,0,7,0.0340681,2,2,0,0.0340682,2,2,49,0.0340681,2,4,0,0.0340681,2,7,0,0.0340681,4,1,7,0.0360722,4,1,8,0.0340681,4,1,9,0.0360722,4,1,21,0.0340682,4,1,22,0.0340682,4,1,23,0.0340681,4,1,24,0.0340682,4,1,35,0.0340682,4,1,49,0.0340681,
g4h5
BLACK
14,3,2,1,5,14,1,3,14,0,0,0,14,0,14,14,0,14,14,14,14,14,14,0,14,14,14,14,14,14,14,14,14,14,14,14,14,14,0,10,8,14,4,8,14,8,8,8,11,14,8,14,8,13,14,14,14,9,14,12,14,10,11,14,1,0,0,0,-1,
0,1,42,0.0280561,0,3,57,0.0280561,0,3,58,0.0280561,0,4,14,0.0280561,0,6,58,0.0280561,0,6,59,0.0280561,0,7,0,0.0280561,1,1,0,0.0260521,1,1,1,0.0260521,1,2,0,0.0280561,1,2,1,0.0280561,1,3,0,0.0280561,1,3,1,0.0280561,1,5,0,0.0280561,1,5,1,0.0260521,2,0,0,0.0280561,2,7,0,0.0280561,4,6,7,0.0280561,4,6,49,0.0280561,5,2,0,0.0280561,5,2,7,0.0280561,5,2,8,0.0260521,5,2,14,0.0280561,5,2,21,0.0280561,5,2,22,0.0280561,5,2,23,0.0280561,5,2,24,0.0280561,5,2,28,0.0280561,5,2,29,0.0280561,5,2,30,0.0280561,5,2,35,0.0280561,5,2,36,0.0280561,5,2,42,0.0280561,5,2,43,0.0260522,5,2,49,0.0280561,5,2,50,0.0280561,
g5h6 (capture)
WHITE
14,3,2,14,4,14,1,14,14,14,5,0,14,0,14,3,8,0,0,14,0,12,14,0,2,14,14,14,14,14,14,14,14,14,14,14,14,14,14,14,8,14,14,14,14,14,14,8,14,14,8,14,8,8,8,14,11,9,14,13,9,10,11,14,0,0,1,0,-1,
0,1,0,0.0460922,0,1,42,0.0460922,0,2,49,0.0460922,0,2,50,0.0460922,0,4,0,0.0440882,0,4,14,0.0460922,0,4,42,0.0460922,0,6,58,0.0440881,0,6,59,0.0440882,1,2,7,0.0460922,1,3,0,0.0460922,1,3,1,0.0440882,1,7,28,0.0440882,1,7,42,0.0460922,2,1,0,0.0460922,2,2,0,0.0440882,2,4,0,0.0460922,2,7,0,0.0460922,3,0,7,0.0460922,3,0,8,0.0440882,3,0,9,0.0460922,3,0,10,0.0460922,
g8h8
BLACK
14,3,2,1,5,14,1,3,14,0,0,0,14,0,14,14,0,14,14,14,14,14,14,0,14,14,14,14,14,14,14,14,14,14,14,14,14,14,14,10,8,14,4,8,14,8,8,0,11,14,8,14,8,13,14,14,14,9,14,12,14,10,14,11,1,0,0,0,-1,
0,1,42,0.0300601,0,3,57,0.0280561,0,3,58,0.0280561,0,4,14,0.0300601,0,6,58,0.0280561,0,6,59,0.0280561,0,7,0,0.0300601,1,1,0,0.0280561,1,1,1,0.0280561,1,2,0,0.0280561,1,2,1,0.0280561,1,3,0,0.0280561,1,3,1,0.0280561,1,5,0,0.0300601,1,5,1,0.0280561,2,0,0,0.0280561,2,7,0,0.0280561,5,2,0,0.0280561,5,2,7,0.0300601,5,2,8,0.0280561,5,2,14,0.0280561,5,2,21,0.0280561,5,2,22,0.0300601,5,2,23,0.0300601,5,2,24,0.0280561,5,2,28,0.0280561,5,2,29,0.0280561,5,2,30,0.0300601,5,2,35,0.0280561,5,2,36,0.0280561,5,2,42,0.0300601,5,2,43,0.0280561,5,2,49,0.0280561,5,2,50,0.0280561,5,7,0,0.0280561,
d1e3
WHITE
3,14,2,14,4,14,1,14,14,14,5,0,14,0,14,3,8,0,0,14,0,12,14,0,2,14,14,14,14,14,14,14,14,14,14,14,14,14,14,14,8,14,14,9,14,14,14,8,14,14,8,14,8,8,8,14,11,9,14,13,14,10,11,14,0,0,1,0,-1,
0,0,0,0.0420841,0,0,1,0.0420842,0,0,14,0.0400802,0,2,49,0.0420842,0,2,50,0.0420842,0,4,0,0.0420842,0,4,14,0.0420842,0,4,42,0.0420842,0,6,58,0.0400802,0,6,59,0.0420842,1,2,7,0.0420842,1,2,35,0.0400801,1,3,0,0.0420842,1,3,1,0.0420842,1,7,28,0.0400802,1,7,42,0.0420842,2,1,0,0.0420842,2,2,0,0.0400802,2,4,0,0.0420842,2,7,0,0.0420842,3,0,7,0.0420842,3,0,8,0.0420842,3,0,9,0.0420842,3,0,10,0.0420842,
f7g8
BLACK
14,3,2,14,5,14,1,3,14,0,0,0,14,0,14,14,0,14,14,14,1,14,14,0,14,14,14,14,14,14,14,14,14,14,14,14,14,14,14,10,8,14,4,8,14,8,8,0,11,14,8,14,8,14,14,14,14,9,14,12,14,10,13,11,1,0,0,0,-1,
0,1,42,0.0260521,0,4,14,0.0260521,0,6,58,0.0240481,0,6,59,0.0240481,0,7,0,0.0260521,1,1,0,0.0240481,1,1,1,0.0240481,1,2,0,0.0260521,1,2,1,0.0240481,1,3,0,0.0240481,1,3,1,0.0240481,1,5,0,0.0260521,1,5,1,0.0240481,2,0,0,0.0260521,2,4,56,0.0240481,2,4,57,0.0240481,2,4,58,0.0240481,2,4,59,0.0260521,2,4,61,0.0260521,2,4,62,0.0260521,2,4,63,0.0240481,2,7,0,0.0260521,5,2,0,0.0240481,5,2,7,0.0260521,5,2,8,0.024048,5,2,14,0.0240481,5,2,21,0.0240481,5,2,22,0.0260521,5,2,23,0.0260521,5,2,24,0.0240481,5,2,28,0.0240481,5,2,29,0.0260521,5,2,30,0.0260521,5,2,35,0.0240481,5,2,36,0.0260521,5,2,42,0.0260521,5,2,43,0.0240481,5,2,49,0.0240481,5,2,50,0.0260521,5,7,0,0.0260521,
c6c7 (capture)
WHITE
3,5,2,14,4,14,1,14,14,14,14,0,14,12,14,3,8,0,0,14,0,14,14,0,2,14,14,14,14,14,14,14,14,14,14,14,14,14,14,14,8,14,14,9,14,14,14,8,14,14,8,14,8,8,8,14,11,9,14,13,14,10,11,14,0,0,1,0,-1,
0,0,0,0.0400802,0,0,1,0.0400802,0,1,7,0.0380762,0,1,49,0.0400801,0,2,49,0.0400801,0,2,50,0.0400802,0,4,0,0.0400801,0,4,7,0.0400802,0,4,14,0.0400802,0,4,42,0.0400802,0,6,58,0.0400802,0,6,59,0.0400802,1,3,0,0.0400802,1,3,1,0.0400802,1,7,28,0.0400802,1,7,42,0.0400801,1,7,43,0.0400802,2,1,0,0.0400802,2,2,0,0.0400802,2,4,0,0.0400801,2,7,0,0.0400801,3,0,7,0.0400802,3,0,8,0.0400801,3,0,9,0.0400801,3,0,10,0.0400802,
d6d5
BLACK
14,3,2,14,5,14,1,3,14,0,0,0,14,0,14,14,0,14,14,14,1,14,14,0,14,14,14,14,14,14,14,14,14,14,14,8,14,14,14,10,8,14,14,14,14,8,8,0,11,14,4,14,8,14,14,14,14,9,14,12,14,10,13,11,1,0,0,0,-1,
0,1,42,0.0260521,0,4,14,0.0260521,0,6,58,0.0240481,0,6,59,0.0240481,0,7,0,0.0260521,1,1,0,0.024048,1,1,1,0.0240481,1,2,0,0.0240481,1,2,1,0.0240481,1,3,0,0.0240481,1,3,1,0.0240481,1,5,0,0.0260521,1,5,1,0.0240481,2,0,0,0.0240481,2,4,56,0.0240481,2,4,57,0.0240481,2,4,58,0.0240481,2,4,59,0.0240481,2,4,61,0.0260521,2,4,62,0.0240481,2,4,63,0.0240481,2,7,0,0.0240481,5,7,0,0.0240481,6,2,0,0.0240481,6,2,7,0.0240481,6,2,14,0.0240481,6,2,15,0.0240481,6,2,21,0.0240481,6,2,22,0.0240481,6,2,23,0.0240481,6,2,24,0.0240481,6,2,25,0.0260521,6,2,28,0.0240481,6,2,29,0.0260521,6,2,30,0.0240481,6,2,31,0.0240481,6,2,35,0.0240481,6,2,36,0.0240481,6,2,42,0.0240481,6,2,43,0.0240481,6,2,49,0.0240481,
c7f4
WHITE
3,5,2,14,4,14,1,14,14,14,14,0,14,14,14,3,8,0,0,14,14,14,14,0,2,14,14,14,0,14,14,14,14,14,12,14,14,14,14,14,8,14,14,9,14,14,14,8,14,14,8,14,8,8,8,14,11,9,14,13,14,10,11,14,0,0,1,0,-1,
0,0,0,0.0327425,0,0,1,0.0411535,0,1,7,0.0327426,0,1,49,0.0327425,0,2,49,0.0327426,0,2,50,0.0327426,0,4,0,0.0327425,0,4,1,0.0327426,0,4,7,0.0327426,0,4,8,0.0411535,0,4,9,0.0327425,0,4,14,0.0411535,0,4,42,0.0327426,0,6,58,0.0327426,0,6,59,0.0327426,1,3,0,0.0327426,1,3,1,0.0327426,1,7,28,0.0327426,1,7,42,0.0327426,1,7,43,0.0327426,1,7,44,0.0327426,2,1,0,0.0327426,2,2,0,0.0327425,2,7,0,0.0327426,3,0,7,0.0411535,3,0,8,0.0327426,3,0,9,0.0327426,3,0,10,0.0411535,3,4,0,0.0411535,
d8c7
BLACK
14,3,2,14,5,14,1,3,14,0,0,0,14,0,14,14,0,14,14,14,1,14,14,0,14,14,14,14,14,4,14,14,14,14,14,8,14,14,14,10,8,14,14,14,14,8,8,0,11,14,12,14,8,14,14,14,14,9,14,14,14,10,13,11,1,0,0,0,-1,
0,1,42,0.0338589,0,4,14,0.0338589,0,6,58,0.0251729,0,6,59,0.0251729,0,7,0,0.0338589,1,1,0,0.0251729,1,1,1,0.0251729,1,2,0,0.0251729,1,2,1,0.0251729,1,3,0,0.0251729,1,3,1,0.0251729,1,5,0,0.0338589,2,0,0,0.0251729,2,4,56,0.0251729,2,4,57,0.0251729,2,4,58,0.0251729,2,4,59,0.0251729,2,4,61,0.0338589,2,4,62,0.0251729,2,4,63,0.0251729,2,7,0,0.0251729,3,5,0,0.0251729,3,5,1,0.0251729,3,5,7,0.0251729,3,5,14,0.0251729,3,5,15,0.0251729,3,5,21,0.0251729,3,5,22,0.0251729,3,5,28,0.0251729,3,5,42,0.0251729,3,5,43,0.0251729,3,5,44,0.0251729,3,5,45,0.0251729,3,5,46,0.0251729,3,5,49,0.0251729,3,5,50,0.0251729,3,5,51,0.0251729,5,7,0,0.0251729,
f4b4
WHITE
3,5,2,14,14,14,1,14,14,14,14,0,14,4,14,3,8,0,0,14,14,14,14,0,2,14,14,14,0,14,14,14,14,14,14,14,14,14,12,14,8,14,14,9,14,14,14,8,14,14,8,14,8,8,8,14,11,9,14,13,14,10,11,14,0,0,1,0,-1,
0,0,0,0.0288041,0,0,1,0.028804,0,1,7,0.0214148,0,1,49,0.0214148,0,2,49,0.0288041,0,2,50,0.0288041,0,6,58,0.0288041,0,6,59,0.0288041,1,3,0,0.0288041,1,3,1,0.0288041,1,5,0,0.028804,1,5,1,0.0214148,1,5,2,0.028804,1,5,3,0.028804,1,5,4,0.0214148,1,5,7,0.0288041,1,5,8,0.0288041,1,5,14,0.028804,1,5,28,0.0288041,1,5,35,0.0288041,1,5,42,0.0288041,1,5,49,0.0288041,1,5,50,0.0214148,1,5,51,0.028804,1,5,52,0.028804,1,5,53,0.0288041,1,7,28,0.0288041,1,7,42,0.0288041,2,1,0,0.0288041,2,2,0,0.0288041,2,7,0,0.0288041,3,0,7,0.028804,3,0,8,0.0288041,3,0,9,0.0288041,3,0,10,0.028804,3,4,0,0.028804,
c7d6
BLACK
14,3,2,14,5,14,1,3,14,0,0,0,14,0,14,14,0,14,14,14,1,14,14,0,14,4,14,14,14,14,14,14,14,14,14,8,14,14,14,10,8,14,14,12,14,8,8,0,11,14,14,14,8,14,14,14,14,9,14,14,14,10,13,11,1,0,0,0,-1,
0,1,42,0.0251729,0,4,14,0.0338589,0,6,58,0.0251729,0,6,59,0.0251729,0,7,0,0.0251729,1,1,0,0.0251729,1,2,0,0.0251729,1,2,1,0.0251729,1,3,0,0.0251729,1,3,1,0.0251729,1,5,0,0.0338589,1,5,1,0.0251729,2,0,0,0.0251729,2,4,56,0.0251729,2,4,57,0.0251729,2,4,58,0.0251729,2,4,59,0.0251729,2,4,61,0.0338589,2,4,62,0.0251729,2,4,63,0.0251729,2,7,0,0.0251729,3,1,0,0.0251729,3,1,1,0.0251729,3,1,2,0.0251729,3,1,3,0.0251729,3,1,7,0.0251729,3,1,8,0.0338589,3,1,14,0.0251729,3,1,15,0.0251729,3,1,16,0.0251729,3,1,17,0.0251729,3,1,18,0.0251729,3,1,19,0.0251729,3,1,21,0.0251729,3,1,28,0.0251729,3,1,42,0.0338589,3,1,49,0.0251729,5,7,0,0.0251729,
b4c4
WHITE
3,5,2,14,14,14,1,14,14,14,14,0,14,14,14,3,8,0,0,14,4,14,14,0,2,14,14,14,0,14,14,14,14,14,14,14,14,12,14,14,8,14,14,9,14,14,14,8,14,14,8,14,8,8,8,14,11,9,14,13,14,10,11,14,0,0,1,0,-1,
0,0,0,0.0264129,0,0,1,0.0348072,0,1,7,0.0264129,0,1,49,0.0264129,0,2,49,0.0264129,0,2,50,0.0264129,0,6,58,0.0264129,0,6,59,0.0264129,1,3,0,0.0264129,1,3,1,0.0264129,1,7,28,0.0264128,1,7,42,0.0348072,1,7,43,0.0264129,1,7,44,0.0348072,2,1,0,0.0264129,2,2,0,0.0264129,2,4,7,0.0348072,2,4,8,0.0264129,2,4,9,0.0264129,2,4,14,0.0264129,2,4,15,0.0264129,2,4,21,0.0264129,2,4,28,0.0264129,2,4,29,0.0264129,2,4,42,0.0264129,2,4,49,0.0264129,2,4,50,0.0348072,2,4,51,0.0264129,2,4,52,0.0348072,2,7,0,0.0264129,3,0,7,0.0348072,3,0,8,0.0264129,3,0,9,0.0264129,3,0,10,0.0348072,3,4,7,0.0348072,
d5c4 (capture)
BLACK
14,3,2,14,5,14,1,3,14,0,0,0,14,0,14,14,0,14,14,14,1,14,14,0,14,14,8,14,14,14,14,14,14,14,14,14,14,14,14,10,8,14,14,12,14,8,8,0,11,14,14,14,8,14,14,14,14,9,14,14,14,10,13,11,1,0,0,0,-1,
0,1,42,0.0479393,0,4,14,0.0479393,0,6,58,0.0401301,0,6,59,0.0479392,0,7,0,0.0479393,1,1,0,0.0401301,1,1,1,0.0401302,1,2,0,0.0479392,1,3,0,0.0479392,1,3,1,0.0479392,1,5,0,0.0479392,1,5,1,0.0401302,2,0,0,0.0479392,2,4,56,0.0401302,2,4,57,0.0401302,2,4,58,0.0401301,2,4,59,0.0479393,2,4,61,0.0479392,2,4,62,0.0479392,2,4,63,0.0479393,2,7,0,0.0479392,5,7,0,0.0479393,
e1f1
WHITE
3,5,2,14,14,14,1,14,14,14,14,0,14,14,14,3,8,0,0,14,4,14,14,0,2,14,14,14,14,14,14,14,14,14,14,14,14,0,14,14,8,14,14,9,14,14,14,8,14,14,8,14,8,8,8,14,11,9,13,14,14,10,11,14,0,0,0,0,-1,
0,0,0,0.0271679,0,0,1,0.0271679,0,1,7,0.0197245,0,1,49,0.0197246,0,2,49,0.0271679,0,2,50,0.0271679,0,6,58,0.0197245,0,6,59,0.0197246,1,3,0,0.0271679,1,3,1,0.0271678,1,7,28,0.0197245,1,7,42,0.0271679,1,7,43,0.0271679,1,7,44,0.0271679,2,1,0,0.0271679,2,2,0,0.0197245,2,4,0,0.0271679,2,4,1,0.0271678,2,4,2,0.0271679,2,4,3,0.0197246,2,4,7,0.0271679,2,4,8,0.0271678,2,4,9,0.0271679,2,4,14,0.0197245,2,4,15,0.0271678,2,4,21,0.0271679,2,4,28,0.0271679,2,4,29,0.0271679,2,4,42,0.0271679,2,4,49,0.0271679,2,4,50,0.0271679,2,4,51,0.0271679,2,4,52,0.0271679,2,7,0,0.0271679,3,0,7,0.0271679,3,0,8,0.0271678,3,0,9,0.0271679,3,0,10,0.0271679,4,5,0,0.0271679,
d6b6
BLACK
14,3,2,14,14,5,1,3,14,0,0,0,14,0,14,14,0,14,14,14,1,14,14,0,14,14,8,14,14,14,14,14,14,14,14,14,14,14,14,10,8,12,14,14,14,8,8,0,11,14,14,14,8,14,14,14,14,9,14,14,14,10,13,11,0,0,0,0,-1,
0,1,42,0.0479392,0,5,7,0.0479393,0,5,42,0.0401301,0,6,58,0.0401302,0,6,59,0.0479392,0,7,0,0.0479393,1,1,0,0.0401301,1,1,1,0.0401302,1,2,0,0.0479392,1,3,0,0.0479392,1,3,1,0.0479393,1,5,0,0.0479392,1,5,1,0.0401302,2,0,0,0.0479392,2,4,56,0.0479392,2,4,57,0.0401302,2,4,58,0.0401301,2,4,59,0.0479393,2,4,61,0.0479393,2,4,63,0.0479392,2,7,0,0.0479392,5,7,0,0.0479393,
f1g2
WHITE
3,5,2,14,14,14,1,14,14,14,14,0,14,14,14,3,8,0,0,14,14,14,4,0,2,14,14,14,14,14,14,14,14,14,14,14,14,0,14,14,8,14,14,9,14,14,14,8,14,13,8,14,8,8,8,14,11,9,14,14,14,10,11,14,0,0,0,0,-1,
0,0,0,0.0288041,0,0,1,0.028804,0,1,7,0.0214148,0,1,49,0.0214148,0,2,49,0.0288041,0,2,50,0.0288041,0,6,58,0.0214148,0,6,59,0.0288041,1,3,0,0.0288041,1,3,1,0.0288041,1,7,28,0.0288041,1,7,42,0.028804,1,7,43,0.0288041,1,7,44,0.028804,2,1,0,0.028804,2,2,0,0.0288041,2,6,0,0.0288041,2,6,1,0.0288041,2,6,2,0.0288041,2,6,3,0.0214148,2,6,7,0.028804,2,6,28,0.028804,2,6,35,0.0214148,2,6,36,0.0288041,2,6,42,0.0288041,2,6,43,0.0288041,2,6,44,0.0288041,2,6,49,0.028804,2,6,50,0.0288041,2,6,51,0.0288041,2,7,0,0.0288041,3,0,7,0.028804,3,0,8,0.0288041,3,0,9,0.0288041,3,0,10,0.028804,4,5,0,0.028804,
g8h7
BLACK
14,3,2,14,14,14,1,3,14,0,0,0,14,0,5,14,0,14,14,14,1,14,14,0,14,14,8,14,14,14,14,14,14,14,14,14,14,14,14,10,8,12,14,14,14,8,8,0,11,14,14,14,8,14,14,13,14,9,14,14,14,10,14,11,0,0,0,0,-1,
0,1,42,0.0479392,0,6,58,0.0401302,0,6,59,0.0479392,0,7,0,0.0479393,1,1,0,0.0401301,1,1,1,0.0401301,1,2,0,0.0479392,1,3,0,0.0479392,1,3,1,0.0479393,1,5,0,0.0479392,1,5,1,0.0401302,1,6,0,0.0479392,1,6,14,0.0401302,1,6,35,0.0479392,2,0,0,0.0479393,2,4,56,0.0479392,2,4,57,0.0401302,2,4,58,0.0401301,2,4,59,0.0479393,2,4,61,0.0479393,2,4,62,0.0479393,2,7,0,0.0479392,
e3f1
WHITE
3,14,2,14,14,14,1,14,5,14,14,0,14,14,14,3,8,0,0,14,14,14,4,0,2,14,14,14,14,14,14,14,14,14,14,14,14,0,14,14,8,14,14,14,14,14,14,8,14,13,8,14,8,8,8,14,11,9,9,14,14,10,11,14,0,0,0,0,-1,
0,0,14,0.0214148,0,2,49,0.0288041,0,2,50,0.0288041,0,6,58,0.0214148,0,6,59,0.0288041,1,0,0,0.028804,1,0,21,0.028804,1,3,0,0.0288041,1,3,1,0.0288041,1,7,28,0.0288041,1,7,42,0.0288041,1,7,43,0.0288041,1,7,44,0.0288041,2,1,0,0.028804,2,2,0,0.0214148,2,6,0,0.0288041,2,6,1,0.0288041,2,6,2,0.0288041,2,6,3,0.0214148,2,6,7,0.028804,2,6,28,0.028804,2,6,35,0.0214148,2,6,36,0.0288041,2,6,42,0.0288041,2,6,43,0.0288041,2,6,44,0.0288041,2,6,49,0.028804,2,6,50,0.0288041,2,6,51,0.028804,2,6,52,0.0288041,2,7,0,0.0288041,3,0,7,0.028804,3,0,8,0.0288041,3,0,9,0.0288041,3,0,10,0.028804,4,5,0,0.028804,
e7e6
BLACK
14,3,2,14,14,1,1,3,14,0,0,0,14,0,5,14,0,14,14,14,14,14,14,0,14,14,8,14,14,14,14,14,14,14,14,14,14,14,14,10,8,12,14,14,8,8,8,0,11,14,14,14,14,14,14,13,14,9,14,14,14,10,14,11,0,0,0,0,-1,
0,1,42,0.0577265,0,5,56,0.0577265,0,5,57,0.0499112,0,5,58,0.0577265,0,6,58,0.0577265,0,6,59,0.0577264,0,7,0,0.0577265,1,1,0,0.0499112,1,1,1,0.0499112,1,2,0,0.0577265,1,3,0,0.0577265,1,3,1,0.0577264,1,5,0,0.0577265,1,5,1,0.0499112,1,6,0,0.0577264,1,6,14,0.0499112,2,0,0,0.0577264,2,7,0,0.0577264,
d2d3
WHITE
3,14,2,14,14,14,1,14,5,14,14,14,14,14,14,3,8,0,0,0,14,14,4,0,2,14,14,14,14,14,14,14,14,14,14,14,14,0,14,14,8,14,14,14,8,14,14,8,14,13,8,14,14,8,8,14,11,9,9,14,14,10,11,14,0,0,0,0,-1,
0,0,14,0.0174207,0,2,7,0.0246729,0,2,8,0.0246729,0,2,9,0.0246729,0,2,10,0.0246729,0,2,11,0.0246729,0,2,49,0.0246729,0,2,50,0.0246729,0,6,58,0.0174207,0,6,59,0.0246729,1,0,21,0.0246729,1,7,28,0.0246729,1,7,42,0.0246729,1,7,43,0.0246729,1,7,44,0.0246729,1,7,45,0.0174206,1,7,46,0.0246729,1,7,47,0.0246729,2,1,0,0.0246729,2,2,0,0.0246729,2,3,0,0.0246729,2,6,0,0.0246729,2,6,1,0.0246729,2,6,2,0.0246729,2,6,3,0.0174207,2,6,7,0.0246729,2,6,28,0.0246729,2,6,35,0.0174206,2,6,36,0.0246729,2,6,42,0.0246729,2,6,43,0.0246729,2,6,49,0.0246729,2,6,50,0.0246729,2,6,51,0.0246729,2,6,52,0.0246729,2,7,0,0.0246729,3,0,7,0.0246729,3,0,8,0.0246729,3,0,9,0.0246729,3,0,10,0.0246729,4,5,0,0.0246729,4,5,49,0.0246729,
g6g5
BLACK
14,3,2,14,14,1,1,3,14,0,0,14,14,0,5,14,0,14,14,0,14,14,14,0,14,14,8,14,14,14,14,14,14,14,14,14,14,14,8,10,8,12,14,14,8,8,14,0,11,14,14,14,14,14,14,13,14,9,14,14,14,10,14,11,0,0,0,0,-1,
0,1,42,0.0458475,0,2,7,0.0380629,0,2,8,0.0458475,0,2,9,0.0458475,0,2,10,0.0458475,0,5,56,0.0458475,0,5,57,0.0380629,0,5,58,0.0458475,0,5,59,0.0458475,0,6,58,0.0380629,0,6,59,0.0458475,0,7,0,0.0458475,1,1,0,0.0380629,1,1,1,0.0380629,1,2,0,0.0458475,1,5,0,0.0458475,1,5,1,0.0380629,1,6,0,0.0458475,1,6,14,0.0380629,2,0,0,0.0458475,2,3,0,0.0458475,2,3,49,0.0458475,2,7,0,0.0458475,
g2g3
WHITE
3,14,2,14,14,14,1,14,5,14,14,14,14,14,14,3,8,14,0,0,14,14,4,0,2,0,14,14,14,14,14,14,14,14,14,14,14,0,14,14,8,13,14,14,8,14,14,8,14,14,8,14,14,8,8,14,11,9,9,14,14,10,11,14,0,0,0,0,-1,
0,0,14,0.0165402,0,2,7,0.0165402,0,2,8,0.0242164,0,2,9,0.0242164,0,2,10,0.0165402,0,2,11,0.0165402,0,2,49,0.0242165,0,2,50,0.0242164,0,6,58,0.0165402,0,6,59,0.0165402,1,0,0,0.0242164,1,0,7,0.0242164,1,0,21,0.0242164,1,7,28,0.0165402,1,7,42,0.0242164,1,7,43,0.0242164,1,7,44,0.0242164,1,7,45,0.0165402,1,7,46,0.0242165,1,7,47,0.0242164,2,2,0,0.0165402,2,3,0,0.0165402,2,6,0,0.0242164,2,6,1,0.0165402,2,6,2,0.0242165,2,6,3,0.0165402,2,6,7,0.0242164,2,6,28,0.0242164,2,6,35,0.0165402,2,6,36,0.0165401,2,6,42,0.0242165,2,6,43,0.0242165,2,6,49,0.0242164,2,6,50,0.0242165,2,6,51,0.0242164,2,6,52,0.0165402,2,7,0,0.0242165,3,0,7,0.0242164,3,0,8,0.0242165,3,0,9,0.0242164,3,0,10,0.0242164,3,0,21,0.0165401,3,0,22,0.0165402,3,0,23,0.0242165,3,1,0,0.0242164,4,5,0,0.0242164,4,5,49,0.0165402,
b6d4
BLACK
14,3,2,14,14,1,1,3,14,0,0,14,14,0,14,14,0,14,14,0,14,14,5,0,14,14,8,12,14,14,14,14,14,14,14,14,14,14,8,10,8,14,14,14,8,8,14,0,11,14,14,14,14,14,14,13,14,9,14,14,14,10,14,11,0,0,0,0,-1,
0,1,42,0.0494625,0,2,7,0.0417199,0,2,8,0.0494626,0,2,9,0.0494625,0,2,10,0.0494626,0,5,56,0.0494625,0,5,58,0.0494626,0,5,59,0.0494625,0,6,58,0.0417199,0,6,59,0.0494625,0,7,0,0.0494625,1,1,0,0.0417199,1,1,1,0.0417199,1,2,0,0.0494626,1,5,0,0.0494625,1,5,1,0.0417199,2,0,0,0.0494625,2,3,49,0.0494625,2,6,21,0.0494626,2,6,28,0.0494625,2,7,0,0.0494625,
c1g5 (capture)
WHITE
3,14,2,14,14,14,1,14,5,14,14,14,14,14,14,3,8,14,0,0,14,14,14,0,2,10,14,14,14,14,14,14,14,14,14,14,4,0,14,14,8,13,14,14,8,14,14,8,14,14,8,14,14,8,8,14,11,9,9,14,14,14,11,14,0,0,0,0,-1,
0,0,14,0.0176001,0,2,7,0.0176001,0,2,8,0.0257683,0,2,9,0.0257683,0,2,10,0.0176001,0,2,11,0.0176001,0,2,49,0.0176001,0,2,50,0.0176001,0,6,58,0.0176001,0,6,59,0.0176001,1,0,7,0.0176001,1,0,21,0.0257683,1,7,28,0.0176001,1,7,42,0.0257683,1,7,43,0.0176001,1,7,44,0.0257683,1,7,45,0.0176001,1,7,46,0.0176001,1,7,47,0.0176001,2,2,0,0.0176001,2,2,49,0.0176001,2,3,0,0.0176001,2,7,0,0.0176001,3,0,7,0.0257683,3,0,8,0.0176001,3,0,9,0.0176001,3,0,10,0.0257683,3,0,21,0.0176001,3,0,22,0.0176001,3,0,23,0.0176001,4,4,0,0.0257683,4,4,7,0.0257683,4,4,8,0.0176001,4,4,21,0.0257683,4,4,22,0.0176001,4,4,28,0.0257683,4,4,29,0.0257683,4,4,30,0.0257683,4,4,31,0.0257683,4,4,35,0.0257683,4,4,42,0.0257683,4,4,43,0.0176001,4,4,44,0.0176001,4,4,45,0.0257683,4,4,49,0.0257683,4,4,50,0.0176001,4,5,0,0.0257683,4,5,49,0.0176001,
h5e2
BLACK
14,3,14,14,14,1,1,3,14,0,0,14,10,0,14,14,0,14,14,0,14,14,5,0,14,14,8,12,14,14,14,14,14,14,14,14,14,14,2,14,8,14,14,14,8,8,14,0,11,14,14,14,14,14,14,13,14,9,14,14,14,10,14,11,0,0,0,0,-1,
0,1,14,0.0368478,0,1,15,0.0368478,0,1,16,0.0368477,0,1,42,0.0368478,0,5,56,0.0452394,0,5,58,0.0452394,0,5,59,0.0368478,0,6,58,0.0368478,0,6,59,0.0368478,0,7,0,0.0368478,1,1,0,0.0368478,1,1,1,0.0368478,1,2,0,0.0368478,1,5,0,0.0452394,1,5,1,0.0368478,2,0,0,0.0368478,2,3,49,0.0368478,2,6,21,0.0368477,2,6,28,0.0452394,2,7,0,0.0368478,4,6,21,0.0368477,4,6,35,0.0368478,4,6,36,0.0368478,4,6,37,0.0368478,4,6,38,0.0368478,4,6,49,0.0452394,
h3h4
WHITE
3,14,2,14,14,14,1,14,5,14,14,14,14,14,14,3,8,14,0,0,14,14,14,0,14,10,14,14,14,14,14,14,8,14,14,14,4,0,14,14,14,13,14,14,8,14,14,8,14,14,8,2,14,8,8,14,11,9,9,14,14,14,11,14,0,0,0,0,-1,
0,0,14,0.0165402,0,2,7,0.0165402,0,2,8,0.0242164,0,2,9,0.0242164,0,2,10,0.0165402,0,2,11,0.0165401,0,2,49,0.0242165,0,2,50,0.0242165,0,6,58,0.0165402,0,6,59,0.0165401,1,0,7,0.0242165,1,0,21,0.0242164,1,7,28,0.0165402,1,7,42,0.0242164,1,7,43,0.0165402,1,7,44,0.0242164,1,7,45,0.0165402,1,7,46,0.0165402,1,7,47,0.0242165,2,2,0,0.0165402,2,2,49,0.0165402,2,3,0,0.0165402,2,7,0,0.0242165,4,4,0,0.0242165,4,4,7,0.0242164,4,4,8,0.0165402,4,4,21,0.0242164,4,4,22,0.0165402,4,4,28,0.0242164,4,4,29,0.0242164,4,4,30,0.0242164,4,4,31,0.0242164,4,4,35,0.0242164,4,4,42,0.0242165,4,4,43,0.0242165,4,4,44,0.0165402,4,4,45,0.0242164,4,4,49,0.0242164,4,4,50,0.0242164,4,5,0,0.0242164,4,5,49,0.0165402,6,3,7,0.0242164,6,3,21,0.0242164,6,3,35,0.0242165,6,3,36,0.0242164,6,3,37,0.0242164,6,3,49,0.0165402,
f8d6
BLACK
14,3,14,14,14,1,1,3,14,0,0,14,10,0,14,14,0,14,14,0,14,14,5,14,14,14,8,12,14,14,14,0,14,14,14,14,14,14,2,14,8,14,14,10,8,8,14,0,11,14,14,14,14,14,14,13,14,9,14,14,14,14,14,11,0,0,0,0,-1,
1,5,1,0.283994,2,6,14,0.130338,2,6,28,0.292834,4,6,35,0.292834,
f2f4
WHITE
3,14,14,14,14,14,1,14,5,14,14,14,14,14,14,3,8,14,0,0,2,14,14,0,14,10,14,14,14,14,14,14,8,14,8,14,4,0,14,14,14,13,14,14,8,14,14,8,14,14,14,2,14,8,8,14,11,9,9,14,14,14,11,14,0,0,0,0,42,
0,0,14,0.0176001,0,0,15,0.0176001,0,0,16,0.0176001,0,0,17,0.0257683,0,0,18,0.0176001,0,6,58,0.0176001,0,6,59,0.0176001,1,0,7,0.0176001,1,0,21,0.0257683,1,7,28,0.0176001,1,7,42,0.0257683,1,7,43,0.0176001,1,7,44,0.0257683,1,7,45,0.0176001,1,7,46,0.0176001,1,7,47,0.0176001,2,2,0,0.0176001,2,2,49,0.0176001,2,3,0,0.0176001,2,4,7,0.0257683,2,4,8,0.0176001,2,4,9,0.0176001,2,4,21,0.0176001,2,4,35,0.0176001,2,4,36,0.0176001,2,4,49,0.0176001,2,4,50,0.0257683,2,7,0,0.0176001,4,4,0,0.0257683,4,4,7,0.0257683,4,4,8,0.0176001,4,4,21,0.0257683,4,4,22,0.0176001,4,4,28,0.0257683,4,4,35,0.0257683,4,4,42,0.0176001,4,4,43,0.0176001,4,4,49,0.0257683,4,4,50,0.0176001,4,4,51,0.0257683,4,5,0,0.0257683,4,5,49,0.0176001,6,3,7,0.0257683,6,3,21,0.0257683,6,3,35,0.0257683,6,3,36,0.0257683,6,3,37,0.0257683,6,3,49,0.0176001,
a7d7
BLACK
14,3,14,14,14,1,1,3,14,0,0,14,10,14,14,14,0,14,14,0,14,14,5,14,14,14,8,12,14,0,14,0,14,14,14,14,14,14,2,14,8,14,14,10,8,8,14,0,14,14,14,11,14,14,14,13,14,9,14,14,14,14,14,11,0,0,0,0,-1,
0,1,14,0.0478916,0,1,15,0.0400903,0,1,16,0.0400903,0,1,42,0.0478916,0,5,56,0.0478916,0,5,58,0.0478916,0,5,59,0.0478916,0,6,57,0.0478916,0,6,58,0.0400903,0,6,59,0.0478916,0,7,0,0.0478916,0,7,1,0.0332832,1,1,0,0.0400903,1,1,1,0.0400903,1,2,0,0.0478916,2,0,0,0.0478916,2,3,49,0.0478916,2,6,14,0.0478916,2,6,21,0.0478916,2,6,28,0.0478916,3,7,0,0.0478916,4,6,49,0.0478916,
g3g2
WHITE
3,14,14,14,14,14,1,14,5,14,14,14,3,14,14,14,8,14,0,0,2,14,14,0,14,10,14,14,14,14,14,14,8,14,8,14,4,0,14,14,14,14,14,14,8,14,14,8,14,13,14,2,14,8,8,14,11,9,9,14,14,14,11,14,0,0,0,0,-1,
0,0,14,0.0176001,0,0,15,0.0176001,0,0,16,0.0176001,0,0,17,0.0176001,0,0,18,0.0176001,0,6,58,0.0176001,1,0,7,0.0176001,1,0,21,0.0257683,1,4,14,0.0257683,1,4,15,0.0257683,1,4,16,0.0176001,1,4,28,0.0176001,1,4,42,0.0257683,1,4,43,0.0176001,1,4,44,0.0257683,2,2,0,0.0176001,2,2,49,0.0176001,2,3,0,0.0176001,2,4,7,0.0257683,2,4,8,0.0176001,2,4,9,0.0176001,2,4,21,0.0176001,2,4,35,0.0176001,2,4,36,0.0176001,2,4,49,0.0176001,2,4,50,0.0257683,2,7,0,0.0176001,4,4,0,0.0176001,4,4,7,0.0257683,4,4,8,0.0176001,4,4,21,0.0257683,4,4,22,0.0176001,4,4,23,0.0176001,4,4,28,0.0257683,4,4,35,0.0257683,4,4,42,0.0176001,4,4,43,0.0176001,4,4,49,0.0257683,4,4,50,0.0176001,4,4,51,0.0257683,4,5,0,0.0257683,4,5,49,0.0176001,6,3,7,0.0257683,6,3,21,0.0257683,6,3,35,0.0257683,6,3,36,0.0257683,6,3,37,0.0257683,6,3,49,0.0176001,
d7d8
BLACK
14,3,14,14,14,1,1,3,14,0,0,14,10,14,5,14,0,14,14,0,14,14,14,14,14,14,8,12,14,0,14,0,14,14,14,14,14,14,2,14,8,14,14,10,8,8,14,0,14,14,14,14,14,14,14,13,14,9,14,11,14,14,14,11,0,0,0,0,-1,
0,1,14,0.0432647,0,1,15,0.035594,0,1,16,0.0432647,0,1,42,0.0432647,0,5,56,0.0432647,0,5,57,0.035594,0,5,58,0.0432647,0,5,59,0.0432647,0,6,57,0.0432647,0,6,58,0.0432647,0,6,59,0.0432647,0,7,0,0.0432647,0,7,1,0.0432647,1,1,0,0.035594,1,1,1,0.0432647,1,2,0,0.0432647,1,6,0,0.0432647,1,6,7,0.0432647,1,6,14,0.035594,2,0,0,0.0432647,2,3,49,0.0432647,3,5,0,0.035594,3,7,0,0.0432647,4,6,49,0.0432647,
g1f3
WHITE
3,14,14,14,3,14,1,14,5,14,14,14,14,14,14,14,8,14,0,0,2,14,14,0,14,10,14,14,14,14,14,14,8,14,8,14,4,0,14,14,14,14,9,14,8,14,14,8,14,13,14,2,14,8,8,14,11,14,9,14,14,14,11,14,0,0,0,0,-1,
0,0,14,0.0185791,0,0,15,0.0185791,0,0,16,0.0263136,0,4,0,0.0185792,0,4,14,0.0263136,0,4,42,0.0263137,0,4,43,0.0185792,0,4,44,0.0263136,0,6,58,0.0185792,0,6,59,0.0185791,1,0,7,0.0263136,1,0,21,0.0263136,2,2,0,0.0185791,2,2,49,0.0185791,2,3,0,0.0185791,2,4,7,0.0263136,2,4,8,0.0263136,2,4,9,0.0185792,2,4,21,0.0185791,2,4,35,0.0185792,2,4,36,0.0185792,2,4,49,0.0185792,2,4,50,0.0263136,2,7,0,0.0263136,4,4,0,0.0263136,4,4,7,0.0263136,4,4,8,0.0263136,4,4,21,0.0263136,4,4,22,0.0185792,4,4,23,0.0263136,4,4,28,0.0263136,4,4,35,0.0263136,4,4,42,0.0263136,4,4,43,0.0263137,4,4,49,0.0263136,4,4,50,0.0263137,4,4,51,0.0263136,4,5,0,0.0263136,4,5,49,0.0185792,6,3,7,0.0263136,6,3,21,0.0263136,6,3,35,0.0263136,6,3,49,0.0185792,
d4f4 (capture)
BLACK
14,3,14,14,14,1,14,3,14,0,0,14,10,14,5,14,0,14,14,0,14,1,14,14,14,14,8,14,14,12,14,0,14,14,14,14,14,14,2,14,8,14,14,10,8,8,14,0,14,14,14,14,14,14,14,13,14,9,14,11,14,14,14,11,0,0,0,0,-1,
0,1,14,0.0327426,0,1,15,0.0327426,0,1,16,0.0327426,0,1,42,0.0411535,0,5,56,0.0327426,0,5,57,0.0327426,0,5,58,0.0327425,0,5,59,0.0327426,0,7,0,0.0411535,0,7,1,0.0327426,0,7,42,0.0327426,1,1,0,0.0327425,1,1,1,0.0327426,1,2,0,0.0327426,1,6,7,0.0327426,1,6,28,0.0411535,1,6,42,0.0327425,2,0,0,0.0327426,2,3,0,0.0327426,2,3,49,0.0327426,2,5,58,0.0327426,2,5,59,0.0327426,2,5,60,0.0327426,2,5,61,0.0327426,2,5,62,0.0411535,2,5,63,0.0327425,3,7,0,0.0411535,4,6,35,0.0327426,4,6,49,0.0411535,
h4h5
WHITE
3,14,14,14,3,14,1,14,5,14,14,14,14,14,14,14,8,14,0,0,2,14,14,0,8,10,14,14,14,14,14,14,14,14,4,14,14,0,14,14,14,14,9,14,8,14,14,8,14,13,14,2,14,8,8,14,11,14,9,14,14,14,11,14,0,0,0,0,-1,
0,0,14,0.022914,0,0,15,0.0229139,0,0,16,0.0229139,0,4,0,0.0229139,0,4,14,0.0315608,0,4,42,0.0229139,0,4,43,0.022914,0,4,44,0.0229139,0,6,58,0.0229139,0,6,59,0.0229139,1,0,21,0.0315608,2,2,0,0.022914,2,2,49,0.0229139,2,3,0,0.0229139,2,4,7,0.0315608,2,4,8,0.0229139,2,4,9,0.022914,2,4,21,0.022914,2,4,35,0.022914,2,4,36,0.0229139,2,4,49,0.0229139,2,7,0,0.0229139,4,2,0,0.0315608,4,2,7,0.0229139,4,2,8,0.022914,4,2,9,0.0229139,4,2,14,0.022914,4,2,15,0.0315608,4,2,21,0.0229139,4,2,28,0.022914,4,2,35,0.0229139,4,2,42,0.0229139,4,2,43,0.0229139,4,2,49,0.0229139,4,2,50,0.0229139,4,5,0,0.0315608,4,5,49,0.022914,6,3,7,0.0315608,6,3,21,0.0229139,6,3,35,0.0229139,6,3,49,0.022914,
c4d3 (capture)
BLACK
14,3,14,14,14,1,14,3,14,0,0,14,10,14,5,14,0,14,14,8,14,1,14,14,14,14,14,14,14,12,14,14,14,14,14,14,14,14,2,0,8,14,14,10,8,8,14,0,14,14,14,14,14,14,14,13,14,9,14,11,14,14,14,11,0,0,0,0,-1,
0,1,14,0.0314235,0,1,15,0.0314235,0,1,16,0.0314236,0,1,42,0.0400471,0,5,56,0.0314235,0,5,57,0.0314234,0,5,58,0.0314235,0,5,59,0.0314235,0,7,0,0.0314235,0,7,1,0.0314236,0,7,2,0.0314235,0,7,42,0.0314235,1,1,0,0.0314235,1,1,1,0.0314235,1,2,0,0.0314235,1,2,1,0.0314236,1,2,7,0.0314235,1,6,7,0.0314235,1,6,28,0.0400471,1,6,42,0.0314235,2,0,0,0.0314235,2,5,56,0.0314236,2,5,58,0.0314235,2,5,59,0.0314236,2,5,60,0.0314236,2,5,61,0.0314235,2,5,62,0.0314235,2,5,63,0.0314235,4,6,21,0.0314235,4,6,35,0.0314235,4,6,49,0.0400471,
h1g1
WHITE
3,14,14,14,3,14,1,14,5,14,14,14,14,14,14,14,8,14,0,0,2,14,14,0,8,10,14,14,14,14,14,14,14,14,4,14,14,14,14,14,14,14,9,14,0,14,14,8,14,13,14,2,14,8,8,14,14,11,9,14,14,14,11,14,0,0,0,0,-1,
0,0,14,0.0128549,0,0,15,0.0128549,0,0,16,0.0128549,0,4,0,0.0128549,0,4,14,0.0182063,0,4,42,0.0128549,0,4,43,0.0128549,0,4,44,0.0128549,0,6,58,0.0128549,0,6,59,0.0128549,1,0,21,0.0182064,2,2,0,0.0128549,2,2,49,0.0128549,2,3,0,0.0128549,2,4,7,0.0182063,2,4,8,0.0128549,2,4,9,0.0128549,2,4,21,0.0128549,2,4,35,0.0128549,2,4,36,0.0128549,2,4,49,0.0128549,2,7,0,0.0128549,4,2,0,0.401228,4,2,7,0.0128549,4,2,8,0.0128549,4,2,9,0.0182064,4,2,14,0.0128549,4,2,15,0.0182063,4,2,16,0.0128549,4,2,17,0.0128549,4,2,18,0.0128549,4,2,21,0.0128549,4,2,28,0.0128549,4,2,35,0.0128549,4,2,42,0.0128549,4,2,43,0.0128549,4,2,49,0.0182064,4,2,50,0.0182064,5,4,0,0.0182064,5,4,7,0.0182064,6,3,7,0.0182063,6,3,35,0.0182064,6,3,49,0.0128549,
h7g8
BLACK
14,3,14,14,14,1,3,14,14,0,0,14,10,14,5,14,0,14,14,8,14,1,14,14,14,14,14,14,14,12,14,14,14,14,14,14,14,14,2,0,8,14,14,10,8,8,14,0,14,14,14,14,14,14,14,14,14,9,14,11,14,14,13,11,0,0,0,0,-1,
0,1,14,0.0370671,0,1,15,0.0294913,0,1,16,0.0294913,0,1,42,0.0370671,0,5,56,0.0370671,0,5,57,0.0370671,0,5,58,0.0370671,0,5,59,0.0370671,0,6,14,0.0370671,1,1,0,0.0294913,1,1,1,0.0294913,1,2,0,0.0370671,1,2,1,0.0294914,1,2,7,0.0370671,1,6,7,0.0370671,1,6,21,0.0370671,1,6,42,0.0370671,2,0,0,0.0370671,2,5,56,0.0370671,2,5,58,0.0370671,2,5,59,0.0370671,2,5,60,0.0370671,2,5,61,0.0370671,2,5,63,0.0370671,4,6,21,0.0370671,4,6,35,0.0370671,4,6,49,0.0370671,5,7,0,0.0370671,
f3e1
WHITE
3,5,14,14,3,14,1,14,14,14,14,14,14,14,14,14,8,14,0,0,2,14,14,0,8,10,14,14,14,14,14,14,14,14,4,14,14,14,14,14,14,14,14,14,0,14,14,8,14,13,14,2,14,8,8,14,14,11,9,9,14,14,11,14,0,0,0,0,-1,
0,0,0,0.0242164,0,0,1,0.0242164,0,1,7,0.0165402,0,1,14,0.0242164,0,1,49,0.0165401,0,4,0,0.0165402,0,4,14,0.0242164,0,4,42,0.0242164,0,4,43,0.0165402,0,6,58,0.0165402,0,6,59,0.0242164,2,2,0,0.0165402,2,2,49,0.0165401,2,3,0,0.0165402,2,4,7,0.0242164,2,4,8,0.0242165,2,4,9,0.0242165,2,4,21,0.0242165,2,4,35,0.0165402,2,4,36,0.0165402,2,4,49,0.0242165,2,7,0,0.0242165,4,2,0,0.0242164,4,2,1,0.0165402,4,2,2,0.0165402,4,2,7,0.0165402,4,2,8,0.0165402,4,2,9,0.0242164,4,2,14,0.0242165,4,2,15,0.0242164,4,2,16,0.0165402,4,2,17,0.0165402,4,2,18,0.0242165,4,2,21,0.0242164,4,2,28,0.0165402,4,2,35,0.0242165,4,2,42,0.0165402,4,2,43,0.0242164,4,2,49,0.0242164,4,2,50,0.0242164,5,4,0,0.0242164,5,4,7,0.0242164,6,3,7,0.0242164,6,3,35,0.0242164,6,3,36,0.0242164,6,3,37,0.0242164,6,3,49,0.0242165,
e2d1
BLACK
14,3,14,10,1,1,3,14,14,0,0,14,14,14,5,14,0,14,14,8,14,14,14,14,14,14,14,14,14,12,14,14,14,14,14,14,14,14,2,0,8,14,14,10,8,8,14,0,14,14,14,14,14,14,14,14,14,9,14,11,14,14,13,11,0,0,0,0,-1,
0,1,14,0.047844,0,1,15,0.0400504,0,1,42,0.047844,0,4,57,0.0332502,0,4,58,0.0332502,0,5,56,0.047844,0,5,57,0.0400504,0,5,58,0.047844,0,5,59,0.047844,0,6,14,0.0478441,1,1,0,0.0400504,1,1,1,0.047844,1,2,0,0.0478441,1,2,1,0.047844,1,2,7,0.047844,1,6,7,0.0478441,1,6,21,0.047844,2,0,0,0.047844,4,6,21,0.047844,4,6,35,0.0478441,4,6,49,0.047844,5,7,0,0.047844,
f1d2
WHITE
3,5,14,14,3,14,1,14,14,14,14,14,14,14,14,14,8,14,0,0,2,14,14,0,8,10,14,14,14,14,14,14,14,14,4,14,14,14,14,14,14,14,14,14,0,14,14,8,14,13,14,14,9,8,8,14,14,11,14,9,2,14,11,14,0,0,0,0,-1,
0,0,0,0.0214292,0,0,1,0.0303502,0,1,7,0.0214292,0,1,14,0.0214292,0,1,49,0.0214292,0,4,0,0.0214293,0,4,14,0.0214292,0,4,42,0.0214293,0,4,43,0.0214292,0,6,58,0.0214292,0,6,59,0.0214292,2,2,0,0.0214292,2,2,49,0.0214292,2,3,0,0.0214293,2,4,7,0.0303502,2,4,8,0.0214293,2,4,9,0.0214293,2,4,21,0.0214293,2,4,35,0.0214292,2,4,36,0.0214292,2,4,49,0.0214293,2,7,0,0.0214293,4,2,0,0.0214293,4,2,1,0.0214292,4,2,2,0.0214292,4,2,7,0.0214292,4,2,8,0.0214292,4,2,14,0.0214293,4,2,15,0.0214293,4,2,16,0.0214292,4,2,17,0.0214292,4,2,18,0.0214293,4,2,21,0.0214292,4,2,28,0.0214293,4,2,35,0.0214292,4,2,42,0.0214292,4,2,43,0.0214293,4,2,49,0.0214293,4,2,50,0.0303502,5,4,7,0.0214293,7,4,21,0.0214292,7,4,35,0.0214292,7,4,36,0.0214292,7,4,37,0.0214293,7,4,38,0.0303502,
d6f8
BLACK
14,3,14,10,1,14,3,14,14,0,0,1,14,14,5,14,0,14,14,8,14,14,14,14,14,14,14,14,14,12,14,14,14,14,14,14,14,14,2,0,8,14,14,14,8,8,14,0,14,14,14,14,14,14,14,14,14,9,14,11,14,10,13,11,0,0,0,0,-1,
0,1,14,0.0432647,0,1,15,0.035594,0,1,42,0.0432647,0,4,57,0.0432647,0,4,58,0.0432647,0,6,14,0.035594,0,6,42,0.0432647,1,1,0,0.035594,1,1,1,0.035594,1,2,0,0.0432647,1,2,1,0.0432647,1,2,7,0.0432647,1,3,56,0.0432647,1,3,57,0.0432647,1,3,58,0.035594,1,3,59,0.0432647,1,3,63,0.0432647,1,6,7,0.0432647,1,6,21,0.0432647,2,0,0,0.0432647,4,6,21,0.0432647,4,6,35,0.0432647,4,6,49,0.0432647,5,7,0,0.0432647,
g5f4 (capture)
WHITE
3,5,2,14,3,14,1,14,14,14,14,14,14,14,14,14,8,14,0,0,14,14,14,0,8,14,14,14,14,14,14,14,14,14,10,14,14,14,14,14,14,14,14,14,0,14,14,8,14,13,14,14,9,8,8,14,14,11,14,9,2,14,11,14,0,0,0,0,-1,
0,0,0,0.0370671,0,0,1,0.0370671,0,1,7,0.0294913,0,1,49,0.0294913,0,2,7,0.0370671,0,2,8,0.0370671,0,2,9,0.0370671,0,2,10,0.0370671,0,2,11,0.0370671,0,2,49,0.0370671,0,2,50,0.0370671,0,4,0,0.0370671,0,4,1,0.0294913,0,4,2,0.0370671,0,4,3,0.0370671,0,4,14,0.0370671,0,4,42,0.0370671,0,6,58,0.0294913,0,6,59,0.0370671,2,2,0,0.0294913,2,3,0,0.0370671,2,7,0,0.0370671,5,4,7,0.0370671,7,4,21,0.0370671,7,4,35,0.0370671,7,4,36,0.0370671,7,4,37,0.0370671,7,4,38,0.0370671,
h8h6 (capture)
BLACK
14,3,14,10,1,14,3,14,14,0,0,1,14,14,5,14,0,14,14,8,14,14,14,14,14,14,14,14,14,2,14,14,14,14,14,14,14,14,14,0,8,14,14,14,8,8,14,11,14,14,14,14,14,14,14,14,14,9,14,11,14,10,13,14,0,0,0,0,-1,
0,1,14,0.0292584,0,1,15,0.0292584,0,1,42,0.0378762,0,4,57,0.0292585,0,4,58,0.0292585,0,6,14,0.0292584,0,6,42,0.0378762,1,1,0,0.0292585,1,1,1,0.0292584,1,2,0,0.0292585,1,2,1,0.0292584,1,2,7,0.0292585,1,3,56,0.0378762,1,3,57,0.0292585,1,3,58,0.0292584,1,3,59,0.0292584,1,3,63,0.0292585,1,6,0,0.0292584,1,6,7,0.0292585,1,6,14,0.0292584,1,6,21,0.0292585,1,6,35,0.0378762,1,6,42,0.0292584,2,0,0,0.0292585,3,5,7,0.0292585,3,5,8,0.0292584,3,5,21,0.0292584,3,5,22,0.0292585,3,5,35,0.0292584,3,5,49,0.0292585,3,5,50,0.0292584,3,5,51,0.0292585,3,5,52,0.0292585,
b1c1
WHITE
14,5,2,14,3,14,1,14,14,14,14,14,14,14,14,14,3,14,0,0,14,14,14,0,8,14,14,14,14,14,14,14,14,14,10,14,14,14,14,14,14,14,14,14,0,14,14,8,14,13,14,14,9,8,8,14,14,11,14,9,2,11,14,14,0,0,0,0,-1,
0,1,0,0.0314235,0,1,7,0.0314235,0,1,42,0.0314235,0,1,49,0.0314234,0,2,7,0.0314235,0,2,8,0.0314235,0,2,9,0.0400471,0,2,10,0.0314235,0,2,11,0.0314236,0,2,49,0.0314235,0,4,0,0.0314235,0,4,1,0.0314235,0,4,2,0.0314235,0,4,3,0.0314235,0,4,14,0.0400471,0,4,42,0.0314236,0,6,58,0.0314236,0,6,59,0.0314236,2,0,0,0.0314235,2,0,14,0.0314235,2,0,28,0.0314235,2,0,29,0.0314235,2,2,0,0.0314235,2,3,0,0.0314235,2,7,0,0.0314235,5,4,7,0.0314235,7,4,21,0.0314235,7,4,35,0.0314236,7,4,36,0.0314235,7,4,37,0.0314235,7,4,38,0.0400471,
d8d5
BLACK
14,14,3,10,1,14,3,14,14,0,0,1,14,14,5,14,0,14,14,8,14,14,14,14,14,14,14,14,14,2,14,14,14,14,14,11,14,14,14,0,8,14,14,14,8,8,14,11,14,14,14,14,14,14,14,14,14,9,14,14,14,10,13,14,0,0,0,0,-1,
0,2,14,0.0242074,0,2,42,0.0319008,0,2,43,0.0319008,0,4,57,0.0319008,0,4,58,0.0319008,0,6,14,0.0242074,0,6,42,0.0319008,1,1,0,0.0242074,1,1,1,0.0242074,1,2,0,0.0319008,1,2,1,0.0319008,1,2,7,0.0319008,1,3,56,0.0319008,1,3,57,0.0319008,1,3,58,0.0242075,1,3,59,0.0242075,1,3,60,0.0319008,1,3,63,0.0319008,1,6,0,0.0319008,1,6,7,0.0319008,1,6,14,0.0242075,1,6,21,0.0319008,1,6,35,0.0319008,1,6,42,0.0242074,2,0,0,0.0319008,3,5,7,0.0319008,3,5,8,0.0319008,3,5,21,0.0319008,3,5,22,0.0319008,3,5,35,0.0242074,3,5,49,0.0242075,3,5,50,0.0242075,3,5,51,0.0319008,3,5,52,0.0319008,
d2b1
WHITE
14,5,2,14,14,14,1,14,14,14,14,14,14,14,14,14,3,14,0,0,14,14,14,0,8,14,14,14,3,14,14,14,14,14,10,14,14,14,14,14,14,14,14,14,0,14,14,8,14,13,14,14,14,8,8,14,14,11,14,9,2,11,9,14,0,0,0,0,-1,
0,1,0,0.0231423,0,1,7,0.0231423,0,1,42,0.0311276,0,1,49,0.0231423,0,2,7,0.0231423,0,2,8,0.0311276,0,2,9,0.0311276,0,2,10,0.0231423,0,2,11,0.0231423,0,2,49,0.0231423,0,6,58,0.0231423,0,6,59,0.0231423,2,0,0,0.0311276,2,0,14,0.0231423,2,0,28,0.0311276,2,0,29,0.0311276,2,2,0,0.0231423,2,3,0,0.0231423,2,7,0,0.0311276,3,4,0,0.0311276,3,4,14,0.0311276,3,4,15,0.0311276,3,4,16,0.0231423,3,4,28,0.0311276,3,4,29,0.0311276,3,4,30,0.0231423,3,4,42,0.0311276,3,4,43,0.0231423,3,4,44,0.0231423,3,4,45,0.0231423,5,4,0,0.0311276,5,4,7,0.0311276,7,4,21,0.0311276,7,4,35,0.0231423,7,4,36,0.0311276,7,4,37,0.0231423,7,4,38,0.0311276,
h6h7
BLACK
14,1,3,10,1,14,3,14,14,0,0,14,14,14,5,14,0,14,14,8,14,14,14,14,14,14,14,14,14,2,14,14,14,14,14,11,14,14,14,0,8,14,14,14,8,8,14,14,14,14,14,14,14,14,14,11,14,9,14,14,14,10,13,14,0,0,0,0,-1,
0,1,56,0.0361908,0,1,57,0.0361909,0,2,14,0.0283977,0,4,57,0.0361908,0,4,58,0.0361908,0,6,14,0.0283976,0,6,42,0.0361908,1,1,0,0.0283977,1,1,1,0.0283976,1,2,0,0.0361908,1,2,1,0.0361909,1,2,7,0.0361908,1,6,0,0.0361908,1,6,7,0.0361908,1,6,14,0.0283976,1,6,21,0.0361908,1,6,35,0.0361908,1,6,42,0.0283977,2,0,0,0.0361908,3,5,7,0.0361908,3,5,8,0.0283977,3,5,21,0.0361909,3,5,22,0.0361909,3,5,35,0.0283977,3,5,36,0.0361908,3,5,49,0.0283976,3,5,50,0.0283976,3,5,51,0.0283977,3,5,52,0.0361908,4,7,0,0.0361908,
f4e5
WHITE
14,5,2,14,14,14,1,14,3,14,14,14,14,14,14,14,14,14,0,0,14,14,14,0,8,14,14,10,3,14,14,14,14,14,14,14,14,14,14,14,14,14,14,14,0,14,14,8,14,13,14,14,14,8,8,14,14,11,14,9,2,11,9,14,0,0,0,0,-1,
0,1,0,0.0212,0,1,7,0.0211999,0,1,42,0.0292,0,2,7,0.0212,0,2,8,0.0292,0,2,9,0.0292,0,2,10,0.0212,0,2,11,0.0211999,0,2,49,0.0212,0,2,50,0.0292,0,6,58,0.0211999,0,6,59,0.0211999,1,0,0,0.0292,1,0,1,0.0292,1,0,14,0.0292,1,0,15,0.0212,1,0,16,0.0292,1,0,17,0.0211999,1,0,18,0.0212,1,0,19,0.0212,1,0,20,0.0212,1,0,28,0.0292,2,2,0,0.0212,2,2,7,0.0212,2,7,0,0.0212,3,4,0,0.0292,3,4,14,0.0292,3,4,15,0.0292,3,4,16,0.0211999,3,4,28,0.0292,3,4,29,0.0211999,3,4,30,0.0212,3,4,42,0.0292,5,4,0,0.0292,5,4,7,0.0292,7,4,21,0.0292,7,4,35,0.0211999,7,4,36,0.0292,7,4,37,0.0211999,7,4,38,0.0292,
d1e2
BLACK
14,1,3,14,1,14,3,14,14,0,0,14,10,14,5,14,0,14,14,8,14,14,14,14,14,14,14,14,14,14,14,14,14,14,14,11,2,14,14,0,8,14,14,14,8,8,14,14,14,14,14,14,14,14,14,11,14,9,14,14,14,10,13,14,0,0,0,0,-1,
0,1,56,0.0370671,0,1,57,0.0370671,0,2,14,0.0294913,0,4,57,0.0370671,0,4,58,0.0370671,0,6,14,0.0294913,0,6,42,0.0370671,1,1,0,0.0294913,1,1,1,0.0294913,1,2,0,0.0370671,1,2,1,0.0370671,1,2,7,0.0370671,1,6,0,0.0370671,1,6,7,0.0370671,1,6,14,0.0294913,1,6,21,0.0370671,1,6,42,0.0370671,2,0,0,0.0370671,4,4,7,0.0370671,4,4,21,0.0370671,4,4,22,0.0370671,4,4,23,0.0370671,4,4,35,0.0370671,4,4,36,0.0370671,4,4,49,0.0370671,4,4,50,0.0370671,4,4,51,0.0370671,4,7,0,0.0370671,
g2f2
WHITE
14,5,2,14,14,14,1,14,3,14,14,14,14,14,14,14,14,14,0,0,14,14,14,0,8,14,14,10,3,14,14,14,14,14,14,14,14,14,14,14,14,14,14,14,0,14,14,8,14,14,13,2,14,8,8,14,14,11,14,9,14,11,9,14,0,0,0,0,-1,
0,1,7,0.14737,0,1,42,0.153742,0,2,49,0.153742,1,0,14,0.391403,6,3,36,0.153742,
h7g7
BLACK
14,1,3,14,1,14,3,14,14,0,0,14,10,5,14,14,0,14,14,8,14,14,14,14,14,14,14,14,14,14,14,14,14,14,14,11,2,14,14,0,8,14,14,14,8,8,14,14,14,14,14,14,14,14,11,14,14,9,14,14,14,10,13,14,0,0,0,0,-1,
0,1,56,0.0398708,0,1,57,0.0312852,0,2,14,0.0312852,0,4,56,0.0312852,0,4,57,0.0312852,0,4,58,0.0312852,0,6,0,0.0312852,0,6,1,0.0312852,0,6,2,0.0312852,0,6,3,0.0312852,0,6,4,0.0312852,0,6,5,0.0312852,0,6,14,0.0312851,0,6,42,0.0398708,1,1,0,0.0312852,1,1,1,0.0312852,1,2,0,0.0312852,1,2,1,0.0312852,1,2,7,0.0312852,1,5,49,0.0312852,2,0,0,0.0312852,4,4,7,0.0398708,4,4,21,0.0398708,4,4,22,0.0312852,4,4,23,0.0241671,4,4,35,0.0398708,4,4,36,0.0312852,4,4,49,0.0398708,4,4,50,0.024167,4,4,51,0.0241671,4,7,0,0.0312852,
g1g5
WHITE
14,5,2,14,14,14,1,14,14,3,14,14,14,14,14,14,14,14,0,0,14,14,14,0,8,11,14,10,3,14,14,14,14,14,14,14,14,14,14,14,14,14,14,14,0,14,14,8,14,14,13,2,14,8,8,14,14,14,14,9,14,11,9,14,0,0,0,0,-1,
0,1,7,0.0314234,0,1,42,0.0400471,0,1,49,0.0314236,0,2,7,0.0314235,0,2,8,0.0314235,0,2,9,0.0400471,0,2,10,0.0314236,0,2,11,0.0314236,0,6,58,0.0314236,0,6,59,0.0314235,1,1,0,0.0314235,1,1,1,0.0314235,2,2,0,0.0314235,2,2,7,0.0314235,2,2,49,0.0314235,2,7,0,0.0314235,3,4,0,0.0314235,3,4,14,0.0314235,3,4,15,0.0314235,3,4,16,0.0314235,3,4,28,0.0314235,3,4,29,0.0314235,3,4,30,0.0314235,3,4,42,0.0314235,5,4,0,0.0314235,5,4,7,0.0314235,6,3,7,0.0400471,6,3,35,0.0314235,6,3,36,0.0314235,6,3,37,0.0314235,6,3,49,0.0314236,
e2g4
BLACK
14,1,3,14,1,14,14,14,14,0,0,14,14,5,14,14,0,14,14,8,14,14,14,14,14,14,14,14,14,14,10,14,14,14,14,11,2,14,3,0,8,14,14,14,8,8,14,14,14,14,14,14,14,14,11,14,14,9,14,14,14,10,13,14,0,0,0,0,-1,
0,1,56,0.0400471,0,1,57,0.0314235,0,2,14,0.0314235,0,4,56,0.0314235,0,4,57,0.0314235,0,4,58,0.0314235,1,1,0,0.0314235,1,1,1,0.0314235,1,2,0,0.0314235,1,2,1,0.0314235,1,2,7,0.0314235,1,5,7,0.0314235,1,5,14,0.0314235,1,5,21,0.0314235,1,5,28,0.0314235,1,5,49,0.0314236,2,0,0,0.0314235,4,4,7,0.0400471,4,4,21,0.0314235,4,4,22,0.0314236,4,4,23,0.0314235,4,4,35,0.0314235,4,4,36,0.0314235,4,4,49,0.0314235,4,4,50,0.0314236,4,4,51,0.0400471,4,6,0,0.0314236,4,6,1,0.0314236,4,6,28,0.0314235,4,6,42,0.0314234,4,7,0,0.0314235,
e5c3
WHITE
14,5,2,14,14,14,1,14,14,3,14,14,14,14,14,14,14,14,0,0,14,14,14,0,8,11,14,14,3,14,14,14,14,2,14,14,14,14,14,14,14,14,14,14,0,10,14,8,14,14,13,14,14,8,8,14,14,14,14,9,14,11,9,14,0,0,0,0,-1,
0,1,7,0.0242075,0,1,42,0.0319008,0,1,49,0.0242075,0,2,7,0.0242075,0,2,8,0.0319008,0,2,9,0.0319008,0,2,10,0.0319008,0,2,11,0.0242074,0,6,58,0.0242075,0,6,59,0.0319008,1,1,0,0.0242074,1,1,1,0.0242074,2,2,0,0.0242075,2,2,49,0.0319008,2,3,0,0.0319008,2,7,0,0.0319008,3,4,0,0.0319008,3,4,14,0.0319008,3,4,15,0.0319008,3,4,16,0.0319008,3,4,28,0.0319008,3,4,29,0.0319008,3,4,30,0.0242074,3,4,42,0.0319008,3,4,43,0.0319008,3,4,44,0.0242074,4,1,7,0.0319008,4,1,8,0.0242074,4,1,9,0.0319008,4,1,21,0.0319008,4,1,35,0.0319008,4,1,49,0.0319008,5,4,0,0.0319008,5,4,7,0.0319008,
g8h8
BLACK
14,1,3,14,1,14,14,14,14,0,0,14,14,5,14,14,0,14,2,8,14,14,14,14,14,14,14,14,14,14,10,14,14,14,14,11,14,14,3,0,8,14,14,14,8,8,14,14,14,14,14,14,14,14,11,14,14,9,14,14,14,10,14,13,0,0,0,0,-1,
0,1,56,0.0411908,0,2,14,0.0331799,0,4,56,0.0331799,0,4,57,0.0411908,0,4,58,0.0411908,1,1,0,0.0331799,1,1,1,0.03318,1,2,7,0.0411908,1,5,7,0.0411909,1,5,14,0.0411908,1,5,21,0.0411908,1,5,28,0.0331799,1,5,49,0.0331799,2,0,0,0.0411908,2,2,7,0.03318,2,2,8,0.0331799,2,2,9,0.0411909,2,2,21,0.0331799,2,2,49,0.0331799,2,2,50,0.0411908,4,6,0,0.0331799,4,6,1,0.0331799,4,6,28,0.0411908,4,6,42,0.0331799,4,6,43,0.0411908,4,6,44,0.0331799,4,7,0,0.0411908,
c3d2
WHITE
5,14,2,14,14,14,1,14,14,3,14,14,14,14,14,14,14,14,0,0,14,14,14,0,8,11,14,14,3,14,14,14,14,2,14,14,14,14,14,14,14,14,14,14,0,14,14,8,14,14,13,14,10,8,8,14,14,14,14,9,14,11,9,14,0,0,0,0,-1,
0,0,0,0.0292,0,0,14,0.0211999,0,2,7,0.0212,0,2,8,0.0292,0,2,9,0.0292,0,2,10,0.0212,0,2,11,0.0211999,0,6,58,0.0212,0,6,59,0.0212,1,1,0,0.0212,1,1,1,0.0211999,1,1,14,0.0292,1,1,15,0.0292,1,1,16,0.0212,1,1,17,0.0211999,1,1,18,0.0212,1,1,19,0.0292,1,1,28,0.0292,1,1,42,0.0292,2,2,0,0.0212,2,2,49,0.0211999,2,3,0,0.0211999,2,7,0,0.0292,3,4,0,0.0292,3,4,14,0.0292,3,4,15,0.0292,3,4,16,0.0211999,3,4,28,0.0292,3,4,29,0.0292,3,4,30,0.0212,3,4,42,0.0292,3,4,43,0.0212,3,4,44,0.0211999,4,1,7,0.0292,4,1,8,0.0212,4,1,9,0.0292,4,1,21,0.0292,4,1,35,0.0211999,4,1,49,0.0212,5,4,7,0.0292,
g4d1
BLACK
14,1,3,10,1,14,14,14,14,0,0,2,14,5,14,14,0,14,14,8,14,14,14,14,14,14,14,14,14,14,14,14,14,14,14,11,14,14,3,0,8,14,14,14,8,8,14,14,14,14,14,14,14,14,11,14,14,9,14,14,14,10,14,13,0,0,0,0,-1,
0,1,57,0.0314235,0,2,14,0.0314235,0,4,56,0.0314235,0,4,57,0.0314235,0,4,58,0.0314235,1,1,0,0.0314236,1,1,1,0.0314236,1,2,0,0.0314235,1,2,1,0.0314235,1,2,7,0.0314235,1,3,7,0.0314235,1,3,8,0.0314236,1,3,49,0.0314235,1,3,50,0.0314235,1,3,51,0.0400471,1,5,7,0.0314236,1,5,14,0.0314235,1,5,21,0.0314235,1,5,28,0.0314235,1,5,49,0.0314236,2,0,0,0.0314235,4,6,0,0.0314235,4,6,1,0.0314235,4,6,28,0.0314235,4,6,29,0.0314235,4,6,30,0.0400471,4,6,31,0.0314235,4,6,42,0.0314235,4,6,43,0.0400471,4,6,44,0.0314234,4,7,0,0.0314235,
b2b3
WHITE
5,14,2,14,14,14,1,14,14,3,14,14,14,14,14,14,14,14,0,0,14,14,14,0,8,11,14,14,3,14,14,14,14,14,14,14,14,14,14,14,14,14,14,14,0,14,8,8,14,14,13,14,10,8,14,14,14,14,14,9,2,11,9,14,0,0,0,0,-1,
0,0,0,0.0271679,0,0,14,0.0197246,0,2,7,0.0271679,0,2,8,0.0271679,0,2,9,0.0271679,0,2,10,0.0271678,0,2,11,0.0197246,0,6,58,0.0197246,0,6,59,0.0271679,1,1,0,0.0197245,1,1,1,0.0197245,1,1,14,0.0271679,1,1,15,0.0271679,1,1,16,0.0271679,1,1,17,0.0271679,1,1,18,0.0271679,1,1,19,0.0271678,1,1,28,0.0271679,1,1,42,0.0271679,2,2,0,0.0197245,2,2,49,0.0271679,2,3,0,0.0271678,2,7,0,0.0271679,3,4,0,0.0271679,3,4,14,0.0271679,3,4,15,0.0271679,3,4,16,0.0271679,3,4,28,0.0271679,3,4,29,0.0271679,3,4,30,0.0197245,3,4,42,0.0271679,3,4,43,0.0271679,3,4,44,0.0197245,5,4,7,0.0271679,7,4,21,0.0271679,7,4,35,0.0271678,7,4,36,0.0271679,7,4,37,0.0271678,7,4,38,0.0271679,
g7g8
BLACK
14,1,3,10,1,14,14,14,14,14,0,2,14,5,14,14,0,0,14,8,14,14,14,14,14,14,14,14,14,14,14,14,14,14,14,11,14,14,3,0,8,14,14,14,8,8,14,14,14,14,14,14,14,14,14,14,14,9,14,14,14,10,11,13,0,0,0,0,-1,
0,1,57,0.0314235,0,2,14,0.0314235,0,4,56,0.0314235,0,4,57,0.0314235,0,4,58,0.0314235,1,2,0,0.0314235,1,2,1,0.0314235,1,2,7,0.0314235,1,3,7,0.0314235,1,3,8,0.0314235,1,3,49,0.0314235,1,3,50,0.0314236,1,3,51,0.0400471,1,5,7,0.0314235,1,5,14,0.0314235,1,5,21,0.0314235,1,5,28,0.0314235,1,5,49,0.0314236,2,0,0,0.0314235,2,1,0,0.0314235,4,6,0,0.0314236,4,6,1,0.0314235,4,6,2,0.0314235,4,6,28,0.0314235,4,6,29,0.0314235,4,6,30,0.0400471,4,6,31,0.0314235,4,6,42,0.0314236,4,6,43,0.0400471,4,6,44,0.0314234,4,7,0,0.0314236,
h5h6
WHITE
5,3,2,14,14,14,1,14,14,14,14,14,14,14,14,14,8,14,0,0,14,14,14,0,14,11,14,14,3,14,14,14,14,14,14,14,14,14,14,14,14,14,14,14,0,14,8,8,14,14,13,14,10,8,14,14,14,14,14,9,2,11,9,14,0,0,0,0,-1,
0,0,0,0.0292585,0,1,0,0.0292584,0,1,1,0.0292585,0,1,2,0.0292585,0,2,7,0.0292584,0,2,8,0.0292585,0,2,9,0.0378762,0,2,10,0.0292584,0,2,11,0.0292584,0,2,49,0.0292585,0,2,50,0.0292585,0,6,58,0.0292585,0,6,59,0.0292584,2,2,0,0.0292584,2,2,49,0.0292584,2,3,0,0.0292584,2,7,0,0.0292585,3,4,0,0.0292585,3,4,14,0.0292585,3,4,15,0.0292585,3,4,16,0.0292585,3,4,28,0.0292585,3,4,29,0.0292584,3,4,30,0.0292584,3,4,42,0.0292585,3,4,43,0.0292584,3,4,44,0.0292584,5,4,7,0.0292584,7,4,21,0.0378762,7,4,35,0.0292585,7,4,36,0.0378762,7,4,37,0.0292584,7,4,38,0.0378762,
f8c5
BLACK
14,1,3,10,1,14,14,14,14,14,0,2,14,5,14,14,0,0,14,8,14,14,14,14,14,14,14,14,14,14,14,14,14,14,10,11,14,14,3,14,8,14,14,14,8,8,14,0,14,14,14,14,14,14,14,14,14,9,14,14,14,14,11,13,0,0,0,0,-1,
1,3,7,0.251992,1,5,7,0.251992,1,5,14,0.251992,1,5,28,0.244024,
f2f1
WHITE
5,3,14,14,14,14,1,14,14,14,14,14,14,14,14,14,8,14,0,0,14,14,14,0,14,11,14,14,3,2,14,14,14,14,14,14,14,14,14,14,14,14,14,14,0,14,8,8,14,14,14,14,10,8,14,14,14,14,13,9,2,11,9,14,0,0,0,0,-1,
0,0,0,0.0251729,0,1,0,0.0251729,0,1,1,0.0338589,0,1,2,0.0251729,0,1,14,0.0251729,0,1,15,0.0251729,0,1,16,0.0251729,0,1,17,0.0251729,0,6,58,0.0251729,0,6,59,0.0251729,2,2,0,0.0251729,2,2,49,0.0251729,2,3,0,0.0251729,2,7,0,0.0251729,3,4,0,0.0338589,3,4,28,0.0251729,3,4,29,0.0251729,3,4,30,0.0251729,3,4,42,0.0251729,3,4,43,0.0251729,3,4,44,0.0251729,3,5,7,0.0251729,3,5,8,0.0251729,3,5,21,0.0251729,3,5,22,0.0251729,3,5,35,0.0251729,3,5,36,0.0251729,3,5,37,0.0251729,3,5,49,0.0251729,3,5,50,0.0251729,3,5,51,0.0251729,3,5,52,0.0251729,5,4,7,0.0251729,7,4,21,0.0338589,7,4,35,0.0251729,7,4,36,0.0338589,7,4,37,0.0251729,7,4,38,0.0338589,
g8g6
BLACK
14,1,3,10,1,5,14,14,14,14,0,2,14,14,14,14,0,0,14,8,14,14,14,14,14,14,14,14,14,14,14,14,14,14,10,11,14,14,3,14,8,14,14,14,8,8,11,0,14,14,14,14,14,14,14,14,14,9,14,14,14,14,14,13,0,0,0,0,-1,
0,1,57,0.0368478,0,2,14,0.0368478,0,4,56,0.0368478,0,4,57,0.0368478,0,4,58,0.0452394,0,5,7,0.0368478,1,2,0,0.0368478,1,2,1,0.0368478,1,2,7,0.0368478,1,3,7,0.0368478,1,3,8,0.0368477,1,3,49,0.0368478,1,3,50,0.0368478,1,3,51,0.0452394,2,0,0,0.0368478,2,1,0,0.0368478,4,6,0,0.0368478,4,6,14,0.0368478,4,6,28,0.0368477,4,6,29,0.0368478,4,6,30,0.0452394,4,6,31,0.0452394,4,6,42,0.0368478,4,6,43,0.0452394,4,6,44,0.0368478,5,7,0,0.0368477,
b1c3
WHITE
5,14,14,14,14,14,1,14,14,14,14,14,14,14,14,14,8,3,0,0,14,14,14,0,14,11,14,14,3,2,14,14,14,14,14,14,14,14,14,14,14,14,14,14,0,9,8,8,14,14,14,14,10,8,14,14,14,14,13,9,2,11,14,14,0,0,0,0,-1,
0,0,0,0.028804,0,0,14,0.0214148,0,6,58,0.0214148,0,6,59,0.0288041,2,1,0,0.0288041,2,1,28,0.0288041,2,1,29,0.028804,2,1,42,0.0288041,2,2,0,0.0288041,2,2,49,0.0288041,2,3,0,0.0288041,2,7,0,0.0288041,3,4,0,0.028804,3,4,28,0.0288041,3,4,29,0.0288041,3,4,30,0.0214148,3,4,42,0.028804,3,4,43,0.0288041,3,4,44,0.0214148,3,5,7,0.0288041,3,5,8,0.0288041,3,5,21,0.0288041,3,5,22,0.0288041,3,5,35,0.0288041,3,5,36,0.028804,3,5,37,0.028804,3,5,49,0.0288041,3,5,50,0.0214148,3,5,51,0.0288041,3,5,52,0.0288041,5,4,7,0.028804,7,4,21,0.028804,7,4,35,0.0288041,7,4,36,0.028804,7,4,37,0.0288041,7,4,38,0.028804,
d3c2 (capture)
BLACK
14,14,3,10,1,5,14,14,14,14,8,2,14,14,14,14,0,0,1,14,14,14,14,14,14,14,14,14,14,14,14,14,14,14,10,11,14,14,3,14,8,14,14,14,8,8,11,0,14,14,14,14,14,14,14,14,14,9,14,14,14,14,14,13,0,0,0,0,-1,
0,2,0,0.0400471,0,2,14,0.0314236,0,2,42,0.0314235,0,2,43,0.0314236,0,4,56,0.0314235,0,4,57,0.0314235,0,4,58,0.0314235,0,4,59,0.0314235,0,5,7,0.0314235,1,3,7,0.0314235,1,3,8,0.0314235,2,0,0,0.0314235,2,1,0,0.0314235,2,2,56,0.0314234,2,2,57,0.0400471,2,2,58,0.0314235,2,2,59,0.0314235,2,2,60,0.0314236,2,2,61,0.0314235,2,2,62,0.0314235,2,2,63,0.0314235,4,6,0,0.0314236,4,6,14,0.0314235,4,6,28,0.0314235,4,6,29,0.0314235,4,6,30,0.0314235,4,6,31,0.0314235,4,6,42,0.0314235,4,6,43,0.0400471,4,6,44,0.0314236,5,7,0,0.0314235,
g5e5
WHITE
5,14,14,14,14,14,1,14,14,14,14,14,14,14,14,14,8,3,0,0,14,14,14,0,14,14,14,11,3,2,14,14,14,14,14,14,14,14,14,14,14,14,14,14,14,9,8,8,14,14,14,14,10,0,14,14,14,14,13,9,2,11,14,14,0,0,0,0,-1,
0,0,0,0.0138046,0,0,14,0.0138046,0,6,58,0.0138047,0,6,59,0.0138046,2,1,0,0.0138046,2,1,1,0.0138046,2,1,2,0.0138046,2,1,3,0.0138046,2,1,4,0.506816,2,1,28,0.0138046,2,1,29,0.0138046,2,1,42,0.0138046,2,2,0,0.0138046,2,2,7,0.0138046,2,7,0,0.0138046,3,4,0,0.0138046,3,4,1,0.0138046,3,4,2,0.0100225,3,4,28,0.0138046,3,4,29,0.0138046,3,4,30,0.0138046,3,4,42,0.0138046,3,5,7,0.0138046,3,5,8,0.0138046,3,5,21,0.0138046,3,5,22,0.0138046,3,5,35,0.0138046,3,5,36,0.0138046,3,5,37,0.0138046,3,5,49,0.0138046,3,5,50,0.0138047,3,5,51,0.0138046,3,5,52,0.0138046,7,4,35,0.0138046,7,4,36,0.0138046,7,4,37,0.0138046,7,4,38,0.0138046,
g6g1
BLACK
-1 WINNER!
