3,1,2,4,5,2,1,3,0,0,0,0,0,0,0,0,14,14,14,14,14,14,14,14,14,14,14,14,14,14,14,14,14,14,14,14,14,14,14,14,14,14,14,14,14,14,14,14,8,8,8,8,8,8,8,8,11,9,10,12,13,10,9,11,1,1,1,1,-1,
0,1,57,0.0501002,0,1,58,0.0501002,0,6,57,0.0501002,0,6,58,0.0501002,1,0,0,0.0501002,1,0,1,0.0501002,1,1,0,0.0501002,1,1,1,0.0501002,1,2,0,0.0501002,1,2,1,0.0480961,1,3,0,0.0501002,1,3,1,0.0501002,1,4,0,0.0501002,1,4,1,0.0501002,1,5,0,0.0501002,1,5,1,0.0501002,1,6,0,0.0501002,1,6,1,0.0501002,1,7,0,0.0501002,1,7,1,0.0501002,
b2b3
WHITE
3,1,2,5,4,2,1,3,0,0,0,0,0,0,0,0,14,14,14,14,14,14,14,14,14,14,14,14,14,14,14,14,14,14,14,14,14,14,14,14,14,14,14,14,14,14,8,14,8,8,8,8,8,8,14,8,11,9,10,13,12,10,9,11,1,1,1,1,-1,
0,1,57,0.0501002,0,1,58,0.0501002,0,6,57,0.0501002,0,6,58,0.0501002,1,0,0,0.0501002,1,0,1,0.0501002,1,1,0,0.0501002,1,1,1,0.0501002,1,2,0,0.0501002,1,2,1,0.0480961,1,3,0,0.0501002,1,3,1,0.0501002,1,4,0,0.0501002,1,4,1,0.0501002,1,5,0,0.0501002,1,5,1,0.0501002,1,6,0,0.0501002,1,6,1,0.0501002,1,7,0,0.0501002,1,7,1,0.0501002,
d7d5
BLACK
3,1,2,4,5,2,1,3,0,14,0,0,0,0,0,0,14,0,14,14,14,14,14,14,14,14,14,14,14,14,14,14,14,14,14,8,14,14,14,14,14,14,14,14,14,14,14,14,8,8,8,14,8,8,8,8,11,9,10,12,13,10,9,11,1,1,1,1,43,
0,1,57,0.0480962,0,1,58,0.0480962,0,2,49,0.0480962,0,2,50,0.0480962,0,6,57,0.0460922,0,6,58,0.0460922,1,0,0,0.0480962,1,0,1,0.0480962,1,2,0,0.0480962,1,2,1,0.0460922,1,3,0,0.0460922,1,3,1,0.0480962,1,4,0,0.0480962,1,4,1,0.0480962,1,5,0,0.0480962,1,5,1,0.0480962,1,6,0,0.0480962,1,6,1,0.0480962,1,7,0,0.0460922,1,7,1,0.0480962,2,1,0,0.0480962,
h2h4
WHITE
3,1,2,5,4,2,1,3,0,0,0,0,14,0,0,0,14,14,14,14,14,14,14,14,14,14,14,14,0,14,14,14,8,14,14,14,14,14,14,14,14,14,14,14,14,14,8,14,14,8,8,8,8,8,14,8,11,9,10,13,12,10,9,11,1,1,1,1,40,
0,1,57,0.0360722,0,1,58,0.0360721,0,3,7,0.0360721,0,4,0,0.0340682,0,4,1,0.0360721,0,5,49,0.0360722,0,5,50,0.0360721,0,5,51,0.0360721,0,5,52,0.0360722,0,5,53,0.0360721,0,6,57,0.0340681,0,6,58,0.0340681,0,6,59,0.0360721,1,0,0,0.0360722,1,0,1,0.0360721,1,1,0,0.0360721,1,1,1,0.0360722,1,2,0,0.0360722,1,2,1,0.0340681,1,3,0,0.0340681,1,3,1,0.0360722,1,5,0,0.0360721,1,5,1,0.0360721,1,6,0,0.0360721,1,6,1,0.0360721,1,7,0,0.0360721,1,7,1,0.0360721,3,4,0,0.0360721,
h7h5
BLACK
3,1,2,4,5,2,1,3,0,14,0,0,0,0,0,14,14,0,14,14,14,14,14,14,14,14,14,14,14,14,14,0,14,14,14,8,14,14,14,8,14,14,14,14,14,14,14,14,8,8,8,14,8,8,8,14,11,9,10,12,13,10,9,11,1,1,1,1,47,
0,1,57,0.0480962,0,1,58,0.0480962,0,2,49,0.0480962,0,2,50,0.0460922,0,6,57,0.0460922,0,6,58,0.0460922,0,7,0,0.0480962,0,7,1,0.0480962,1,0,0,0.0480962,1,0,1,0.0480962,1,2,0,0.0480962,1,2,1,0.0460922,1,3,0,0.0460922,1,3,1,0.0480962,1,4,0,0.0480962,1,4,1,0.0480962,1,5,0,0.0480962,1,5,1,0.0480962,1,6,0,0.0480962,1,6,1,0.0480962,2,1,0,0.0480962,
e2e3
WHITE
3,1,2,5,4,2,1,3,14,0,0,0,14,0,0,0,14,14,14,14,14,14,14,14,0,14,14,14,0,14,14,14,8,14,14,14,14,14,14,14,14,14,14,8,14,14,8,14,14,8,8,14,8,8,14,8,11,9,10,13,12,10,9,11,1,1,1,1,-1,
0,0,0,0.0360722,0,0,1,0.0360721,0,1,57,0.0360722,0,1,58,0.0360721,0,3,7,0.0360721,0,4,0,0.0340682,0,4,1,0.0360721,0,5,49,0.0360721,0,5,50,0.0360722,0,5,51,0.0360721,0,5,52,0.0360722,0,5,53,0.0360721,0,6,57,0.0340681,0,6,58,0.0340681,0,6,59,0.0360721,1,1,0,0.0360721,1,1,1,0.0360721,1,2,0,0.0360721,1,2,1,0.0340681,1,3,0,0.0340681,1,3,1,0.0360722,1,5,0,0.0360722,1,5,1,0.0360721,1,6,0,0.0360721,1,6,1,0.0360721,1,7,0,0.0360721,1,7,1,0.0360722,3,4,0,0.0360721,
b7b5
BLACK
3,1,2,4,5,2,1,3,0,14,0,0,14,0,0,14,14,0,14,14,0,14,14,14,14,14,14,14,14,14,14,0,14,8,14,8,14,14,14,8,14,14,14,14,14,14,14,14,8,14,8,14,8,8,8,14,11,9,10,12,13,10,9,11,1,1,1,1,41,
0,1,57,0.0340681,0,1,58,0.0320641,0,2,49,0.0340682,0,2,50,0.0320641,0,3,7,0.0340681,0,3,8,0.0340681,0,3,9,0.0340682,0,3,10,0.0320641,0,4,0,0.0320641,0,5,49,0.0340681,0,5,50,0.0340681,0,5,51,0.0320641,0,5,52,0.0320641,0,6,57,0.0320641,0,6,58,0.0320641,0,6,59,0.0340681,0,7,0,0.0340681,0,7,1,0.0320641,1,0,0,0.0340681,1,0,1,0.0340681,1,2,0,0.0340681,1,2,1,0.0320641,1,3,0,0.0320641,1,3,1,0.0340681,1,5,0,0.0340681,1,5,1,0.0340681,1,6,0,0.0340681,1,6,1,0.0340682,2,1,0,0.0340681,2,4,0,0.0340681,
c1b2
WHITE
3,1,2,5,4,2,1,3,14,0,0,0,14,0,14,0,14,14,14,14,14,14,14,14,0,14,14,14,0,14,0,14,8,14,14,14,14,14,14,14,14,14,14,8,14,14,8,14,14,8,8,14,8,8,10,8,11,9,10,13,12,14,9,11,1,1,1,1,-1,
0,0,0,0.0340682,0,0,1,0.0340682,0,1,57,0.0340681,0,1,58,0.0340681,0,3,7,0.0360721,0,4,0,0.0340682,0,4,1,0.0360721,0,5,7,0.0340681,0,5,8,0.0360722,0,5,49,0.0340681,0,5,50,0.0340681,0,5,51,0.0340682,0,5,52,0.0340681,0,5,53,0.0340682,0,6,57,0.0340681,0,6,58,0.0340681,0,6,59,0.0360722,1,1,0,0.0360722,1,1,1,0.0340682,1,2,0,0.0340682,1,2,1,0.0340681,1,3,0,0.0340681,1,3,1,0.0340681,1,5,0,0.0340682,1,5,1,0.0360721,1,7,0,0.0340681,1,7,1,0.0340681,3,4,0,0.0340682,3,6,0,0.0340681,
c7c6
BLACK
3,1,14,4,5,2,1,3,0,2,0,0,14,0,0,14,14,0,14,14,0,14,14,14,14,14,14,14,14,14,14,0,14,8,14,8,14,14,14,8,14,14,8,14,14,14,14,14,8,14,14,14,8,8,8,14,11,9,10,12,13,10,9,11,1,1,1,1,-1,
0,1,57,0.0280561,0,1,58,0.0280561,0,3,7,0.0280561,0,3,8,0.0280561,0,3,9,0.0280561,0,3,10,0.0280561,0,3,42,0.0260522,0,4,0,0.0260521,0,5,49,0.0280561,0,5,50,0.0280561,0,5,51,0.0280561,0,5,52,0.0280561,0,6,57,0.0260521,0,6,58,0.0280561,0,6,59,0.0280561,0,7,0,0.0280561,0,7,1,0.0280561,1,0,0,0.0280561,1,0,1,0.0280561,1,1,7,0.0280561,1,1,8,0.0280561,1,1,9,0.0280561,1,1,10,0.0280561,1,1,11,0.0280561,1,1,21,0.0280561,1,1,49,0.0280561,1,2,0,0.0280561,1,2,1,0.0260521,1,3,0,0.0260521,1,3,1,0.0280561,1,5,0,0.0280561,1,5,1,0.0280561,1,6,0,0.0280561,1,6,1,0.0280561,2,1,0,0.0280561,2,4,0,0.0280561,
g2g3
WHITE
3,1,2,5,4,2,1,3,14,0,0,0,14,14,14,0,14,14,14,14,14,0,14,14,0,14,14,14,0,14,0,14,8,14,14,14,14,14,14,14,14,8,14,8,14,14,8,14,14,14,8,14,8,8,10,8,11,9,10,13,12,14,9,11,1,1,1,1,-1,
0,0,0,0.0340682,0,0,1,0.0340681,0,1,57,0.0340681,0,1,58,0.0340682,0,3,7,0.0340681,0,4,0,0.0320641,0,4,1,0.0340682,0,4,7,0.0320641,0,4,8,0.0320641,0,4,9,0.0320641,0,5,7,0.0340681,0,5,8,0.0340681,0,5,49,0.0340681,0,5,50,0.0340681,0,5,51,0.0320641,0,5,52,0.0320641,0,5,53,0.0340681,0,6,57,0.0320641,0,6,59,0.0340681,1,1,0,0.0340681,1,1,1,0.0340681,1,2,0,0.0340681,1,2,1,0.0320641,1,3,0,0.0320641,1,3,1,0.0340681,1,7,0,0.0320641,1,7,1,0.0340681,2,5,0,0.0340681,3,4,0,0.0340681,3,6,0,0.0320641,
d8d7
BLACK
3,1,14,4,5,2,1,3,0,2,0,0,14,0,14,14,14,0,14,14,0,14,0,14,14,14,14,14,14,14,14,0,14,8,14,8,14,14,14,8,14,14,8,14,14,14,14,14,8,14,14,12,8,8,8,14,11,9,10,14,13,10,9,11,1,1,1,1,-1,
0,1,57,0.0260521,0,1,58,0.0260521,0,3,7,0.0280561,0,3,8,0.0280561,0,3,9,0.0260521,0,3,10,0.0260521,0,3,42,0.0260521,0,4,0,0.0260521,0,5,7,0.0280561,0,5,8,0.0280561,0,5,49,0.0280561,0,5,50,0.0280561,0,5,51,0.0260521,0,5,52,0.0260521,0,6,57,0.0260521,0,6,58,0.0260521,0,6,59,0.0280561,0,7,0,0.0280561,0,7,1,0.0260521,1,0,0,0.0280561,1,0,1,0.0260521,1,1,7,0.0280561,1,1,8,0.0280561,1,1,9,0.0280561,1,1,10,0.0260521,1,1,11,0.0260521,1,1,21,0.0280561,1,1,49,0.0260521,1,2,0,0.0280561,1,2,1,0.0260521,1,3,0,0.0260521,1,3,1,0.0280561,1,5,0,0.0280561,1,5,1,0.0280561,2,1,0,0.0260521,2,4,0,0.0280561,2,6,0,0.0260521,
f1h3
WHITE
3,1,2,5,14,2,1,3,14,0,0,0,4,14,14,0,14,14,14,14,14,0,14,14,0,14,14,14,0,14,0,14,8,14,14,14,14,14,14,14,10,8,14,8,14,14,8,14,14,14,8,14,8,8,10,8,11,9,14,13,12,14,9,11,1,1,1,1,-1,
0,0,0,0.0380761,0,0,1,0.0380762,0,1,57,0.0360721,0,1,58,0.0360722,0,3,14,0.0360722,0,5,7,0.0380761,0,5,8,0.0380761,0,6,57,0.0360721,1,1,0,0.0380761,1,1,1,0.0380761,1,2,0,0.0380761,1,2,1,0.0360721,1,3,0,0.0360721,1,3,1,0.0380761,1,4,0,0.0360721,1,4,14,0.0380762,1,4,15,0.0360721,1,4,28,0.0380762,1,4,49,0.0360722,1,4,50,0.0360721,1,4,51,0.0360721,1,4,52,0.0380762,1,7,0,0.0360721,1,7,1,0.0380761,2,5,0,0.0380761,3,4,0,0.0360721,3,6,0,0.0360722,
a7a5
BLACK
3,1,14,4,5,14,1,3,0,2,0,0,14,0,14,14,14,0,14,14,0,14,0,2,14,14,14,14,14,14,14,0,8,8,14,8,14,14,14,8,14,14,8,14,14,14,14,14,14,14,14,12,8,8,8,14,11,9,10,14,13,10,9,11,1,1,1,1,40,
0,1,57,0.0280561,0,1,58,0.0280561,0,3,7,0.0280561,0,3,8,0.0280561,0,3,9,0.0280561,0,3,10,0.0280561,0,3,42,0.0260522,0,4,0,0.0260521,0,4,14,0.0260521,0,6,58,0.0280561,0,6,59,0.0280561,0,7,0,0.0280561,1,0,0,0.0280561,1,0,1,0.0280561,1,1,7,0.0280561,1,1,8,0.0280561,1,1,9,0.0280561,1,1,10,0.0280561,1,1,11,0.0280561,1,1,21,0.0280561,1,1,49,0.0280561,1,2,0,0.0280561,1,2,1,0.0260521,1,3,0,0.0260521,1,3,1,0.0280561,1,5,0,0.0280561,1,5,1,0.0280561,2,1,0,0.0280561,2,4,0,0.0280561,2,6,0,0.0280561,2,7,35,0.0280561,2,7,36,0.0280561,2,7,49,0.0280561,2,7,50,0.0280561,2,7,51,0.0280561,2,7,52,0.0280561,
d2d4
WHITE
3,1,2,5,14,2,1,3,14,0,0,0,4,14,14,14,14,14,14,14,14,0,14,14,0,14,14,14,0,14,0,0,8,14,14,14,8,14,14,14,10,8,14,8,14,14,8,14,14,14,8,14,14,8,10,8,11,9,14,13,12,14,9,11,1,1,1,1,44,
0,0,0,0.0360721,0,0,1,0.0360721,0,1,57,0.0360721,0,1,58,0.0360721,0,3,14,0.0360721,0,5,7,0.0360722,0,5,8,0.0360721,0,6,57,0.0340681,0,7,0,0.0360722,0,7,1,0.0360722,1,1,0,0.0360721,1,1,1,0.0360721,1,2,0,0.0360722,1,2,1,0.0340681,1,3,0,0.0340681,1,3,1,0.0360721,1,4,0,0.0360722,1,4,14,0.0360721,1,4,15,0.0340681,1,4,16,0.0360721,1,4,28,0.0360722,1,4,49,0.0360722,1,4,50,0.0360721,1,4,51,0.0360721,1,4,52,0.0360721,2,5,0,0.0360721,3,6,0,0.0340682,3,7,0,0.0360721,
g8h6
BLACK
3,1,14,4,5,14,1,3,0,2,0,14,14,0,14,14,14,0,14,14,0,14,0,2,14,14,14,0,14,14,14,0,8,8,14,8,14,14,14,8,14,14,8,14,14,14,14,9,14,14,14,12,8,8,8,14,11,9,10,14,13,10,14,11,1,1,1,1,-1,
0,1,56,0.0300601,0,1,57,0.0300601,0,1,58,0.0280561,0,3,0,0.0300601,0,3,1,0.0300601,0,3,7,0.0300601,0,3,8,0.0300601,0,3,9,0.0300601,0,3,10,0.0280561,0,3,42,0.0280561,0,4,0,0.0280561,0,4,14,0.0280561,0,4,49,0.0280561,0,6,58,0.0280561,0,6,59,0.0300601,0,7,0,0.0300601,1,0,0,0.0300601,1,0,1,0.0300601,1,1,7,0.0300601,1,1,21,0.0300601,1,1,49,0.0300601,1,2,0,0.0300601,1,2,1,0.0280561,1,5,0,0.0300601,1,5,1,0.0300601,2,1,0,0.0300601,2,4,0,0.0300601,2,6,0,0.0280561,2,7,35,0.0300601,2,7,36,0.0280561,2,7,49,0.0300601,2,7,50,0.0300601,2,7,51,0.0280561,2,7,52,0.0300601,
d1c1
WHITE
3,14,2,5,14,2,1,3,14,0,0,0,4,14,14,14,1,14,14,14,14,0,14,14,0,14,14,14,0,14,0,0,8,14,14,14,8,14,14,14,10,8,14,8,14,14,8,14,14,14,8,14,14,8,10,8,11,9,14,13,14,12,9,11,1,1,1,1,-1,
0,0,0,0.0340682,0,0,14,0.0340682,0,3,14,0.0340681,0,5,7,0.0340681,0,5,8,0.0360722,0,6,57,0.0340681,0,7,0,0.0340681,0,7,1,0.0340681,1,1,0,0.0360722,1,1,1,0.0340682,1,2,0,0.0340682,1,2,1,0.0340681,1,3,0,0.0340681,1,3,1,0.0360721,1,4,0,0.0340682,1,4,14,0.0340681,1,4,15,0.0340681,1,4,16,0.0360721,1,4,28,0.0340682,1,4,49,0.0340681,1,4,50,0.0340682,1,4,51,0.0340681,1,4,52,0.0360721,2,0,56,0.0340682,2,0,57,0.0340681,2,0,62,0.0360722,2,5,0,0.0340682,3,6,0,0.0340681,3,7,0,0.0340681,
c6c5
BLACK
3,1,4,14,5,14,1,3,0,2,0,14,14,0,14,14,14,0,14,14,0,14,0,2,14,14,14,0,14,14,14,0,8,8,8,8,14,14,14,8,14,14,14,14,14,14,14,9,14,14,14,12,8,8,8,14,11,9,10,14,13,10,14,11,1,1,1,1,-1,
0,1,56,0.0340681,0,1,57,0.0340681,0,1,58,0.0340682,0,2,7,0.0320641,0,2,14,0.0320641,0,4,0,0.0320641,0,4,14,0.0320641,0,4,42,0.0320641,0,4,49,0.0320641,0,6,58,0.0320641,0,6,59,0.0340681,0,7,0,0.0340681,1,0,0,0.0340681,1,0,1,0.0340681,1,1,7,0.0340682,1,1,49,0.0340681,1,2,0,0.0340681,1,2,1,0.0320641,1,5,0,0.0340681,1,5,1,0.0340682,2,1,0,0.0340681,2,4,0,0.0340681,2,6,0,0.0340681,2,7,35,0.0340681,2,7,36,0.0320641,2,7,49,0.0340681,2,7,50,0.0340681,2,7,51,0.0320641,2,7,52,0.0340681,3,3,49,0.0320641,
e1f1
WHITE
3,14,2,5,14,2,1,3,14,0,0,0,4,14,14,14,1,14,14,14,14,14,14,14,0,14,14,14,0,0,0,0,8,14,14,14,8,14,14,14,10,8,14,8,14,14,8,14,14,14,8,14,14,8,10,8,11,9,13,14,14,12,9,11,1,1,0,0,-1,
0,0,0,0.0320642,0,0,14,0.0300601,0,3,14,0.0300601,0,5,7,0.0320641,0,5,8,0.0320641,0,6,57,0.0300601,0,6,58,0.0300601,0,7,0,0.0320641,0,7,1,0.0300601,1,1,0,0.0320641,1,1,1,0.0320641,1,2,0,0.0320641,1,2,1,0.0300601,1,3,0,0.0300601,1,3,1,0.0320641,1,4,0,0.0300601,1,4,7,0.0320642,1,4,14,0.0320641,1,4,15,0.0300601,1,4,16,0.0320641,1,4,28,0.0320641,1,4,49,0.0320641,1,4,50,0.0300601,1,4,51,0.0300601,1,4,52,0.0320642,2,0,56,0.0320641,2,0,57,0.0320641,2,0,62,0.0320641,3,5,0,0.0320641,3,5,49,0.0320641,3,6,0,0.0300601,3,7,0,0.0300601,
d7c6
BLACK
3,1,4,14,14,5,1,3,0,2,0,14,14,0,14,14,14,0,14,14,0,14,0,2,14,14,14,0,14,14,14,0,8,8,8,8,14,14,14,8,14,14,12,14,14,14,14,9,14,14,14,14,8,8,8,14,11,9,10,14,13,10,14,11,0,0,1,1,-1,
0,1,56,0.0340682,0,1,57,0.0340682,0,1,58,0.0320641,0,2,7,0.0320641,0,2,14,0.0320641,0,2,15,0.0320641,0,5,7,0.0340681,0,5,42,0.0340682,0,5,49,0.0340681,0,6,58,0.0320641,0,6,59,0.0340681,0,7,0,0.0340681,1,0,0,0.0340681,1,0,1,0.0340681,1,1,7,0.0340681,1,1,49,0.0340681,1,2,0,0.0340681,1,2,1,0.0320641,1,5,0,0.0340681,1,5,1,0.0340681,2,1,0,0.0320641,2,4,0,0.0340681,2,6,0,0.0320641,2,7,35,0.0340681,2,7,49,0.0340681,2,7,50,0.0340681,2,7,51,0.0320641,2,7,52,0.0340681,2,7,53,0.0320641,3,3,49,0.0320641,
b1a3
WHITE
3,14,2,5,14,2,1,3,14,0,0,0,14,14,14,14,1,14,14,14,14,4,14,14,0,14,14,14,0,0,0,0,8,14,14,14,8,14,14,14,10,8,14,8,14,14,8,9,14,14,8,14,14,8,10,8,11,9,13,14,14,12,14,11,1,1,0,0,-1,
0,0,0,0.0280561,0,0,14,0.0260521,0,3,14,0.0280561,0,5,7,0.0280561,0,5,8,0.0280561,0,5,49,0.0280561,0,5,50,0.0280561,0,5,51,0.0280561,0,5,52,0.0280561,0,5,53,0.0280561,0,6,57,0.0260521,0,6,59,0.0280561,0,7,0,0.0280561,0,7,1,0.0280561,1,1,0,0.0280561,1,1,1,0.0280561,1,2,0,0.0280561,1,2,1,0.0260521,1,3,0,0.0260521,1,3,1,0.0280561,2,0,56,0.0280561,2,0,57,0.0280561,2,0,62,0.0280561,2,5,14,0.0280561,2,5,15,0.0280561,2,5,21,0.0280561,2,5,28,0.0280561,2,5,35,0.0280561,2,5,42,0.0280561,2,5,43,0.0280561,2,5,44,0.0280561,2,5,45,0.0280561,3,5,0,0.0280561,3,5,49,0.0280561,3,6,0,0.0260522,3,7,0,0.0280561,
h6f5
BLACK
3,14,4,14,14,5,1,3,0,2,0,14,14,0,14,14,1,0,14,14,0,14,0,2,14,14,14,0,14,14,14,0,8,8,8,8,14,9,14,8,14,14,12,14,14,14,14,14,14,14,14,14,8,8,8,14,11,9,10,14,13,10,14,11,0,0,1,1,-1,
0,0,14,0.0380762,0,2,7,0.0380762,0,2,14,0.0380762,0,2,15,0.0380762,0,2,42,0.0380762,0,5,7,0.0380761,0,5,42,0.0400802,0,5,49,0.0380762,0,6,58,0.0380761,0,6,59,0.0400802,0,7,0,0.0380761,1,1,7,0.0380762,1,2,0,0.0380762,1,2,1,0.0380761,1,5,0,0.0380762,1,5,1,0.0380762,2,0,56,0.0380761,2,0,57,0.0380762,2,0,62,0.0400802,2,1,0,0.0380762,2,4,0,0.0380762,2,6,0,0.0380761,2,7,35,0.0400802,2,7,49,0.0400802,2,7,50,0.0380761,3,3,49,0.0380762,
a3b1
WHITE
3,14,2,5,14,2,1,3,14,0,0,0,14,14,14,14,14,14,14,14,14,4,14,14,0,14,1,14,0,0,0,0,8,14,14,14,8,14,14,14,10,8,14,8,14,14,8,14,14,14,8,14,14,8,10,8,11,9,13,14,14,12,9,11,1,1,0,0,-1,
0,0,0,0.0260521,0,0,1,0.0260521,0,0,14,0.0260521,0,3,7,0.0280561,0,3,14,0.0260521,0,5,7,0.0260521,0,5,8,0.0260521,0,5,49,0.0260521,0,5,50,0.0260521,0,6,57,0.0260521,0,6,59,0.0280561,0,7,0,0.0260521,0,7,1,0.0260521,1,1,0,0.0280561,1,1,1,0.0260521,1,2,0,0.0260521,1,3,0,0.0260521,1,3,1,0.0260521,2,5,14,0.0260521,2,5,15,0.0260521,2,5,21,0.0260521,2,5,28,0.0260521,2,5,35,0.0260521,2,5,42,0.0260521,2,5,43,0.0260521,2,5,44,0.0260521,2,5,45,0.0260521,2,5,46,0.0260522,3,2,56,0.0260521,3,2,57,0.0280561,3,2,58,0.0260521,3,2,59,0.0260521,3,2,60,0.0260521,3,2,63,0.0260521,3,5,0,0.0280561,3,5,49,0.0260521,3,6,0,0.0260521,3,7,0,0.0260521,
c6b6
BLACK
3,1,4,14,14,5,1,3,0,2,0,14,14,0,14,14,14,0,14,14,0,14,0,2,14,14,14,0,14,14,14,0,8,8,8,8,14,9,14,8,14,12,14,14,14,14,14,14,14,14,14,14,8,8,8,14,11,9,10,14,13,10,14,11,0,0,1,1,-1,
0,1,56,0.0380761,0,1,57,0.0360721,0,1,58,0.0360721,0,2,7,0.0360721,0,2,14,0.0360721,0,2,15,0.0360721,0,5,7,0.0380761,0,5,42,0.0380762,0,5,49,0.0360721,0,6,58,0.0360721,0,6,59,0.0380761,0,7,0,0.0380761,1,0,0,0.0380761,1,0,1,0.0360721,1,1,7,0.0380761,1,1,49,0.0360722,1,2,0,0.0360722,1,2,1,0.0360721,1,5,0,0.0380761,1,5,1,0.0380761,2,1,0,0.0360721,2,4,0,0.0380762,2,6,0,0.0360722,2,7,35,0.0380762,2,7,49,0.0380761,2,7,50,0.0380762,3,3,49,0.0360722,
h3g2
WHITE
3,14,2,5,14,2,1,3,14,0,0,0,14,14,14,14,14,14,14,14,14,14,4,14,0,14,1,14,0,0,0,0,8,14,14,14,8,14,14,14,14,8,14,8,14,14,8,14,14,10,8,14,14,8,10,8,11,9,13,14,14,12,9,11,1,1,0,0,-1,
0,0,0,0.0240481,0,0,1,0.0260521,0,0,14,0.0240481,0,3,7,0.0260521,0,3,14,0.0240481,0,5,7,0.0240481,0,5,8,0.0260521,0,5,49,0.0240481,0,5,50,0.0240481,0,6,57,0.0240481,0,6,58,0.0240481,0,6,59,0.0260521,0,7,0,0.0240481,0,7,1,0.0240481,1,1,0,0.0260521,1,1,1,0.0260521,1,2,0,0.0240481,1,3,0,0.024048,1,3,1,0.0260521,2,6,14,0.0260521,2,6,21,0.0240481,2,6,28,0.0240481,2,6,35,0.0240481,2,6,36,0.0260521,2,6,42,0.0240481,2,6,43,0.0240481,2,6,44,0.0260521,2,6,45,0.0260521,2,6,46,0.0260521,2,6,47,0.0260521,3,2,56,0.0260521,3,2,57,0.0260521,3,2,58,0.0260521,3,2,59,0.0260521,3,2,60,0.0240481,3,2,63,0.0260521,3,5,0,0.0260521,3,5,49,0.0240481,3,6,0,0.0240481,3,7,0,0.0240481,
c8e6
BLACK
3,1,4,14,14,5,1,3,0,2,0,14,14,0,2,14,14,0,14,14,0,14,0,14,14,14,14,0,14,14,14,0,8,8,8,8,14,9,14,8,14,12,14,14,10,14,14,14,14,14,14,14,8,8,8,14,11,9,14,14,13,10,14,11,0,0,1,1,-1,
0,1,56,0.0340681,0,1,57,0.0340681,0,1,58,0.0340681,0,2,7,0.0340682,0,2,14,0.0340681,0,2,15,0.0340681,0,5,42,0.0360722,0,5,49,0.0340682,0,6,57,0.0340681,0,6,58,0.0340681,0,6,59,0.0360722,0,7,0,0.0340682,0,7,1,0.0340681,1,0,0,0.0340682,1,0,1,0.0340682,1,1,7,0.0340681,1,1,49,0.0340681,1,2,0,0.0340681,1,2,1,0.0340681,1,5,0,0.0360721,1,5,1,0.0360722,1,6,7,0.0340681,1,6,49,0.0360721,1,6,50,0.0360721,1,6,51,0.0340682,2,1,0,0.0340682,2,4,0,0.0340682,2,6,0,0.0340681,3,3,49,0.0340682,
b2a3
WHITE
3,14,2,5,14,14,1,3,14,0,0,0,14,14,14,14,14,14,14,2,14,14,4,14,0,14,1,14,0,0,0,0,8,14,14,14,8,14,14,14,14,8,14,8,14,14,8,10,14,10,8,14,14,8,14,8,11,9,13,14,14,12,9,11,1,1,0,0,-1,
0,0,0,0.0320641,0,0,1,0.0320641,0,0,14,0.0300601,0,3,7,0.0320641,0,3,14,0.0300601,0,6,57,0.0300601,0,6,58,0.0300601,0,6,59,0.0320641,0,7,0,0.0320641,0,7,1,0.0300601,1,1,0,0.0320641,1,1,1,0.0320642,1,2,0,0.0320641,2,3,21,0.0320642,2,3,22,0.0320641,2,6,14,0.0320641,2,6,21,0.0320641,2,6,28,0.0300601,2,6,35,0.0300601,2,6,36,0.0320641,2,6,42,0.0300601,2,6,43,0.0300601,3,2,56,0.0320641,3,2,57,0.0320642,3,2,58,0.0320641,3,2,59,0.0320641,3,2,60,0.0300601,3,2,63,0.0320641,3,5,0,0.0320641,3,5,49,0.0300601,3,6,0,0.0300601,3,7,0,0.0300601,
b6c7
BLACK
3,1,4,14,14,5,1,3,0,14,0,14,14,0,2,14,2,0,14,14,0,14,0,14,14,14,14,0,14,14,14,0,8,8,8,8,14,9,14,8,14,14,14,14,10,14,14,14,14,14,12,14,8,8,8,14,11,9,14,14,13,10,14,11,0,0,1,1,-1,
0,1,56,0.0360722,0,1,57,0.0360721,0,2,7,0.0360722,0,2,14,0.0340681,0,2,15,0.0360721,0,2,49,0.0360722,0,5,42,0.0360721,0,5,49,0.0360722,0,6,57,0.0340681,0,6,58,0.0340682,0,6,59,0.0360721,0,7,0,0.0360721,0,7,1,0.0360721,1,2,0,0.0360721,1,2,1,0.0340681,1,5,0,0.0360721,1,5,1,0.0360721,1,6,7,0.0360721,1,6,49,0.0360721,1,6,50,0.0360721,1,6,51,0.0360721,2,0,7,0.0360721,2,0,8,0.0360721,2,0,21,0.0360722,2,1,0,0.0360721,2,4,0,0.0360722,2,6,0,0.0360722,3,3,49,0.0340681,
c1e1
WHITE
3,14,2,5,14,14,1,3,14,0,0,0,14,4,14,14,14,14,14,2,14,14,14,14,0,14,1,14,0,0,0,0,8,14,14,14,8,14,14,14,14,8,14,8,14,14,8,10,14,10,8,14,14,8,14,8,11,9,13,12,14,14,9,11,1,1,0,0,-1,
0,0,0,0.0280561,0,0,1,0.0280561,0,0,14,0.0260521,0,3,7,0.0280561,0,3,14,0.0280561,0,6,57,0.0260521,0,6,58,0.0280561,0,6,59,0.0280561,0,7,0,0.0280561,0,7,1,0.0280561,1,1,0,0.0280561,1,1,1,0.0280561,1,2,0,0.0280561,1,5,0,0.0280561,1,5,7,0.0280561,1,5,14,0.0280561,1,5,15,0.0280561,1,5,28,0.0280561,1,5,35,0.0280561,1,5,42,0.0280561,1,5,49,0.0280561,1,5,50,0.0260522,1,5,51,0.0280561,1,5,52,0.0280561,2,3,21,0.0280561,2,3,22,0.0280561,3,2,56,0.0280561,3,2,57,0.0280561,3,2,58,0.0280561,3,2,59,0.0280561,3,2,60,0.0280561,3,2,63,0.0280561,3,5,0,0.0280561,3,5,49,0.0280561,3,6,0,0.0260521,3,7,0,0.0260521,
f5e3 (capture)
BLACK
3,1,14,14,4,5,1,3,0,14,0,14,14,0,2,14,2,0,14,14,9,14,0,14,14,14,14,0,14,14,14,0,8,8,8,8,14,14,14,8,14,14,14,14,10,14,14,14,14,14,12,14,8,8,8,14,11,9,14,14,13,10,14,11,0,0,1,1,-1,
0,4,1,0.332665,0,5,49,0.332665,1,5,49,0.334669,
f1e2
WHITE
3,14,2,5,14,14,1,3,14,0,0,0,14,4,14,14,14,14,14,2,14,14,14,14,0,14,14,14,0,0,0,0,8,14,14,14,8,14,14,14,14,8,14,1,14,14,8,10,14,10,8,13,14,8,14,8,11,9,14,12,14,14,9,11,1,1,0,0,-1,
0,0,0,0.0240481,0,0,1,0.0240481,0,0,14,0.0240481,0,3,7,0.0260521,0,3,14,0.0240481,0,6,57,0.0240481,0,6,58,0.0240481,0,6,59,0.0260521,0,7,0,0.0240481,0,7,1,0.0240481,1,1,0,0.0260521,1,1,1,0.0240481,1,2,0,0.0240481,1,2,1,0.024048,1,5,0,0.0240481,1,5,7,0.0240481,1,5,14,0.0240481,1,5,15,0.0240481,1,5,28,0.0240481,1,5,35,0.0240481,1,5,42,0.0240481,1,5,49,0.0240481,1,5,50,0.0240481,1,5,51,0.0240481,1,5,52,0.0240481,2,3,21,0.0260521,2,3,22,0.0260521,2,3,49,0.0240481,2,3,50,0.0240481,2,3,51,0.0240481,3,5,0,0.0260521,3,5,49,0.0240481,3,6,0,0.0240481,3,7,0,0.0240481,5,3,56,0.0240481,5,3,57,0.0240481,5,3,58,0.0240481,5,3,59,0.0240481,5,3,60,0.0240481,5,3,61,0.0240481,5,3,63,0.0260521,
c7c8
BLACK
3,1,14,14,4,14,1,3,0,14,0,14,5,0,2,14,2,0,14,14,9,14,0,14,14,14,14,0,14,14,14,0,8,8,8,8,14,14,14,8,14,14,14,14,10,14,14,14,14,14,14,14,8,8,8,14,11,9,12,14,13,10,14,11,0,0,1,1,-1,
0,1,56,0.0300601,0,1,57,0.0300601,0,4,14,0.0280561,0,4,42,0.0280561,0,4,43,0.0280561,0,4,49,0.0280561,0,4,50,0.0300601,0,4,51,0.0280561,0,4,52,0.0300601,0,6,57,0.0280561,0,6,58,0.0280561,0,7,0,0.0300601,0,7,1,0.0280561,1,2,0,0.0300601,1,2,1,0.0280561,1,4,0,0.0300601,1,4,7,0.0300601,1,4,42,0.0300601,1,4,49,0.0300601,1,5,0,0.0300601,1,5,1,0.0300601,1,5,49,0.0300601,1,6,7,0.0280561,1,6,35,0.0300601,1,6,49,0.0300601,1,6,50,0.0300601,1,6,51,0.0300601,2,0,7,0.0300601,2,0,8,0.0300601,2,0,21,0.0300601,2,0,22,0.0300601,2,1,0,0.0300601,2,6,0,0.0300601,3,3,49,0.0280561,
g2f1
WHITE
3,14,2,5,14,4,1,3,14,0,0,0,14,14,14,14,14,14,14,2,14,14,14,14,0,14,14,14,0,0,0,0,8,14,14,14,8,14,14,14,14,8,14,1,14,14,8,10,14,14,8,13,14,8,14,8,11,9,10,12,14,14,9,11,1,1,0,0,-1,
0,0,0,0.0280561,0,0,1,0.0300601,0,0,14,0.0280561,0,3,7,0.0300601,0,3,14,0.0280561,0,5,0,0.0280561,0,5,1,0.0280561,0,5,7,0.0280561,0,5,8,0.0300601,0,5,42,0.0300601,0,5,49,0.0280561,0,6,57,0.0280561,0,6,58,0.0280561,0,6,59,0.0300601,0,7,0,0.0280561,0,7,1,0.0280561,1,1,0,0.0300601,1,1,1,0.0280561,1,2,0,0.0280561,1,2,1,0.0280561,2,3,21,0.0300601,2,3,49,0.0280561,2,3,50,0.0280561,2,3,51,0.0280561,3,5,0,0.0300601,3,5,49,0.0280561,3,6,0,0.0280561,3,7,0,0.0280561,5,3,56,0.0280561,5,3,57,0.0280561,5,3,58,0.0280561,5,3,59,0.0280561,5,3,60,0.0280561,5,3,61,0.0280561,5,3,63,0.0300601,
e8d7
BLACK
3,1,14,14,4,2,1,3,0,14,0,14,5,0,14,14,2,0,14,14,9,14,0,14,14,14,14,0,14,14,14,0,8,8,8,8,14,14,14,8,14,14,14,14,10,14,14,14,14,14,14,13,8,8,8,14,11,9,12,14,14,10,14,11,0,0,0,0,-1,
0,1,56,0.0340681,0,1,57,0.0340681,0,4,42,0.0320641,0,4,43,0.0320641,0,4,49,0.0320641,0,4,50,0.0340681,0,4,51,0.0320641,0,4,52,0.0340681,0,5,7,0.0340682,0,5,8,0.0340681,0,6,57,0.0320641,0,6,58,0.0320641,0,7,0,0.0340681,0,7,1,0.0320641,1,2,0,0.0340681,1,2,1,0.0320641,1,4,0,0.0320641,1,4,7,0.0340682,1,4,42,0.0340681,1,4,49,0.0340681,1,5,0,0.0340681,1,5,1,0.0340681,1,5,49,0.0340681,2,0,7,0.0340681,2,0,8,0.0340682,2,0,21,0.0340681,2,0,22,0.0320641,2,1,0,0.0340681,2,6,0,0.0340681,3,3,49,0.0320641,
e1a5 (capture)
WHITE
3,14,2,14,14,4,1,3,14,0,0,0,5,14,14,14,14,14,14,2,14,14,14,14,0,14,14,14,0,0,0,12,8,14,14,14,8,14,14,14,14,8,14,1,14,14,8,10,14,14,8,13,14,8,14,8,11,9,10,14,14,14,9,11,0,0,0,0,-1,
0,0,0,0.0300601,0,0,1,0.0300601,0,0,14,0.0280561,0,5,0,0.0300601,0,5,1,0.0300601,0,5,7,0.0300601,0,5,8,0.0300601,0,5,42,0.0300601,0,5,43,0.0300601,0,6,57,0.0280561,0,6,58,0.0280561,0,7,0,0.0300601,0,7,1,0.0280561,0,7,2,0.0300601,1,1,0,0.0300601,1,1,1,0.0300601,1,2,0,0.0300601,1,2,1,0.0280561,1,4,0,0.0280561,1,4,7,0.0300601,1,4,35,0.0300601,2,3,49,0.0300601,2,3,50,0.0300601,2,3,51,0.0300601,3,5,0,0.0300601,3,5,49,0.0280561,3,6,0,0.0280561,5,3,56,0.0300601,5,3,57,0.0280561,5,3,58,0.0280561,5,3,59,0.0280561,5,3,60,0.0300601,5,3,61,0.0300601,5,3,63,0.0300601,
a8a7
BLACK
3,1,14,14,14,2,1,3,0,14,0,14,5,0,14,14,2,0,14,14,9,14,0,14,14,14,14,0,14,14,14,0,4,8,8,8,14,14,14,8,14,14,14,14,10,14,14,14,11,14,14,13,8,8,8,14,14,9,12,14,14,10,14,11,0,0,0,0,-1,
0,1,56,0.0280561,0,1,57,0.0280561,0,5,7,0.0280561,0,5,8,0.0280561,0,6,57,0.0260521,0,6,58,0.0260521,0,7,0,0.0280561,0,7,1,0.0280561,1,2,0,0.0280561,1,2,1,0.0260521,1,4,0,0.0280561,1,4,7,0.0280561,1,4,28,0.0280561,1,4,42,0.0280561,1,4,49,0.0280561,1,5,0,0.0280561,1,5,1,0.0280561,1,5,49,0.0280561,2,0,7,0.0280561,2,0,8,0.0280561,2,0,21,0.0280561,2,0,22,0.0280561,2,1,0,0.0280561,2,6,0,0.0280561,3,3,49,0.0280561,4,0,0,0.0280561,4,0,1,0.0280561,4,0,7,0.0260522,4,0,8,0.0280561,4,0,9,0.0280561,4,0,14,0.0280561,4,0,21,0.0280561,4,0,22,0.0260521,4,0,23,0.0280561,4,0,24,0.0280561,4,0,28,0.0280561,
f2f3
WHITE
3,14,2,14,14,4,1,14,14,0,0,0,5,14,14,3,14,14,14,2,14,14,14,14,0,14,14,14,0,0,0,12,8,14,14,14,8,14,14,14,14,8,8,1,14,14,8,10,14,14,14,13,14,8,14,8,11,9,10,14,14,14,9,11,0,0,0,0,-1,
0,0,0,0.0280561,0,0,1,0.0280561,0,0,14,0.0260521,0,5,0,0.0280561,0,5,1,0.0280561,0,5,7,0.0280561,0,5,8,0.0280561,0,5,42,0.0280561,0,5,43,0.0280561,0,6,57,0.0280561,0,6,58,0.0280561,1,1,0,0.0280561,1,1,1,0.0280561,1,2,0,0.0280561,1,2,1,0.0260521,1,4,0,0.0280561,1,4,7,0.0280561,1,4,35,0.0280561,1,7,0,0.0280561,1,7,1,0.0280561,1,7,28,0.0280561,1,7,42,0.0280561,1,7,43,0.0280561,2,3,49,0.0280561,2,3,50,0.0280561,2,3,51,0.0280561,3,5,0,0.0280561,3,5,49,0.0280561,3,6,0,0.0260522,5,3,56,0.0280561,5,3,57,0.0260521,5,3,58,0.0280561,5,3,59,0.0260521,5,3,60,0.0280561,5,3,61,0.0280561,5,3,63,0.0280561,
e3c2 (capture)
BLACK
3,1,14,14,14,2,1,3,0,14,9,14,5,14,14,14,2,0,14,14,14,0,0,14,14,14,14,0,14,14,14,0,4,8,8,8,14,14,14,8,14,14,14,14,10,14,14,14,11,14,14,13,8,8,8,14,14,9,12,14,14,10,14,11,0,0,0,0,-1,
0,1,56,0.0340681,0,1,57,0.0340681,0,5,7,0.0340681,0,5,8,0.0340681,0,6,57,0.0320641,0,7,0,0.0340681,0,7,1,0.0320641,1,4,14,0.0340681,1,4,35,0.0340682,1,4,42,0.0320641,1,4,49,0.0340681,2,0,7,0.0340681,2,0,8,0.0320641,2,0,21,0.0340681,2,0,22,0.0320641,2,1,0,0.0340681,2,5,0,0.0340681,2,6,0,0.0340682,3,3,49,0.0320641,4,0,0,0.0340681,4,0,1,0.0320641,4,0,7,0.0320641,4,0,8,0.0320641,4,0,9,0.0340681,4,0,14,0.0340681,4,0,21,0.0340681,4,0,22,0.0320641,4,0,23,0.0320641,4,0,24,0.0340682,4,0,28,0.0340681,
a5b4
WHITE
3,14,2,14,14,4,1,14,14,0,0,0,5,14,14,3,14,14,14,2,14,14,14,14,0,14,14,14,0,0,0,14,8,14,14,14,8,14,12,14,14,8,8,14,14,14,8,10,14,14,14,13,14,1,14,8,11,9,10,14,14,14,9,11,0,0,0,0,-1,
0,0,0,0.0260521,0,0,1,0.0260521,0,0,14,0.0240481,0,5,0,0.0260522,0,5,1,0.0260521,0,5,7,0.0260521,0,5,8,0.0260521,0,5,42,0.0260521,0,5,43,0.0260521,0,6,57,0.0240481,0,6,58,0.0240481,1,1,0,0.0260521,1,1,1,0.0260521,1,2,0,0.0260521,1,2,1,0.0240481,1,4,0,0.0240481,1,4,7,0.0260521,1,4,14,0.0260521,1,4,28,0.0260521,1,4,35,0.0260521,1,7,0,0.0240481,1,7,1,0.0260521,1,7,2,0.0260521,1,7,3,0.0260521,1,7,28,0.0260521,1,7,42,0.0260521,1,7,43,0.0260521,2,3,49,0.0260521,2,3,50,0.0260521,2,3,51,0.0260521,3,5,0,0.0260521,3,5,7,0.0260521,3,5,49,0.024048,6,5,56,0.0260521,6,5,59,0.0260522,6,5,60,0.0240481,6,5,61,0.0260521,6,5,62,0.0260521,6,5,63,0.0260521,
c2d4 (capture)
BLACK
3,1,14,14,14,2,1,3,0,14,14,14,5,14,14,14,2,0,14,14,14,0,0,14,14,4,14,9,14,14,14,0,14,8,8,8,14,14,14,8,14,14,14,14,10,14,14,14,11,14,14,13,8,8,8,14,14,9,12,14,14,10,14,11,0,0,0,0,-1,
1,4,0,0.142285,1,4,14,0.142285,1,4,28,0.142285,1,4,35,0.144289,1,4,42,0.142285,1,4,49,0.142285,3,1,15,0.144289,
e2d1
WHITE
3,14,2,14,14,4,1,14,14,0,0,0,5,14,14,3,14,14,14,2,14,14,14,14,0,14,14,14,0,0,0,14,8,14,14,14,1,14,12,14,14,8,8,14,14,14,8,10,14,14,14,14,14,14,14,8,11,9,10,14,13,14,9,11,0,0,0,0,-1,
0,0,0,0.0251729,0,0,1,0.0251729,0,0,14,0.0251729,0,5,0,0.0251729,0,5,1,0.0251729,0,5,7,0.0251729,0,5,8,0.0251729,0,5,42,0.0251729,0,5,43,0.0251729,0,6,57,0.0251729,0,6,58,0.0251729,1,1,0,0.0338589,1,1,1,0.0251729,1,2,0,0.0251729,1,2,1,0.0251729,1,4,0,0.0251729,1,4,7,0.0251729,1,4,14,0.0251729,1,4,28,0.0251729,1,4,35,0.0251729,1,7,0,0.0251729,1,7,1,0.0251729,1,7,2,0.0251729,1,7,3,0.0251729,1,7,28,0.0251729,1,7,42,0.0338589,1,7,43,0.0338589,2,3,49,0.0251729,2,3,50,0.0251729,2,3,51,0.0251729,3,5,0,0.0338589,3,5,7,0.0251729,4,4,56,0.0251729,4,4,57,0.0251729,4,4,58,0.0251729,4,4,59,0.0338589,4,4,60,0.0251729,4,4,62,0.0251729,
g7g5
BLACK
3,1,14,5,14,2,1,3,0,14,14,14,14,14,14,14,2,0,14,14,14,0,0,14,14,4,14,9,14,14,14,0,14,8,8,8,14,14,8,8,14,14,14,14,10,14,14,14,11,14,14,13,8,8,14,14,14,9,12,14,14,10,14,11,0,0,0,0,46,
0,1,56,0.0327426,0,1,57,0.0327426,0,3,0,0.0411535,0,3,14,0.0327426,0,3,42,0.0327425,0,5,7,0.0327426,0,5,8,0.0411535,0,5,49,0.0327426,0,5,50,0.0327426,0,5,51,0.0327426,0,5,52,0.0327426,0,6,57,0.0327426,0,6,59,0.0411535,0,7,0,0.0327426,0,7,1,0.0327425,2,0,21,0.0327426,2,0,22,0.0327425,2,5,0,0.0327426,2,6,0,0.0327426,3,1,0,0.0411535,3,1,7,0.0327426,3,1,14,0.0411535,3,1,15,0.0327426,3,1,21,0.0327425,3,1,22,0.0411535,3,1,23,0.0327426,3,1,42,0.0327426,3,1,49,0.0327426,3,7,49,0.0327425,
f1c4
WHITE
3,14,2,14,14,4,1,14,14,14,0,0,5,14,14,3,14,14,14,2,14,14,14,14,0,0,14,14,0,0,0,14,8,14,14,14,1,10,12,14,14,8,8,14,14,14,8,10,14,14,14,14,14,14,14,8,11,9,14,14,13,14,9,11,0,0,0,0,-1,
0,0,0,0.022914,0,0,1,0.0229139,0,0,14,0.022914,0,2,49,0.0229139,0,2,50,0.022914,0,5,0,0.0229139,0,5,1,0.022914,0,5,7,0.0229139,0,5,8,0.0229139,0,5,42,0.0229139,0,5,43,0.0229139,0,6,57,0.0229139,0,6,58,0.022914,1,2,0,0.022914,1,2,1,0.0229139,1,4,0,0.0229139,1,4,7,0.0229139,1,4,14,0.0229139,1,4,28,0.022914,1,4,35,0.0229139,1,7,0,0.0229139,1,7,1,0.0229139,1,7,2,0.0229139,1,7,3,0.0229139,1,7,28,0.0229139,1,7,42,0.0315608,1,7,43,0.0315608,2,3,49,0.022914,2,3,50,0.0229139,2,3,51,0.022914,3,1,0,0.0315608,3,1,49,0.022914,3,4,7,0.0229139,3,5,7,0.0315608,3,6,49,0.0315608,4,4,56,0.0229139,4,4,57,0.022914,4,4,58,0.0229139,4,4,59,0.0315608,4,4,60,0.0315608,4,4,62,0.0229139,
c8b7
BLACK
3,1,14,5,14,14,1,3,0,14,14,14,14,14,14,14,2,0,14,14,14,0,0,14,14,4,2,9,14,14,14,0,14,8,8,8,14,14,8,8,14,14,14,14,10,14,14,14,11,12,14,13,8,8,14,14,14,9,14,14,14,10,14,11,0,0,0,0,-1,
0,1,56,0.0368478,0,1,57,0.0368478,0,3,0,0.0452394,0,3,14,0.0368478,0,3,42,0.0368478,0,6,57,0.0368478,0,6,59,0.0452394,0,7,0,0.0368478,0,7,1,0.0368478,2,0,21,0.0368478,2,0,22,0.0368478,2,5,0,0.0368478,2,6,0,0.0368478,3,1,0,0.0452394,3,1,7,0.0368478,3,1,21,0.0368478,3,1,22,0.0452394,3,1,23,0.0368478,3,1,42,0.0368478,3,1,49,0.0368478,3,2,7,0.0368477,3,2,21,0.0452394,3,2,22,0.0368477,3,2,23,0.0368478,3,2,49,0.0368477,3,7,49,0.0368478,
b1d2
WHITE
3,14,2,14,14,14,1,14,14,14,0,0,5,14,4,3,14,14,14,2,14,14,14,14,0,0,14,14,0,0,0,14,8,14,14,14,1,10,12,14,14,8,8,14,14,14,8,10,14,14,14,14,9,14,14,8,11,9,14,14,13,14,14,11,0,0,0,0,-1,
0,0,0,0.0212,0,0,1,0.0292,0,0,14,0.0211999,0,2,49,0.0212,0,2,50,0.0211999,0,6,57,0.0212,0,6,58,0.0211999,1,2,0,0.0212,1,2,1,0.0212,1,4,0,0.0212,1,4,7,0.0292,1,4,14,0.0212,1,4,21,0.0211999,1,4,28,0.0292,1,4,35,0.0292,1,6,0,0.0211999,1,6,7,0.0212,1,6,21,0.0212,1,6,35,0.0292,1,6,42,0.0292,1,6,49,0.0292,1,7,0,0.0212,1,7,1,0.0211999,1,7,2,0.0292,1,7,3,0.0212,1,7,28,0.0292,2,3,49,0.0212,2,3,50,0.0292,2,3,51,0.0211999,3,1,0,0.0292,3,1,49,0.0211999,3,4,7,0.0292,3,5,7,0.0292,3,6,49,0.0292,4,4,56,0.0292,4,4,57,0.0211999,4,4,58,0.0292,4,4,59,0.0292,4,4,60,0.0292,4,4,62,0.0292,
h8h6
BLACK
3,14,14,5,14,14,1,3,0,14,14,1,14,14,14,14,2,0,14,14,14,0,0,14,14,4,2,9,14,14,14,0,14,8,8,8,14,14,8,8,14,14,14,14,10,14,14,11,11,12,14,13,8,8,14,14,14,9,14,14,14,10,14,14,0,0,0,0,-1,
0,0,14,0.0368478,0,0,15,0.0452394,0,3,14,0.0368477,0,3,42,0.0368478,0,6,57,0.0368478,0,6,59,0.0452394,0,7,0,0.0368477,0,7,1,0.0368478,1,3,57,0.0368478,1,3,60,0.0452394,1,3,63,0.0368478,2,0,21,0.0368478,2,0,22,0.0368478,2,5,0,0.0368478,2,6,0,0.0368478,3,1,0,0.0452394,3,1,7,0.0368478,3,1,21,0.0368478,3,1,42,0.0368478,3,1,49,0.0368478,3,2,7,0.0368477,3,2,21,0.0452394,3,2,22,0.0368478,3,2,23,0.0368478,3,2,49,0.0368478,3,7,49,0.0368478,
g1e2
WHITE
14,14,2,14,14,14,1,14,14,14,0,0,5,14,4,3,3,14,14,2,14,14,14,14,0,0,14,14,0,0,0,14,8,14,14,14,1,10,12,14,14,8,8,14,14,14,8,10,14,14,14,9,9,14,14,8,11,14,14,14,13,14,14,11,0,0,0,0,-1,
0,2,49,0.0211999,0,6,57,0.0211999,0,6,58,0.0212,1,2,0,0.0211999,1,2,1,0.0212,1,4,0,0.0211999,1,4,7,0.0292,1,4,14,0.0211999,1,4,21,0.0212,1,4,28,0.0212,1,4,35,0.0292,1,6,0,0.0212,1,6,7,0.0212,1,6,21,0.0211999,1,6,35,0.0292,1,6,42,0.0292,1,6,49,0.0292,1,7,0,0.0212,1,7,1,0.0212,1,7,2,0.0292,1,7,3,0.0211999,1,7,28,0.0292,2,0,14,0.0292,2,0,15,0.0211999,2,0,28,0.0211999,2,0,29,0.0292,2,3,49,0.0212,2,3,50,0.0292,2,3,51,0.0212,3,1,0,0.0292,3,1,49,0.0212,3,4,7,0.0292,3,5,7,0.0292,3,6,49,0.0292,4,4,56,0.0292,4,4,57,0.0212,4,4,58,0.0292,4,4,59,0.0292,4,4,60,0.0292,4,4,62,0.0292,
e6f5
BLACK
3,14,14,5,14,14,14,3,0,14,14,1,1,14,14,14,2,0,14,14,14,0,0,14,14,4,2,9,14,14,14,0,14,8,8,8,14,10,8,8,14,14,14,14,14,14,14,11,11,12,14,13,8,8,14,14,14,9,14,14,14,10,14,14,0,0,0,0,-1,
0,0,14,0.0283976,0,0,15,0.0361908,0,3,14,0.0283976,0,3,42,0.0283977,0,7,0,0.0361909,0,7,1,0.0283976,0,7,42,0.0361908,0,7,43,0.0361908,0,7,44,0.0283977,1,3,57,0.0361908,1,3,60,0.0361908,1,3,63,0.0361908,1,4,57,0.0361908,1,4,58,0.0283977,1,4,59,0.0361908,1,4,60,0.0361909,1,4,63,0.0361908,2,0,21,0.0361908,2,0,22,0.0283977,2,5,0,0.0361909,2,6,0,0.0283977,3,1,0,0.0361908,3,1,7,0.0283976,3,1,21,0.0283976,3,1,42,0.0361909,3,1,49,0.0283977,3,2,7,0.0361908,3,2,21,0.0361908,3,2,49,0.0361908,3,7,49,0.0361908,
c4d5 (capture)
WHITE
14,14,2,14,14,14,1,14,14,14,0,0,5,14,4,3,3,14,14,14,14,14,14,14,0,0,2,14,10,0,0,14,8,14,14,14,1,14,12,14,14,8,8,14,14,14,8,10,14,14,14,9,9,14,14,8,11,14,14,14,13,14,14,11,0,0,0,0,-1,
0,2,49,0.0211788,0,6,57,0.0138954,0,6,58,0.0138955,1,2,0,0.0211788,1,3,0,0.0138954,1,3,1,0.0211788,1,4,0,0.0138954,1,4,14,0.0211788,1,4,21,0.0211788,1,4,28,0.0211788,1,4,35,0.0211788,1,6,0,0.0211788,1,6,7,0.0138954,1,6,21,0.0211787,1,6,35,0.0211788,1,6,42,0.0211788,1,6,49,0.0211788,1,6,50,0.0211788,1,7,0,0.0138954,1,7,1,0.0211788,1,7,2,0.0211788,1,7,3,0.0211788,1,7,28,0.0211788,2,0,14,0.0211788,2,0,15,0.0138954,2,0,16,0.0211788,2,0,17,0.0211787,2,0,18,0.0211788,2,0,19,0.0138954,2,0,20,0.0211788,2,0,28,0.0211788,2,0,29,0.0211788,3,1,0,0.0211788,3,1,49,0.0138955,3,2,7,0.0211788,3,2,8,0.0211788,3,2,9,0.0138954,3,2,10,0.0211788,3,2,21,0.0211788,3,2,35,0.0211787,3,2,36,0.0211788,3,2,49,0.0211788,3,2,50,0.0211788,3,5,0,0.0211788,3,5,7,0.0211788,4,4,56,0.0211788,4,4,57,0.0211787,4,4,58,0.0211788,4,4,59,0.0211788,4,4,61,0.0138954,4,4,62,0.0211788,
f5g6
BLACK
3,14,14,5,14,14,14,3,0,14,14,1,1,14,14,14,2,0,14,14,14,0,0,14,14,4,14,9,14,14,14,0,14,8,8,2,14,14,8,8,14,14,14,14,14,14,10,11,11,12,14,13,8,8,14,14,14,9,14,14,14,10,14,14,0,0,0,0,-1,
0,0,14,0.0214148,0,0,15,0.028804,0,3,14,0.0288041,0,3,42,0.0214148,0,7,0,0.0288041,0,7,1,0.0288041,0,7,42,0.0288041,0,7,43,0.028804,0,7,44,0.0288041,1,3,57,0.0288041,1,3,58,0.0214148,1,3,60,0.028804,1,3,63,0.0288041,1,4,57,0.028804,1,4,58,0.0288041,1,4,59,0.028804,1,4,60,0.0288041,1,4,63,0.0288041,2,0,21,0.0288041,2,0,22,0.0288041,2,5,0,0.0288041,2,6,0,0.0288041,3,1,0,0.028804,3,1,7,0.0288041,3,1,14,0.028804,3,1,15,0.0288041,3,1,21,0.0288041,3,1,42,0.0288041,3,1,49,0.0288041,3,7,49,0.0288041,4,3,7,0.028804,4,3,8,0.0214148,4,3,21,0.028804,4,3,35,0.028804,4,3,49,0.0214148,4,3,50,0.0288041,
h1h3
WHITE
14,14,2,14,14,14,1,14,14,14,0,0,5,14,4,3,3,2,14,14,14,14,14,14,0,0,14,14,10,0,0,14,8,14,14,14,1,14,12,14,11,8,8,14,14,14,8,10,14,14,14,9,9,14,14,8,14,14,14,14,13,14,14,11,0,0,0,0,-1,
0,2,49,0.0263136,0,6,57,0.0185792,0,6,58,0.0185792,1,2,0,0.0263137,1,2,1,0.0185791,1,3,0,0.0185792,1,3,1,0.0263136,1,4,0,0.0185792,1,4,14,0.0185791,1,4,21,0.0263136,1,4,28,0.0263136,1,4,35,0.0263136,1,6,0,0.0185791,1,6,7,0.0185791,1,6,21,0.0185792,1,6,35,0.0263136,1,6,42,0.0263136,1,6,49,0.0263136,1,6,50,0.0263136,1,7,0,0.0185792,1,7,1,0.0185792,1,7,2,0.0263136,1,7,3,0.0185792,1,7,28,0.0263136,2,0,28,0.0263137,2,0,29,0.0263136,2,1,7,0.0263136,2,1,8,0.0263137,2,1,9,0.0185792,2,1,10,0.0185792,2,1,11,0.0263136,2,1,35,0.0185791,3,1,0,0.0263136,3,1,49,0.0185791,3,5,0,0.0263136,3,5,7,0.0263136,4,4,56,0.0263136,4,4,57,0.0263136,4,4,58,0.0263136,4,4,59,0.0263136,4,4,60,0.0263136,4,4,61,0.0185791,4,4,62,0.0263136,
c5c4
BLACK
3,14,14,5,14,14,14,14,0,14,14,1,1,14,14,14,2,0,14,14,14,0,0,3,14,4,8,9,14,14,14,0,14,8,14,2,14,14,8,8,14,14,14,14,14,14,10,11,11,12,14,13,8,8,14,14,14,9,14,14,14,10,14,14,0,0,0,0,-1,
0,0,14,0.0264129,0,0,15,0.0348072,0,3,14,0.0264129,0,3,42,0.0264129,1,3,57,0.0264129,1,3,58,0.0264129,1,3,60,0.0348072,1,3,63,0.0264129,1,4,57,0.0348072,1,4,58,0.0264129,1,4,59,0.0264129,1,4,60,0.0264129,1,4,63,0.0264129,2,0,21,0.0264129,2,0,22,0.0264129,2,1,7,0.0264129,2,5,0,0.0264129,2,6,0,0.0264129,2,7,28,0.0348072,2,7,29,0.0348072,3,1,0,0.0348072,3,1,7,0.0264129,3,1,8,0.0264129,3,1,9,0.0264129,3,1,14,0.0264129,3,1,21,0.0264129,3,1,42,0.0264129,3,1,49,0.0264129,3,7,49,0.0264129,4,3,7,0.0348072,4,3,8,0.0264128,4,3,21,0.0348072,4,3,35,0.0348072,4,3,49,0.0264129,4,3,50,0.0264129,
d5c6
WHITE
14,14,2,14,14,14,1,14,14,14,0,0,5,14,4,3,3,2,14,14,14,10,14,14,0,0,14,14,14,14,0,14,8,14,14,14,1,0,12,14,11,8,8,14,14,14,8,10,14,14,14,9,9,14,14,8,14,14,14,14,13,14,14,11,0,0,0,0,-1,
0,6,58,0.121977,1,4,7,0.130039,1,4,14,0.121977,1,4,21,0.121977,1,4,28,0.121977,1,4,49,0.121977,1,6,49,0.130039,4,4,62,0.130039,
d7c6 (capture)
BLACK
3,14,14,5,14,14,14,14,0,14,14,1,1,14,14,14,2,0,14,14,14,0,0,3,14,4,8,9,14,14,14,0,14,8,14,14,14,14,8,8,14,14,13,14,14,14,10,11,11,12,14,14,8,8,14,14,14,9,14,14,14,10,14,14,0,0,0,0,-1,
0,0,14,0.0327426,0,0,15,0.0411535,0,3,14,0.0327426,0,3,42,0.0327425,1,3,57,0.0327425,1,3,58,0.0327425,1,3,60,0.0411535,1,3,63,0.0327426,1,4,57,0.0411535,1,4,58,0.0327426,1,4,59,0.0327426,1,4,60,0.0327426,1,4,63,0.0327426,2,0,21,0.0327426,2,0,22,0.0327425,2,1,7,0.0327426,2,5,0,0.0327426,2,6,0,0.0327426,2,7,28,0.0411535,2,7,29,0.0411535,3,1,0,0.0411535,3,1,7,0.0327425,3,1,8,0.0327426,3,1,9,0.0327426,3,1,14,0.0327426,3,1,21,0.0327426,3,1,42,0.0327426,3,1,49,0.0327426,3,7,49,0.0327426,
a1c1
WHITE
14,14,2,14,14,14,1,14,14,14,0,0,14,14,4,3,3,2,14,14,14,5,14,14,0,0,14,14,14,14,0,14,8,14,14,14,1,0,12,14,11,8,8,14,14,14,8,10,14,14,14,9,9,14,14,8,14,14,14,14,13,11,14,14,0,0,0,0,-1,
0,2,49,0.0271679,0,6,57,0.0197246,0,6,59,0.0271679,1,2,0,0.0271679,1,2,1,0.0197245,1,3,0,0.0197246,1,3,1,0.0271679,1,6,0,0.0271679,1,6,7,0.0197246,1,6,21,0.0271679,1,6,35,0.0271679,1,6,42,0.0271679,1,6,43,0.0271679,1,7,0,0.0271679,1,7,1,0.0271678,1,7,2,0.0271679,1,7,3,0.0271678,1,7,28,0.0271679,2,0,28,0.0271679,2,0,29,0.0271679,2,1,7,0.0271679,2,1,8,0.0271678,2,1,9,0.0271679,2,1,10,0.0197245,2,1,11,0.0271679,2,1,35,0.0197245,2,5,14,0.0271679,2,5,28,0.0271679,2,5,35,0.0271679,2,5,49,0.0197245,3,1,0,0.0271679,3,1,49,0.0271678,4,4,56,0.0271679,4,4,57,0.0271679,4,4,58,0.0271679,4,4,59,0.0271679,4,4,60,0.0271679,4,4,61,0.0197245,4,5,0,0.0271678,
b7b6
BLACK
14,14,3,5,14,14,14,14,0,14,14,1,1,14,14,14,2,0,14,14,14,0,0,3,14,4,8,9,14,14,14,0,14,8,14,14,14,14,8,8,14,12,13,14,14,14,10,11,11,14,14,14,8,8,14,14,14,9,14,14,14,10,14,14,0,0,0,0,-1,
0,2,0,0.0327426,0,2,1,0.0411535,0,2,2,0.0411535,0,2,42,0.0327426,0,2,43,0.0327426,0,3,14,0.0327425,1,3,57,0.0327426,1,3,58,0.0327425,1,3,60,0.0411535,1,3,63,0.0327426,1,4,57,0.0411535,1,4,58,0.0327426,1,4,59,0.0327425,1,4,63,0.0327426,2,0,21,0.0327426,2,1,7,0.0327426,2,5,0,0.0327426,2,6,0,0.0327425,2,7,28,0.0411535,2,7,29,0.0327426,3,1,0,0.0411535,3,1,7,0.0327425,3,1,8,0.0327426,3,1,9,0.0327426,3,1,14,0.0327426,3,1,21,0.0327426,3,1,42,0.0327426,3,1,49,0.0327426,3,7,49,0.0327426,
d2f1
WHITE
14,14,2,14,14,14,1,14,14,14,0,0,14,14,14,3,3,2,14,14,14,5,4,14,0,0,14,14,14,14,0,14,8,14,14,14,1,0,12,14,11,8,8,14,14,14,8,10,14,14,14,9,14,14,14,8,14,14,9,14,13,11,14,14,0,0,0,0,-1,
0,2,49,0.0246729,0,6,57,0.0174207,0,6,59,0.0246729,1,2,0,0.0246729,1,2,1,0.0174206,1,3,0,0.0174207,1,3,1,0.0246729,1,7,0,0.0246729,1,7,1,0.0246729,1,7,2,0.0246729,1,7,3,0.0246729,1,7,28,0.0246729,1,7,42,0.0246729,1,7,43,0.0246729,1,7,44,0.0246729,2,0,28,0.0246729,2,0,29,0.0246729,2,1,7,0.0246729,2,1,8,0.0246729,2,1,9,0.0246729,2,1,10,0.0246729,2,1,11,0.0246729,2,1,35,0.0174206,2,5,21,0.0246729,2,5,28,0.0246729,2,5,35,0.0246729,2,5,49,0.0174207,2,6,7,0.0246729,2,6,14,0.0246729,2,6,28,0.0246729,2,6,35,0.0246729,2,6,36,0.0246729,2,6,49,0.0246729,3,1,0,0.0246729,3,1,49,0.0246729,4,4,56,0.0246729,4,4,57,0.0246729,4,4,58,0.0246729,4,4,59,0.0246729,4,4,60,0.0246729,4,4,61,0.0246729,4,5,0,0.0246729,
g6e4
BLACK
14,14,3,5,14,1,14,14,0,14,14,14,1,14,14,14,2,0,14,14,14,0,0,3,14,4,8,9,10,14,14,0,14,8,14,14,14,14,8,8,14,12,13,14,14,14,14,11,11,14,14,14,8,8,14,14,14,9,14,14,14,10,14,14,0,0,0,0,-1,
0,2,0,0.0344327,0,2,1,0.0344327,0,2,2,0.0344327,0,2,42,0.0265984,0,2,43,0.0265984,0,3,0,0.0344327,0,3,14,0.0265984,0,5,56,0.0344327,0,5,58,0.0344326,0,5,59,0.0265984,1,4,57,0.0344327,1,4,58,0.0265984,1,4,59,0.0344327,1,4,63,0.0344327,2,0,21,0.0344326,2,1,7,0.0344327,2,5,0,0.0265984,2,5,49,0.0265984,2,6,0,0.0265984,2,7,28,0.0344327,2,7,29,0.0344327,3,1,0,0.0344327,3,1,7,0.0265984,3,1,8,0.0265985,3,1,9,0.0265984,3,1,14,0.0344327,3,1,21,0.0265984,3,1,22,0.0344327,3,1,23,0.0344327,3,1,42,0.0344326,3,1,49,0.0265984,3,7,49,0.0344326,
e2g1
WHITE
14,14,2,14,14,14,1,14,14,14,0,0,14,14,14,3,3,14,14,14,14,5,4,14,0,0,14,14,14,14,0,14,8,14,14,2,1,0,12,14,11,8,8,14,14,14,8,10,14,14,14,14,14,14,14,8,14,9,9,14,13,11,14,14,0,0,0,0,-1,
0,2,49,0.0176001,0,6,57,0.0176001,0,6,59,0.0257683,1,2,0,0.0176001,1,2,1,0.0176001,1,3,0,0.0176001,1,3,1,0.0176001,1,7,0,0.0176001,1,7,1,0.0176001,1,7,2,0.0257683,1,7,3,0.0176001,1,7,28,0.0176001,1,7,42,0.0257683,1,7,43,0.0257683,1,7,44,0.0176001,2,0,14,0.0257683,2,0,15,0.0176001,2,0,16,0.0257683,2,0,17,0.0176001,2,0,28,0.0176001,2,0,29,0.0257683,2,5,21,0.0176001,2,5,28,0.0176001,2,5,35,0.0176001,2,5,49,0.0176001,2,6,7,0.0257683,2,6,14,0.0257683,2,6,28,0.0176001,2,6,35,0.0176001,2,6,36,0.0257683,2,6,49,0.0257683,3,1,0,0.0257683,3,1,49,0.0176001,4,3,7,0.0257683,4,3,8,0.0176001,4,3,9,0.0176001,4,3,21,0.0257683,4,3,35,0.0257683,4,3,36,0.0176001,4,3,37,0.0176001,4,3,49,0.0176001,4,4,56,0.0257683,4,4,57,0.0176001,4,4,58,0.0257683,4,4,59,0.0257683,4,4,60,0.0257683,4,4,61,0.0176001,4,5,0,0.0176001,
d4f5
BLACK
14,14,3,5,14,1,1,14,0,14,14,14,14,14,14,14,2,0,14,14,14,0,0,3,14,4,8,14,10,14,14,0,14,8,14,14,14,9,8,8,14,12,13,14,14,14,14,11,11,14,14,14,8,8,14,14,14,9,14,14,14,10,14,14,0,0,0,0,-1,
0,2,0,0.0361908,0,2,1,0.0361908,0,2,2,0.0361908,0,2,42,0.0283976,0,2,43,0.0283977,0,3,0,0.0361908,0,3,7,0.0361908,0,3,14,0.0283977,0,5,56,0.0361908,0,5,58,0.0361909,0,5,59,0.0283977,0,6,59,0.0361908,2,0,21,0.0361908,2,1,7,0.0361909,2,5,0,0.0361908,2,5,49,0.0283976,2,6,0,0.0283977,2,7,28,0.0361908,2,7,29,0.0361908,3,1,0,0.0361908,3,1,7,0.0283976,3,1,8,0.0283977,3,1,9,0.0283977,3,1,14,0.0361908,3,1,21,0.0283976,3,1,22,0.0361908,3,1,23,0.0361909,3,1,42,0.0361909,3,1,49,0.0283976,3,7,49,0.0361908,
f1e3
WHITE
14,14,2,14,14,14,1,14,14,14,0,0,14,14,14,3,3,14,14,14,14,5,4,14,0,0,1,14,14,14,0,14,8,14,14,2,14,0,12,14,11,8,8,9,14,14,8,10,14,14,14,14,14,14,14,8,14,9,14,14,13,11,14,14,0,0,0,0,-1,
0,2,49,0.0214293,0,6,57,0.0214292,0,6,59,0.0303502,1,2,0,0.0214293,1,3,0,0.0214292,1,3,1,0.0214293,1,7,0,0.0214292,1,7,1,0.0214293,1,7,2,0.0214293,1,7,3,0.0214292,1,7,28,0.0214293,1,7,42,0.0303502,1,7,43,0.0214293,1,7,44,0.0214292,2,0,14,0.0214293,2,0,15,0.0214292,2,0,16,0.0214293,2,0,17,0.0214292,2,0,28,0.0214293,2,0,29,0.0214293,2,5,21,0.0214292,2,5,28,0.0214293,2,5,35,0.0214292,2,6,7,0.0303502,2,6,14,0.0214293,2,6,28,0.0214292,2,6,35,0.0214292,2,6,36,0.0214293,2,6,49,0.0214293,2,6,50,0.0214292,2,6,51,0.0214292,3,1,0,0.0214292,3,1,49,0.0214292,3,2,56,0.0214292,3,2,57,0.0214293,3,2,58,0.0214293,3,2,59,0.0214292,3,2,61,0.0214292,3,2,63,0.0214293,4,3,7,0.0214292,4,3,8,0.0214292,4,3,9,0.0214292,4,3,21,0.0303502,4,3,49,0.0214292,4,5,0,0.0214292,
f5d6
BLACK
14,14,3,5,14,14,1,14,0,14,14,14,14,14,14,14,2,0,14,14,1,0,0,3,14,4,8,14,10,14,14,0,14,8,14,14,14,14,8,8,14,12,13,9,14,14,14,11,11,14,14,14,8,8,14,14,14,9,14,14,14,10,14,14,0,0,0,0,-1,
0,2,0,0.0292585,0,2,1,0.0378762,0,2,2,0.0292585,0,2,42,0.0292584,0,2,43,0.0292584,0,3,0,0.0292585,0,3,7,0.0292585,0,3,14,0.0292584,0,6,59,0.0378762,2,0,21,0.0292585,2,1,7,0.0292584,2,4,56,0.0292585,2,4,57,0.0292585,2,4,58,0.0292584,2,4,59,0.0378762,2,4,60,0.0292585,2,4,62,0.0292584,2,4,63,0.0292585,2,5,0,0.0292585,2,5,49,0.0292584,2,6,0,0.0292584,2,7,28,0.0292585,2,7,29,0.0292585,3,1,0,0.0378762,3,1,7,0.0292584,3,1,8,0.0292584,3,1,14,0.0292585,3,1,21,0.0292585,3,1,22,0.0292584,3,1,23,0.0292584,3,1,42,0.0292584,3,1,49,0.0292584,3,7,49,0.0292585,
b4c5
WHITE
14,14,2,14,14,14,1,14,14,14,0,0,14,14,14,3,3,14,14,14,1,5,4,14,0,0,14,14,14,12,0,14,8,14,14,2,14,0,14,14,11,8,8,9,14,14,8,10,14,14,14,14,14,14,14,8,14,9,14,14,13,11,14,14,0,0,0,0,-1,
2,5,21,0.330653,2,5,35,0.330653,2,6,49,0.338693,
b6c5 (capture)
BLACK
14,14,3,5,14,14,1,14,0,14,14,14,14,14,14,14,2,0,14,14,1,0,0,3,14,14,8,14,10,14,14,0,14,8,12,14,14,14,8,8,14,14,13,9,14,14,14,11,11,14,14,14,8,8,14,14,14,9,14,14,14,10,14,14,0,0,0,0,-1,
0,2,0,0.0411908,0,2,1,0.0411908,0,2,2,0.0411908,0,2,42,0.0331799,0,2,43,0.0331799,0,3,0,0.0411908,0,3,7,0.0411908,0,3,14,0.0331799,0,6,59,0.0411908,2,0,7,0.0411908,2,0,8,0.03318,2,0,21,0.0331799,2,1,0,0.0331799,2,1,7,0.03318,2,4,56,0.0331799,2,4,57,0.0411909,2,4,58,0.0331799,2,4,59,0.0411908,2,4,60,0.0411908,2,4,62,0.0331799,2,4,63,0.0411909,2,5,0,0.0331799,2,5,49,0.0331799,2,6,0,0.0331799,2,7,28,0.0411908,2,7,29,0.0411908,3,7,49,0.0331799,
b3c4 (capture)
WHITE
14,14,2,14,14,14,1,14,14,14,0,0,14,14,14,3,3,14,14,14,1,5,14,14,0,0,14,14,14,4,0,14,8,14,14,2,14,8,14,14,11,8,8,9,14,14,14,10,14,14,14,14,14,14,14,8,14,9,14,14,13,11,14,14,0,0,0,0,-1,
0,2,49,0.0201385,0,6,57,0.0201385,0,6,59,0.0201385,1,2,0,0.0201386,1,2,1,0.0132128,1,3,0,0.0201386,1,3,1,0.0201385,1,7,0,0.0201386,1,7,1,0.0201385,1,7,2,0.0201385,1,7,3,0.0201385,1,7,28,0.0201385,1,7,42,0.0201385,1,7,43,0.0201385,1,7,44,0.0201385,2,0,14,0.0201385,2,0,15,0.0201385,2,0,16,0.0201385,2,0,28,0.0201386,2,0,29,0.0201385,2,4,57,0.0201385,2,4,59,0.0201385,2,4,61,0.0201385,2,4,62,0.0201385,2,4,63,0.0201385,2,5,14,0.0201385,2,5,21,0.0201385,2,5,28,0.0201385,2,5,35,0.0201385,3,1,0,0.0201385,3,1,49,0.0201385,3,5,0,0.0201385,3,5,7,0.0201385,3,5,8,0.0201386,3,5,21,0.0201385,3,5,42,0.0201386,3,5,43,0.0201385,3,5,44,0.0201385,3,5,49,0.0201385,3,5,50,0.0201385,3,6,0,0.0201385,3,6,49,0.0201385,4,3,7,0.0201385,4,3,8,0.0201385,4,3,9,0.0201385,4,3,21,0.0201385,4,3,35,0.0201385,4,3,36,0.0201385,4,3,37,0.0201386,4,3,49,0.0201384,
e4b1
BLACK
14,10,3,5,14,14,1,14,0,14,14,14,14,14,14,14,2,14,14,14,1,0,0,3,14,14,0,14,14,14,14,0,14,8,12,14,14,14,8,8,14,14,13,9,14,14,14,11,11,14,14,14,8,8,14,14,14,9,14,14,14,10,14,14,0,0,0,0,-1,
0,2,0,0.0479392,0,2,1,0.0479392,0,2,42,0.0401301,0,3,0,0.0479392,0,3,7,0.0479393,0,3,14,0.0401302,0,6,59,0.0479393,2,0,7,0.0479393,2,0,8,0.0401302,2,0,21,0.0479392,2,4,56,0.0401301,2,4,57,0.0479392,2,4,58,0.0479392,2,4,60,0.0479393,2,4,62,0.0401302,2,4,63,0.0479392,2,5,0,0.0401302,2,6,0,0.0401301,2,7,28,0.0479392,2,7,29,0.0479393,3,2,49,0.0479392,3,7,49,0.0479393,
g1e2
WHITE
14,14,2,14,14,14,1,14,14,14,0,0,14,14,14,3,3,14,14,14,1,5,14,14,0,0,14,14,14,4,0,14,8,14,14,14,14,8,14,14,11,8,8,9,14,14,14,10,14,14,14,9,14,14,14,8,14,14,14,14,13,11,2,14,0,0,0,0,-1,
0,2,49,0.0201386,0,6,57,0.0201385,0,6,59,0.0201385,1,2,0,0.0201386,1,2,1,0.0132128,1,3,0,0.0201386,1,3,1,0.0201385,1,7,0,0.0201385,1,7,1,0.0201385,1,7,2,0.0201385,1,7,3,0.0201385,1,7,28,0.0201385,1,7,42,0.0201385,1,7,43,0.0201385,1,7,44,0.0201385,2,0,14,0.0201385,2,0,15,0.0201386,2,0,16,0.0201385,2,0,28,0.0201385,2,0,29,0.0201385,2,4,57,0.0201385,2,4,58,0.0201385,2,4,59,0.0201385,2,4,61,0.0201385,2,4,62,0.0201386,2,4,63,0.0201385,2,5,14,0.0201386,2,5,21,0.0201385,2,5,28,0.0201385,2,5,35,0.0201385,3,1,0,0.0201385,3,1,49,0.0201385,3,5,0,0.0201385,3,5,7,0.0201385,3,5,8,0.0201385,3,5,21,0.0201385,3,5,42,0.0201385,3,5,43,0.0201385,3,5,44,0.0201385,3,5,49,0.0201385,3,5,50,0.0201385,3,6,0,0.0201384,3,6,49,0.0201385,7,6,21,0.0201385,7,6,35,0.0201386,7,6,36,0.0201385,7,6,37,0.0201385,7,6,38,0.0201385,7,6,39,0.0201385,7,6,40,0.0201385,
b1c2
BLACK
14,14,3,5,14,14,14,14,0,14,10,14,1,14,14,14,2,14,14,14,1,0,0,3,14,14,0,14,14,14,14,0,14,8,12,14,14,14,8,8,14,14,13,9,14,14,14,11,11,14,14,14,8,8,14,14,14,9,14,14,14,10,14,14,0,0,0,0,-1,
0,2,0,0.201589,0,3,0,0.201589,0,3,14,0.193645,0,3,49,0.201589,2,4,60,0.201589,
d1e1
WHITE
14,14,2,14,14,14,1,14,14,14,0,0,14,14,14,3,3,14,14,14,1,5,14,14,0,0,14,14,14,4,0,14,8,14,14,14,14,8,14,14,11,8,8,9,14,14,14,10,14,14,14,9,14,2,14,8,14,14,14,13,14,11,14,14,0,0,0,0,-1,
0,2,49,0.0223324,0,6,57,0.0146523,0,6,59,0.0223323,1,2,0,0.0146523,1,2,1,0.0146523,1,3,0,0.0146523,1,3,1,0.0223323,1,7,0,0.0146523,1,7,1,0.0146523,1,7,2,0.0223323,1,7,3,0.0146523,1,7,28,0.0223323,1,7,42,0.0223323,1,7,43,0.0223323,1,7,44,0.0223323,2,0,14,0.0223323,2,0,15,0.0146523,2,0,16,0.0223323,2,0,28,0.0223323,2,0,29,0.0223323,2,4,57,0.0223323,2,4,58,0.0223324,2,4,59,0.0223323,2,4,61,0.0146523,2,4,62,0.0146523,2,4,63,0.0223324,2,5,14,0.0146523,2,5,21,0.0146523,2,5,28,0.0223324,2,5,35,0.0146523,3,1,0,0.0223323,3,1,49,0.0146523,3,5,0,0.0223323,3,5,7,0.0223323,3,5,8,0.0146523,3,5,21,0.0223323,3,5,42,0.0146523,3,5,43,0.0223324,3,5,44,0.0223323,3,5,49,0.0146523,3,5,50,0.0223323,3,6,0,0.0146523,3,6,49,0.0223323,6,5,7,0.0146523,6,5,21,0.0146523,6,5,22,0.0223323,6,5,35,0.0223324,6,5,36,0.0223323,6,5,37,0.0223323,6,5,38,0.0223323,6,5,39,0.0146523,6,5,49,0.0223323,
c2d3
BLACK
14,14,3,14,5,14,14,14,0,14,14,14,1,14,14,14,2,14,14,10,1,0,0,3,14,14,0,14,14,14,14,0,14,8,12,14,14,14,8,8,14,14,13,9,14,14,14,11,11,14,14,14,8,8,14,14,14,9,14,14,14,10,14,14,0,0,0,0,-1,
0,2,0,0.0327426,0,2,1,0.0411535,0,2,14,0.0327426,0,2,42,0.0327425,0,2,43,0.0327426,0,4,7,0.0327426,0,4,14,0.0327425,0,4,42,0.0327425,0,4,49,0.0327426,1,4,57,0.0411535,1,4,58,0.0327426,1,4,59,0.0327425,1,4,63,0.0327426,2,0,7,0.0411535,2,0,8,0.0327426,2,0,21,0.0327426,2,4,56,0.0327425,2,4,57,0.0411535,2,4,58,0.0327426,2,4,60,0.0411535,2,4,61,0.0327426,2,4,62,0.0327426,2,4,63,0.0327426,2,5,0,0.0327426,2,6,0,0.0327426,2,7,28,0.0411535,2,7,29,0.0327426,3,2,49,0.0327426,3,7,49,0.0327426,
c1c3
WHITE
14,14,2,14,14,14,1,14,14,14,0,0,14,14,14,3,3,14,14,14,1,5,14,14,0,0,14,14,14,4,0,14,8,14,14,14,14,8,14,14,11,8,8,9,2,11,14,10,14,14,14,9,14,14,14,8,14,14,14,13,14,14,14,14,0,0,0,0,-1,
0,2,49,0.0211788,0,6,57,0.0138954,0,6,59,0.0211788,1,2,0,0.0211788,1,2,1,0.0138954,1,3,0,0.0138954,1,3,1,0.0211788,1,7,0,0.0138954,1,7,1,0.0211787,1,7,2,0.0211788,1,7,3,0.0211788,1,7,28,0.0211787,1,7,42,0.0211788,1,7,43,0.0211788,1,7,44,0.0211788,2,0,14,0.0211788,2,0,15,0.0138954,2,0,16,0.0211788,2,0,28,0.0211788,2,0,29,0.0211788,2,4,57,0.0211788,2,4,58,0.0211787,2,4,59,0.0211788,2,4,61,0.0211788,2,4,62,0.0138955,2,4,63,0.0211788,2,5,14,0.0211788,2,5,21,0.0138954,2,5,28,0.0211788,2,5,35,0.0211788,3,1,0,0.0211788,3,1,49,0.0138954,3,5,0,0.0211788,3,5,7,0.0211788,3,5,8,0.0211788,3,5,21,0.0211788,3,5,42,0.0138954,3,5,43,0.0211788,3,5,44,0.0211788,3,5,49,0.0138954,3,5,50,0.0211788,3,6,0,0.0138955,3,6,49,0.0211788,5,4,7,0.0211788,5,4,8,0.0211788,5,4,21,0.0211788,5,4,35,0.0211787,5,4,36,0.0211788,5,4,37,0.0211788,5,4,38,0.0211788,5,4,49,0.0211788,
c5f5
BLACK
14,14,14,14,5,14,14,14,0,14,14,14,1,14,14,14,2,14,3,10,1,0,0,3,14,14,0,14,14,14,14,0,14,8,14,14,14,12,8,8,14,14,13,9,14,14,14,11,11,14,14,14,8,8,14,14,14,9,14,14,14,10,14,14,0,0,0,0,-1,
0,4,7,0.0314236,0,4,14,0.0314236,0,4,42,0.0314234,0,4,49,0.0314235,1,4,57,0.0400471,1,4,58,0.0314235,1,4,60,0.0314235,1,4,63,0.0314235,2,0,7,0.0314235,2,0,8,0.0314235,2,0,9,0.0314235,2,0,21,0.0314235,2,0,22,0.0314236,2,2,14,0.0314235,2,2,28,0.0314235,2,2,29,0.0314235,2,2,42,0.0314235,2,4,56,0.0314235,2,4,57,0.0400471,2,4,58,0.0314235,2,4,60,0.0400471,2,4,61,0.0314235,2,4,62,0.0314236,2,4,63,0.0314235,2,5,0,0.0314235,2,6,0,0.0314236,2,7,28,0.0314235,2,7,29,0.0314235,3,2,0,0.0314235,3,2,49,0.0314235,3,7,49,0.0314235,
e3g2
WHITE
14,14,2,14,14,14,1,14,14,14,0,0,14,14,14,3,3,14,14,14,1,5,14,14,0,0,4,14,14,14,0,14,8,14,14,14,14,8,14,14,11,8,8,14,2,11,14,10,14,9,14,9,14,14,14,8,14,14,14,13,14,14,14,14,0,0,0,0,-1,
0,2,49,0.0211788,0,6,57,0.0138955,0,6,59,0.0211788,1,2,0,0.0211788,1,3,0,0.0138954,1,3,1,0.0211788,1,7,0,0.0138954,1,7,1,0.0211787,1,7,2,0.0211788,1,7,3,0.0211788,1,7,28,0.0211788,1,7,42,0.0211788,1,7,43,0.0211788,1,7,44,0.0211788,2,0,14,0.0211788,2,0,15,0.0138954,2,0,16,0.0211788,2,0,28,0.0211788,2,0,29,0.0211788,2,4,57,0.0211788,2,4,58,0.0211788,2,4,61,0.0211787,2,4,62,0.0138955,2,4,63,0.0211788,2,5,14,0.0211788,2,5,21,0.0138954,2,5,28,0.0211788,2,5,35,0.0211788,3,1,0,0.0211788,3,1,49,0.0138954,3,2,0,0.0138954,3,2,1,0.0211788,3,2,7,0.0211788,3,2,14,0.0211788,3,2,15,0.0211788,3,2,16,0.0138954,3,2,21,0.0211788,3,2,22,0.0138954,3,2,23,0.0211788,3,2,28,0.0211788,3,2,35,0.0211787,3,2,36,0.0211788,3,2,49,0.0211788,3,2,50,0.0211788,3,6,0,0.0138954,3,6,49,0.0211788,5,4,7,0.0211788,5,4,8,0.0211788,5,4,21,0.0211788,5,4,35,0.0211787,5,4,49,0.0211788,
e7e5
BLACK
14,14,14,14,5,14,14,14,0,14,14,14,1,14,1,14,2,14,3,10,14,0,0,3,14,14,0,14,14,14,14,0,14,8,14,14,8,12,8,8,14,14,13,9,14,14,14,11,11,14,14,14,14,8,14,14,14,9,14,14,14,10,14,14,0,0,0,0,44,
0,4,7,0.0368478,0,4,14,0.0368478,0,4,42,0.0368478,0,4,49,0.0368478,1,4,57,0.0452394,1,4,58,0.0368478,1,4,60,0.0368478,1,4,63,0.0452394,1,6,58,0.0368477,1,6,59,0.0368478,2,0,7,0.0452394,2,0,8,0.0368478,2,0,9,0.0368478,2,0,21,0.0368478,2,0,22,0.0368477,2,2,14,0.0368478,2,2,28,0.0368478,2,2,29,0.0368477,2,2,42,0.0368478,2,5,0,0.0368478,2,6,0,0.0368478,2,7,28,0.0452394,2,7,29,0.0452394,3,2,0,0.0368478,3,2,49,0.0368478,3,7,49,0.0368478,
c3c2
WHITE
14,14,2,14,14,14,1,14,14,14,0,14,14,14,14,3,3,14,14,14,1,5,14,14,0,0,4,0,14,14,0,14,8,14,14,14,14,8,14,14,11,8,8,14,2,14,14,10,14,9,14,9,14,11,14,8,14,14,14,13,14,14,14,14,0,0,0,0,-1,
0,2,7,0.0176001,0,2,49,0.0176001,0,6,57,0.0176001,0,6,59,0.0257683,1,2,0,0.0176001,1,7,0,0.0176001,1,7,1,0.0176001,1,7,2,0.0257683,1,7,3,0.0176001,1,7,28,0.0176001,1,7,42,0.0257683,1,7,43,0.0257683,1,7,44,0.0176001,1,7,45,0.0176001,2,0,14,0.0257683,2,0,15,0.0176001,2,0,16,0.0257683,2,0,28,0.0176001,2,0,29,0.0257683,2,4,57,0.0257683,2,4,58,0.0176001,2,4,61,0.0176001,2,4,62,0.0176001,2,4,63,0.0257683,2,5,14,0.0176001,2,5,21,0.0176001,2,5,28,0.0257683,2,5,35,0.0176001,3,1,0,0.0257683,3,1,49,0.0176001,3,2,0,0.0176001,3,2,1,0.0257683,3,2,7,0.0176001,3,2,21,0.0257683,3,2,22,0.0176001,3,2,23,0.0176001,3,2,28,0.0257683,3,2,35,0.0176001,3,2,36,0.0257683,3,2,49,0.0176001,3,2,50,0.0176001,3,3,0,0.0257683,3,6,0,0.0176001,3,6,49,0.0257683,5,4,7,0.0176001,5,4,21,0.0257683,5,4,35,0.0176001,5,4,49,0.0257683,
c6d7
BLACK
14,14,14,14,5,14,14,14,0,14,3,14,1,14,1,14,2,14,14,10,14,0,0,3,14,14,0,14,14,14,14,0,14,8,14,14,8,12,8,8,14,14,14,9,14,14,14,11,11,14,14,13,14,8,14,14,14,9,14,14,14,10,14,14,0,0,0,0,-1,
0,4,7,0.0331799,0,4,14,0.0331799,0,4,42,0.0331799,0,4,49,0.0331799,1,2,0,0.0411909,1,2,14,0.0411908,1,2,28,0.0411908,1,2,42,0.03318,1,4,57,0.0411908,1,4,58,0.0331799,1,4,59,0.0411908,1,4,60,0.03318,1,4,63,0.0411908,1,6,58,0.0411908,1,6,59,0.0331799,2,0,7,0.0411908,2,0,8,0.0331799,2,0,9,0.0331799,2,0,21,0.0411909,2,0,22,0.0331799,2,5,0,0.0331799,2,6,0,0.0331799,2,7,28,0.0411908,2,7,29,0.0411908,3,2,0,0.0331799,3,2,49,0.0411908,3,7,49,0.0411908,
f3f4
WHITE
14,14,2,14,14,14,1,14,14,14,0,14,5,14,14,3,3,14,14,14,1,14,14,14,0,0,4,0,14,14,0,14,8,14,8,14,14,8,14,14,11,8,14,14,2,14,14,10,14,9,14,9,14,11,14,8,14,14,14,13,14,14,14,14,0,0,0,0,-1,
0,2,7,0.0176001,0,2,49,0.0176001,0,6,57,0.0176001,0,6,58,0.0176001,1,2,0,0.0176001,1,4,7,0.0257683,1,4,14,0.0176001,1,4,21,0.0176001,1,4,28,0.0176001,1,4,35,0.0176001,1,4,42,0.0176001,1,4,49,0.0176001,1,7,0,0.0176001,1,7,1,0.0176001,1,7,2,0.0257683,1,7,3,0.0176001,1,7,28,0.0257683,1,7,42,0.0257683,1,7,43,0.0257683,2,0,14,0.0257683,2,0,15,0.0176001,2,0,16,0.0257683,2,0,28,0.0176001,2,0,29,0.0257683,2,4,57,0.0257683,2,4,58,0.0176001,2,4,61,0.0176001,2,4,62,0.0176001,2,4,63,0.0257683,3,1,0,0.0257683,3,1,7,0.0176001,3,1,49,0.0176001,3,2,0,0.0176001,3,2,7,0.0176001,3,2,21,0.0257683,3,2,28,0.0257683,3,2,35,0.0176001,3,2,36,0.0257683,3,2,49,0.0257683,3,2,50,0.0176001,3,3,0,0.0257683,3,3,49,0.0176001,3,6,0,0.0176001,3,6,49,0.0257683,5,4,7,0.0176001,5,4,21,0.0257683,5,4,35,0.0176001,5,4,49,0.0257683,
d3e2 (capture)
BLACK
14,14,14,14,5,14,14,14,0,14,3,14,10,14,1,14,2,14,14,14,14,14,0,3,14,14,0,14,14,0,14,0,14,8,14,14,8,12,8,8,14,14,14,9,14,14,14,11,11,14,14,13,14,8,14,14,14,9,14,14,14,10,14,14,0,0,0,0,-1,
0,4,0,0.0401302,0,4,7,0.0479392,0,4,49,0.0401301,1,2,0,0.0479392,1,2,14,0.0479392,1,2,15,0.0479393,1,2,28,0.0479393,1,2,42,0.0401301,1,6,59,0.0401302,2,0,7,0.0479393,2,0,8,0.0479393,2,0,9,0.0401301,2,0,21,0.0479392,2,0,22,0.0401302,2,6,0,0.0479392,2,7,28,0.0479392,2,7,29,0.0479393,3,2,0,0.0479392,3,2,49,0.0479392,3,5,7,0.0479392,3,5,49,0.0401302,3,7,49,0.0479393,
c2b2
WHITE
14,14,2,14,14,14,1,14,14,14,0,14,5,14,14,3,3,14,14,14,1,14,14,14,0,0,4,0,14,14,0,14,8,14,8,14,14,8,14,14,11,8,14,14,14,14,14,10,14,9,14,2,14,14,11,8,14,14,14,13,14,14,14,14,0,0,0,0,-1,
0,2,7,0.0154964,0,2,49,0.0154963,0,6,57,0.0154963,0,6,58,0.0154964,1,2,0,0.0154963,1,4,7,0.0236188,1,4,14,0.0154963,1,4,21,0.0154963,1,4,28,0.0154963,1,4,35,0.0236188,1,4,42,0.0154963,1,4,49,0.0154964,1,7,0,0.0154963,1,7,1,0.0154964,1,7,2,0.0236188,1,7,3,0.0154963,1,7,28,0.0236188,1,7,42,0.0236188,1,7,43,0.0236188,2,0,14,0.0236188,2,0,15,0.0154963,2,0,16,0.0236188,2,0,28,0.0154964,2,0,29,0.0236188,2,4,57,0.0236188,2,4,58,0.0154963,2,4,61,0.0154963,2,4,62,0.0154963,2,4,63,0.0236188,3,1,0,0.0236188,3,1,7,0.0154963,3,1,49,0.0154963,3,2,0,0.0154963,3,2,7,0.0154963,3,2,8,0.0154963,3,2,9,0.0154963,3,2,10,0.0236188,3,2,21,0.0236188,3,2,28,0.0236188,3,2,35,0.0154963,3,2,36,0.0236188,3,2,49,0.0236188,3,2,50,0.0154963,3,3,0,0.0236188,3,3,49,0.0154963,3,6,0,0.0154963,3,6,49,0.0236188,6,3,7,0.0236188,6,3,21,0.0154963,6,3,22,0.0154963,6,3,35,0.0236188,6,3,36,0.0154963,6,3,49,0.0236188,
f5g4
BLACK
14,14,14,14,5,14,14,14,0,3,14,14,10,14,1,14,2,14,14,14,14,14,0,3,14,14,0,14,14,0,12,0,14,8,14,14,8,14,8,8,14,14,14,9,14,14,14,11,11,14,14,13,14,8,14,14,14,9,14,14,14,10,14,14,0,0,0,0,-1,
0,4,7,0.0494625,0,4,49,0.0417199,1,1,0,0.0494625,1,1,1,0.0494626,1,1,2,0.0417199,1,1,14,0.0494625,1,1,15,0.0494625,1,1,16,0.0494625,1,1,28,0.0494626,1,6,59,0.0417199,2,0,7,0.0494626,2,0,8,0.0494626,2,0,9,0.0417199,2,7,28,0.0494625,2,7,29,0.0494625,3,2,0,0.0494626,3,2,49,0.0494625,3,5,0,0.0494625,3,5,7,0.0494625,3,5,49,0.0417199,3,7,49,0.0494625,
a3d6 (capture)
WHITE
14,14,2,14,14,14,1,14,14,14,0,14,5,14,14,3,3,14,14,14,10,14,14,14,0,0,14,0,14,14,0,14,8,4,8,14,14,8,14,14,11,8,14,14,14,14,14,14,14,9,14,2,14,14,11,8,14,14,14,13,14,14,14,14,0,0,0,0,-1,
0,2,7,0.0214292,0,2,8,0.0214292,0,2,49,0.0214293,0,6,57,0.0214292,0,6,58,0.0214292,1,2,0,0.0214292,1,2,1,0.0214292,1,4,0,0.0214292,1,4,7,0.0214292,1,4,21,0.0214293,1,4,28,0.0214293,1,4,35,0.0214293,1,4,49,0.0214293,1,7,0,0.0214292,1,7,1,0.0214293,1,7,2,0.0214293,1,7,3,0.0214292,1,7,4,0.0214293,1,7,28,0.0214293,1,7,42,0.0303502,1,7,43,0.0303502,2,0,14,0.0214293,2,0,15,0.0214292,2,0,16,0.0214293,2,0,17,0.0214292,2,0,28,0.0214293,2,0,29,0.0214293,3,1,7,0.0214292,3,1,49,0.0214292,3,3,0,0.0214293,3,3,49,0.0214292,3,6,0,0.0214292,3,6,49,0.0303502,4,1,0,0.0214292,4,1,7,0.0214293,4,1,14,0.0214292,4,1,21,0.0214293,4,1,22,0.0303502,4,1,42,0.0214292,4,1,49,0.0214292,6,3,7,0.0214292,6,3,21,0.0214293,6,3,22,0.0214292,6,3,35,0.0214292,6,3,49,0.0214293,
b8a6
BLACK
14,14,14,14,5,14,14,14,0,3,14,14,10,14,1,14,14,14,14,14,14,14,0,3,14,14,0,14,14,0,12,0,14,8,14,14,8,14,8,8,9,14,14,2,14,14,14,11,11,14,14,13,14,8,14,14,14,14,14,14,14,10,14,14,0,0,0,0,-1,
0,4,7,0.0294913,0,4,49,0.0294913,1,0,0,0.0370671,1,0,1,0.0370671,1,1,0,0.0370671,1,1,1,0.0370671,1,1,2,0.0294913,1,1,14,0.0370671,1,1,15,0.0370671,1,1,16,0.0370671,1,1,28,0.0370671,1,6,59,0.0294913,2,7,28,0.0370671,2,7,29,0.0370671,3,2,0,0.0370671,3,2,49,0.0370671,3,5,0,0.0370671,3,5,7,0.0370671,3,5,49,0.0294913,3,7,49,0.0370671,5,3,7,0.0370671,5,3,8,0.0370671,5,3,21,0.0370671,5,3,35,0.0370671,5,3,36,0.0370671,5,3,37,0.0370671,5,3,49,0.0370671,5,3,50,0.0370671,
h3h2
WHITE
14,14,2,14,14,14,14,14,14,14,0,14,5,14,14,3,3,14,14,14,10,14,14,1,0,0,14,0,14,14,0,14,8,4,8,14,14,8,14,14,14,8,14,14,14,14,14,14,11,9,14,2,14,14,11,8,14,14,14,13,14,14,14,14,0,0,0,0,-1,
0,2,7,0.0246729,0,2,8,0.0174207,0,2,49,0.0246729,1,2,0,0.0246729,1,2,1,0.0174206,1,4,0,0.0246729,1,4,7,0.0246729,1,4,21,0.0246729,1,4,28,0.0246729,1,4,35,0.0246729,1,4,49,0.0246729,1,7,28,0.0246729,1,7,42,0.0246729,1,7,43,0.0246729,2,0,14,0.0246729,2,0,15,0.0246729,2,0,16,0.0246729,2,0,17,0.0246729,2,0,28,0.0246729,2,0,29,0.0246729,2,7,58,0.0246729,2,7,59,0.0246729,2,7,60,0.0246729,2,7,61,0.0246729,3,1,7,0.0246729,3,1,49,0.0246729,3,3,0,0.0246729,3,3,49,0.0246729,3,6,0,0.0174206,3,6,49,0.0246729,4,1,0,0.0246729,4,1,7,0.0246729,4,1,14,0.0246729,4,1,21,0.0246729,4,1,22,0.0246729,4,1,42,0.0174207,4,1,49,0.0246729,6,3,7,0.0246729,6,3,21,0.0246729,6,3,22,0.0174207,6,3,35,0.0246729,6,3,49,0.0246729,
a6b8
BLACK
14,14,14,14,5,14,14,14,0,3,14,14,10,14,1,3,14,14,14,14,14,14,0,14,14,14,0,14,14,0,12,0,14,8,14,14,8,14,8,8,14,14,14,2,14,14,14,11,11,14,14,13,14,8,14,14,14,9,14,14,14,10,14,14,0,0,0,0,-1,
0,4,7,0.0370671,0,4,49,0.0294913,1,0,0,0.0370671,1,0,1,0.0370671,1,1,0,0.0370671,1,1,1,0.0370671,1,1,2,0.0294913,1,1,14,0.0370671,1,1,15,0.0370671,1,1,16,0.0370671,1,1,28,0.0370671,1,6,59,0.0294913,1,7,0,0.0294913,1,7,28,0.0370671,3,2,0,0.0370671,3,2,49,0.0370671,3,5,0,0.0370671,3,5,7,0.0370671,3,5,49,0.0294913,3,7,49,0.0370671,5,3,7,0.0370671,5,3,8,0.0370671,5,3,21,0.0370671,5,3,35,0.0370671,5,3,36,0.0370671,5,3,37,0.0370671,5,3,49,0.0370671,5,3,50,0.0370671,
b2d2
WHITE
14,14,2,14,14,14,1,14,14,14,0,14,5,14,14,3,3,14,14,14,10,14,14,14,0,0,14,0,14,14,0,14,8,4,8,14,14,8,14,14,14,8,14,14,14,14,14,14,11,9,14,2,11,14,14,8,14,14,14,13,14,14,14,14,0,0,0,0,-1,
0,2,7,0.0199026,0,2,8,0.0199026,0,2,49,0.0199027,0,6,57,0.0199027,0,6,58,0.0199027,1,2,0,0.0199028,1,2,1,0.0199027,1,4,7,0.0281881,1,4,21,0.0199028,1,4,28,0.0199027,1,4,35,0.0199027,1,4,49,0.0199027,1,7,0,0.0199027,1,7,1,0.0199027,1,7,2,0.0281881,1,7,3,0.0199026,1,7,4,0.0281881,1,7,28,0.0199027,1,7,42,0.0281881,1,7,43,0.0281881,2,0,14,0.0281881,2,0,15,0.0199027,2,0,16,0.0281881,2,0,17,0.0199027,2,0,28,0.0199027,2,0,29,0.0281881,3,1,7,0.0199027,3,1,49,0.0199027,3,3,0,0.0199027,3,3,49,0.0199026,3,6,0,0.0199026,3,6,49,0.0281881,4,1,0,0.0281881,4,1,7,0.0199027,4,1,14,0.0199026,4,1,21,0.0281881,4,1,22,0.0281881,4,1,42,0.0199027,4,1,49,0.0199027,6,3,7,0.0281881,6,3,21,0.0199027,6,3,22,0.0199026,6,3,35,0.0281881,6,3,49,0.0281881,
e5e4
BLACK
14,14,14,14,5,14,14,14,0,14,14,3,10,14,1,3,14,14,14,14,14,14,0,14,14,14,0,14,8,0,12,0,14,8,14,14,14,14,8,8,14,14,14,2,14,14,14,11,11,14,14,13,14,8,14,14,14,9,14,14,14,10,14,14,0,0,0,0,-1,
0,4,7,0.0368478,1,0,0,0.0368478,1,0,1,0.0368478,1,3,0,0.0368478,1,3,1,0.0368478,1,3,2,0.0368478,1,3,14,0.0368478,1,3,28,0.0368478,1,3,42,0.0368478,1,3,43,0.0368478,1,6,59,0.0368478,1,7,0,0.0368478,1,7,28,0.0368478,3,2,0,0.0368477,3,2,49,0.0368477,3,5,0,0.0452394,3,5,7,0.0368478,3,7,49,0.0368477,5,3,7,0.0452394,5,3,8,0.0368478,5,3,21,0.0368478,5,3,35,0.0368478,5,3,36,0.0368478,5,3,37,0.0452394,5,3,49,0.0452394,5,3,50,0.0452394,
e1f2
WHITE
14,14,2,14,14,14,1,14,14,14,0,14,5,14,14,3,3,14,14,14,10,14,14,14,0,0,14,14,14,14,0,14,8,4,8,0,14,8,14,14,14,8,14,14,14,14,14,14,11,9,13,2,11,14,14,8,14,14,14,14,14,14,14,14,0,0,0,0,-1,
0,2,7,0.0184506,0,2,8,0.0184506,0,2,49,0.0261316,0,6,57,0.0184506,0,6,58,0.0184506,1,2,0,0.0261316,1,2,1,0.0184506,1,4,7,0.0261316,1,4,21,0.0261315,1,4,28,0.0261316,1,4,35,0.0261316,1,4,49,0.0184506,1,7,0,0.0184506,1,7,1,0.0184506,1,7,2,0.0261316,1,7,3,0.0184506,1,7,4,0.0261316,1,7,28,0.0261316,1,7,42,0.0261316,1,7,43,0.0261316,2,0,14,0.0261316,2,0,15,0.0184506,2,0,16,0.0261316,2,0,17,0.0184506,2,0,28,0.0261316,2,0,29,0.0261316,3,1,7,0.0184506,3,1,49,0.0184507,3,6,0,0.0184506,3,6,49,0.0261316,4,1,0,0.0261316,4,1,7,0.048412,4,1,14,0.0184506,4,1,21,0.0261316,4,1,22,0.0261316,4,1,42,0.0184506,4,1,49,0.0261316,4,3,0,0.0184506,6,3,7,0.0261316,6,3,21,0.0184506,6,3,22,0.0184506,6,3,35,0.0261316,6,3,49,0.0261316,
b8a6
BLACK
14,14,14,14,14,14,14,14,0,14,14,3,10,5,1,3,14,14,14,14,14,14,0,14,14,14,0,14,8,0,12,0,14,8,14,14,14,14,8,8,9,14,14,2,14,14,14,11,11,14,14,13,14,8,14,14,14,14,14,14,14,10,14,14,0,0,0,0,-1,
1,0,0,0.0327426,1,0,1,0.0327426,1,3,0,0.0327425,1,3,1,0.0327426,1,3,2,0.0327425,1,3,14,0.0327426,1,3,28,0.0327426,1,3,42,0.0327425,1,3,43,0.0327426,1,5,21,0.0327425,1,5,35,0.0327426,1,5,49,0.0327426,1,6,59,0.0327426,1,6,60,0.0327425,1,7,0,0.0327426,1,7,28,0.0327426,3,2,0,0.0327426,3,2,49,0.0327426,3,5,0,0.0411535,3,5,7,0.0411535,3,7,49,0.0327426,5,3,7,0.0411535,5,3,8,0.0327426,5,3,21,0.0327426,5,3,35,0.0327426,5,3,36,0.0327426,5,3,37,0.0411535,5,3,49,0.0411535,5,3,50,0.0411535,
f4g5 (capture)
WHITE
14,14,2,14,14,14,14,14,14,14,0,14,5,14,14,3,3,14,14,14,10,14,14,1,0,8,14,14,14,14,0,14,8,4,14,0,14,8,14,14,14,8,14,14,14,14,14,14,11,9,13,2,11,14,14,8,14,14,14,14,14,14,14,14,0,0,0,0,-1,
0,2,7,0.019605,0,2,8,0.0196049,0,2,49,0.0270031,1,2,0,0.0270031,1,2,1,0.0196049,1,4,7,0.0270031,1,4,21,0.027003,1,4,28,0.0270031,1,4,35,0.0270031,1,4,49,0.027003,1,7,28,0.0270031,1,7,42,0.0270031,1,7,43,0.0270031,2,0,14,0.0270031,2,0,15,0.0196049,2,0,16,0.0270031,2,0,17,0.0270031,2,0,28,0.0270031,2,0,29,0.0270031,2,7,58,0.027003,2,7,59,0.0196049,2,7,60,0.0270031,2,7,61,0.0270031,3,6,0,0.019605,3,6,49,0.0270031,4,1,0,0.0270031,4,1,7,0.0478636,4,1,14,0.019605,4,1,21,0.0270031,4,1,22,0.0270031,4,1,28,0.0270031,4,1,42,0.019605,4,1,49,0.0270031,4,3,0,0.019605,6,3,7,0.0270031,6,3,21,0.0270031,6,3,22,0.019605,6,3,35,0.0270031,6,3,49,0.0270031,
g4f3
BLACK
14,14,14,14,14,14,14,14,0,14,14,3,10,5,1,3,14,14,14,14,14,12,0,14,14,14,0,14,8,14,14,0,14,8,14,14,14,14,0,8,9,14,14,2,14,14,14,11,11,14,14,13,14,8,14,14,14,14,14,14,14,10,14,14,0,0,0,0,-1,
1,5,21,0.504008,1,5,35,0.495992,
f2e1
WHITE
14,14,2,14,14,14,14,14,14,14,0,14,5,14,14,3,3,14,14,14,10,14,14,1,0,8,14,14,14,14,0,14,8,14,14,0,14,8,14,14,14,8,4,14,14,14,14,14,11,9,14,2,11,14,14,8,14,14,14,13,14,14,14,14,0,0,0,0,-1,
0,2,7,0.0128549,0,2,8,0.0128549,0,2,49,0.0128549,1,2,0,0.0128549,1,2,1,0.0128549,1,4,7,0.0128549,1,4,21,0.0128549,1,4,28,0.0128549,1,4,35,0.0128549,1,4,49,0.0128549,1,7,28,0.0128549,1,7,42,0.0182064,1,7,43,0.0182064,2,0,14,0.0182064,2,0,15,0.0128549,2,0,16,0.0182064,2,0,17,0.0128549,2,0,28,0.0128549,2,0,29,0.0128549,2,7,58,0.0128549,2,7,59,0.0128549,2,7,60,0.0128549,2,7,61,0.0128549,3,6,0,0.0128549,3,6,49,0.0182064,4,3,0,0.0128549,5,2,0,0.0128549,5,2,1,0.401228,5,2,14,0.0182064,5,2,15,0.0128549,5,2,16,0.0128549,5,2,17,0.0128549,5,2,18,0.0182064,5,2,28,0.0128549,5,2,29,0.0182064,5,2,30,0.0182064,5,2,35,0.0128549,5,2,42,0.0128549,5,2,49,0.0182064,6,3,7,0.0182064,6,3,21,0.0128549,6,3,22,0.0128549,6,3,49,0.0128549,
f3f1
BLACK
-1 WINNER!
