3,1,2,4,5,2,1,3,0,0,0,0,0,0,0,0,14,14,14,14,14,14,14,14,14,14,14,14,14,14,14,14,14,14,14,14,14,14,14,14,14,14,14,14,14,14,14,14,8,8,8,8,8,8,8,8,11,9,10,12,13,10,9,11,1,1,1,1,-1,
0,1,57,0.0501002,0,1,58,0.0501002,0,6,57,0.0501002,0,6,58,0.0501002,1,0,0,0.0501002,1,0,1,0.0501002,1,1,0,0.0501002,1,1,1,0.0501002,1,2,0,0.0501002,1,2,1,0.0501002,1,3,0,0.0501002,1,3,1,0.0501002,1,4,0,0.0501002,1,4,1,0.0480961,1,5,0,0.0501002,1,5,1,0.0501002,1,6,0,0.0501002,1,6,1,0.0501002,1,7,0,0.0501002,1,7,1,0.0501002,
d2d3
WHITE
3,1,2,5,4,2,1,3,0,0,0,0,0,0,0,0,14,14,14,14,14,14,14,14,14,14,14,14,14,14,14,14,14,14,14,14,14,14,14,14,14,14,14,14,8,14,14,14,8,8,8,8,14,8,8,8,11,9,10,13,12,10,9,11,1,1,1,1,-1,
0,1,57,0.0501002,0,1,58,0.0501002,0,6,57,0.0501002,0,6,58,0.0501002,1,0,0,0.0501002,1,0,1,0.0501002,1,1,0,0.0501002,1,1,1,0.0501002,1,2,0,0.0501002,1,2,1,0.0501002,1,3,0,0.0501002,1,3,1,0.0501002,1,4,0,0.0501002,1,4,1,0.0480961,1,5,0,0.0501002,1,5,1,0.0501002,1,6,0,0.0501002,1,6,1,0.0501002,1,7,0,0.0501002,1,7,1,0.0501002,
b7b6
BLACK
3,1,2,4,5,2,1,3,0,0,0,14,0,0,0,0,14,14,14,0,14,14,14,14,14,14,14,14,14,14,14,14,14,14,14,14,14,14,14,14,14,8,14,14,14,14,14,14,8,14,8,8,8,8,8,8,11,9,10,12,13,10,9,11,1,1,1,1,-1,
0,1,56,0.0380761,0,1,57,0.0360721,0,1,58,0.0380761,0,2,7,0.0360721,0,2,8,0.0380762,0,2,9,0.0380761,0,2,10,0.0380762,0,2,11,0.0380761,0,3,0,0.0360721,0,4,49,0.0360722,0,6,57,0.0360721,0,6,58,0.0360721,1,0,0,0.0380762,1,0,1,0.0360722,1,1,0,0.0380761,1,1,1,0.0380761,1,2,0,0.0360722,1,2,1,0.0380761,1,4,0,0.0380762,1,4,1,0.0360721,1,5,0,0.0360721,1,5,1,0.0360722,1,6,0,0.0380761,1,6,1,0.0380761,1,7,0,0.0360721,1,7,1,0.0360721,2,3,0,0.0360721,
b2b4
WHITE
3,1,2,5,4,2,1,3,0,0,0,0,0,0,14,0,14,14,14,14,14,14,0,14,14,14,14,14,14,14,14,14,14,14,14,14,14,14,8,14,14,14,14,14,8,14,14,14,8,8,8,8,14,8,14,8,11,9,10,13,12,10,9,11,1,1,1,1,46,
0,1,57,0.0480962,0,1,58,0.0480962,0,5,7,0.0480962,0,5,8,0.0460922,0,6,57,0.0460922,0,6,58,0.0480962,1,0,0,0.0480962,1,0,1,0.0480962,1,1,0,0.0480962,1,1,1,0.0480962,1,2,0,0.0480962,1,2,1,0.0480962,1,3,0,0.0480962,1,3,1,0.0480962,1,4,0,0.0480962,1,4,1,0.0460922,1,5,0,0.0480962,1,5,1,0.0460922,1,7,0,0.0460922,1,7,1,0.0480962,2,6,0,0.0480962,
c8a6
BLACK
3,1,2,4,5,2,1,3,0,14,0,14,0,0,0,0,14,14,14,0,14,14,14,14,14,0,14,14,14,14,14,14,14,14,14,14,14,14,14,14,10,8,14,14,14,14,14,14,8,14,8,8,8,8,8,8,11,9,14,12,13,10,9,11,1,1,1,1,-1,
0,1,56,0.0360722,0,1,57,0.0360721,0,1,58,0.0360722,0,2,7,0.0340681,0,2,8,0.0360721,0,2,9,0.0360721,0,2,10,0.0360722,0,2,11,0.0360722,0,2,49,0.0360721,0,2,50,0.0360721,0,3,0,0.0360722,0,4,49,0.0360721,0,6,57,0.0360721,0,6,58,0.0360721,1,0,0,0.0360721,1,0,1,0.0360721,1,2,0,0.0360721,1,2,1,0.0360721,1,4,0,0.0360721,1,4,1,0.0340682,1,5,0,0.0360722,1,5,1,0.0340681,1,6,0,0.0360721,1,6,1,0.0360721,1,7,0,0.0360721,1,7,1,0.0360722,2,3,0,0.0340681,3,1,0,0.0340681,
d1d2
WHITE
3,1,2,5,4,14,1,3,0,0,0,0,0,0,14,0,14,14,14,14,14,14,0,2,14,14,14,14,14,14,14,14,14,14,14,14,14,14,8,14,14,14,14,14,8,14,14,14,8,8,8,8,12,8,14,8,11,9,10,13,14,10,9,11,1,1,1,1,-1,
0,1,57,0.0440882,0,1,58,0.0460922,0,4,14,0.0460922,0,6,58,0.0440882,1,0,0,0.0460922,1,0,1,0.0460922,1,1,0,0.0460922,1,1,1,0.0460922,1,2,0,0.0440882,1,2,1,0.0460922,1,3,0,0.0460922,1,3,1,0.0460922,1,4,0,0.0460922,1,4,1,0.0440881,1,5,0,0.0440882,1,5,1,0.0440882,2,6,0,0.0460922,2,7,35,0.0460922,2,7,36,0.0460922,2,7,49,0.0440882,2,7,50,0.0460922,2,7,51,0.0460922,
b6b5
BLACK
3,1,2,14,5,2,1,3,0,14,0,4,0,0,0,0,14,14,14,0,14,14,14,14,14,0,14,14,14,14,14,14,14,8,14,14,14,14,14,14,10,14,14,14,14,14,14,14,8,14,8,8,8,8,8,8,11,9,14,12,13,10,9,11,1,1,1,1,-1,
0,1,57,0.0380762,0,1,58,0.0380762,0,2,49,0.0380761,0,2,50,0.0380762,0,4,42,0.0380761,0,6,57,0.0380762,0,6,58,0.0380762,1,0,0,0.0400802,1,0,1,0.0380761,1,2,0,0.0380762,1,2,1,0.0400802,1,3,7,0.0380761,1,3,8,0.0400802,1,3,9,0.0380761,1,3,10,0.0380762,1,3,28,0.0380761,1,3,49,0.0400802,1,4,0,0.0380762,1,4,1,0.0380762,1,5,0,0.0380762,1,5,1,0.0380762,1,6,0,0.0400802,1,6,1,0.0380762,1,7,0,0.0380762,1,7,1,0.0380762,2,3,0,0.0380761,
b1a3
WHITE
3,1,2,5,4,14,1,3,0,0,0,0,0,0,14,0,14,14,14,14,14,14,14,2,14,14,14,14,14,14,0,14,14,14,14,14,14,14,8,14,14,14,14,14,8,14,14,9,8,8,8,8,12,8,14,8,11,9,10,13,14,10,14,11,1,1,1,1,-1,
0,1,57,0.0541082,0,1,58,0.0561122,0,4,14,0.0561122,0,6,58,0.0561122,1,0,0,0.0561122,1,0,1,0.0561122,1,1,0,0.0561122,1,1,1,0.0561122,1,2,0,0.0541083,1,2,1,0.0561122,1,3,0,0.0561122,1,3,1,0.0561122,1,4,0,0.0561122,1,4,1,0.0541083,1,5,0,0.0541083,1,5,1,0.0541082,2,7,35,0.0561122,2,7,36,0.0561122,
d8c8
BLACK
3,14,2,14,5,2,1,3,0,14,0,4,0,0,0,0,1,14,14,0,14,14,14,14,14,0,14,14,14,14,14,14,14,8,14,14,14,14,14,14,10,14,14,14,14,14,14,14,8,14,8,8,8,8,8,8,11,9,12,14,13,10,9,11,1,1,1,1,-1,
0,0,14,0.0400802,0,2,49,0.0400801,0,4,42,0.0400802,0,6,57,0.0400802,0,6,58,0.0400801,1,2,0,0.0400802,1,2,1,0.0400802,1,3,7,0.0400801,1,3,8,0.0400802,1,3,9,0.0400802,1,3,10,0.0400802,1,3,28,0.0400801,1,3,49,0.0400801,1,4,0,0.0400802,1,4,1,0.0400801,1,5,0,0.0400802,1,5,1,0.0400802,1,6,0,0.0400802,1,6,1,0.0400801,1,7,0,0.0400801,1,7,1,0.0400802,2,0,56,0.0400802,2,0,57,0.0400802,2,0,62,0.0400802,2,3,0,0.0380762,
c1b2
WHITE
3,1,2,5,14,4,1,3,0,0,0,0,0,0,14,0,14,14,14,14,14,14,14,2,14,14,14,14,14,14,0,14,14,14,14,14,14,14,8,14,14,14,14,14,8,14,14,9,8,8,8,8,12,8,10,8,11,9,10,13,14,14,14,11,1,1,1,1,-1,
0,1,57,0.0521042,0,1,58,0.0521042,0,3,14,0.0521042,0,5,7,0.0541082,0,5,42,0.0521042,0,6,58,0.0521042,1,0,0,0.0541082,1,0,1,0.0521042,1,1,0,0.0521042,1,1,1,0.0521042,1,2,0,0.0521042,1,2,1,0.0541082,1,3,0,0.0541082,1,3,1,0.0521042,1,4,0,0.0521042,1,4,1,0.0521042,1,5,0,0.0521042,1,5,1,0.0521042,2,7,35,0.0541082,
h7h6
BLACK
3,14,14,14,5,2,1,3,0,2,0,4,0,0,0,0,1,14,14,0,14,14,14,14,14,0,14,14,14,14,14,14,14,8,14,14,14,14,14,14,10,14,14,14,14,14,14,8,8,14,8,8,8,8,8,14,11,9,12,14,13,10,9,11,1,1,1,1,-1,
0,0,14,0.0300601,0,0,15,0.0280561,0,0,16,0.0300601,0,4,42,0.0280561,0,4,43,0.0300601,0,6,57,0.0280561,0,6,58,0.0300601,1,1,7,0.0280561,1,1,8,0.0300601,1,1,9,0.0300601,1,1,10,0.0300601,1,1,11,0.0300601,1,1,21,0.0280561,1,2,0,0.0300601,1,2,1,0.0300601,1,3,7,0.0300601,1,3,8,0.0300601,1,3,9,0.0300601,1,3,10,0.0280561,1,3,28,0.0300601,1,3,35,0.0300601,1,3,49,0.0300601,1,4,0,0.0300601,1,4,1,0.0280561,1,5,0,0.0280561,1,5,1,0.0280561,1,6,0,0.0300601,1,6,1,0.0300601,1,7,0,0.0280561,1,7,1,0.0300601,2,0,56,0.0300601,2,0,57,0.0300601,2,0,62,0.0300601,2,3,0,0.0280561,
a1d1
WHITE
3,1,2,5,14,4,1,3,14,0,0,0,0,0,14,0,0,14,14,14,14,14,14,2,14,14,14,14,14,14,0,14,14,14,14,14,14,14,8,14,14,14,14,14,8,14,14,9,8,8,8,8,12,8,10,8,11,9,10,13,11,14,14,14,1,1,1,0,-1,
0,0,0,0.0561122,0,1,57,0.0541082,0,3,14,0.0561122,0,5,7,0.0561122,0,5,42,0.0561122,0,6,58,0.0561122,1,1,0,0.0561122,1,1,1,0.0561122,1,2,0,0.0541083,1,2,1,0.0561122,1,3,0,0.0561122,1,3,1,0.0561122,1,4,0,0.0561122,1,4,1,0.0541083,1,5,0,0.0541083,1,5,1,0.0541082,2,0,0,0.0561122,2,7,35,0.0561122,
c8d8
BLACK
14,14,14,3,5,2,1,3,0,2,0,4,0,0,0,0,1,14,14,0,14,14,14,14,14,0,14,14,14,14,14,14,14,8,14,14,14,14,14,14,10,14,14,14,14,14,14,8,8,14,8,8,8,8,8,14,11,9,14,12,13,10,9,11,1,0,1,1,-1,
0,3,42,0.0320641,0,3,43,0.0320641,0,3,44,0.0320641,0,6,57,0.0300601,0,6,58,0.0320641,1,1,7,0.0300601,1,1,8,0.0320642,1,1,9,0.0320641,1,1,10,0.0320641,1,1,11,0.0320641,1,1,21,0.0300601,1,1,35,0.0320641,1,2,0,0.0300601,1,2,1,0.0320642,1,3,7,0.0300601,1,3,8,0.0320641,1,3,9,0.0300601,1,3,10,0.0300601,1,3,35,0.0320641,1,3,49,0.0320641,1,4,0,0.0320642,1,4,1,0.0300601,1,5,0,0.0300601,1,5,1,0.0300601,1,6,0,0.0320641,1,6,1,0.0320641,1,7,0,0.0300601,1,7,1,0.0300601,2,0,56,0.0320641,2,0,57,0.0320641,2,0,62,0.0320641,2,3,0,0.0300601,
d1c1
WHITE
3,1,2,5,4,14,1,3,14,0,0,0,0,0,14,0,0,14,14,14,14,14,14,2,14,14,14,14,14,14,0,14,14,14,14,14,14,14,8,14,14,14,14,14,8,14,14,9,8,8,8,8,12,8,10,8,11,9,10,13,14,11,14,14,1,1,1,0,-1,
0,0,0,0.0581162,0,1,57,0.0581163,0,4,14,0.0581163,0,6,58,0.0581163,1,1,0,0.0601202,1,1,1,0.0581163,1,2,0,0.0581162,1,2,1,0.0601202,1,3,0,0.0601202,1,3,1,0.0581163,1,4,0,0.0581162,1,4,1,0.0581162,1,5,0,0.0581163,1,5,1,0.0581163,2,0,0,0.0601202,2,7,35,0.0601202,2,7,36,0.0601202,
a6c8
BLACK
14,14,3,14,5,2,1,3,0,2,0,4,0,0,0,0,1,14,14,0,14,14,14,14,14,0,14,14,14,14,14,14,14,8,14,14,14,14,14,14,14,14,14,14,14,14,14,8,8,14,8,8,8,8,8,14,11,9,10,12,13,10,9,11,1,0,1,1,-1,
0,2,14,0.0320642,0,2,42,0.0320641,0,2,43,0.0320641,0,4,42,0.0300601,0,6,57,0.0300601,0,6,58,0.0320641,1,1,7,0.0300601,1,1,8,0.0320641,1,1,9,0.0320641,1,1,10,0.0320641,1,1,11,0.0320641,1,1,35,0.0320641,1,2,0,0.0300601,1,2,1,0.0320641,1,3,7,0.0300601,1,3,8,0.0320641,1,3,9,0.0300601,1,3,10,0.0300601,1,3,28,0.0320641,1,3,49,0.0320641,1,4,0,0.0320642,1,4,1,0.0300601,1,5,0,0.0300601,1,5,1,0.0300601,1,6,0,0.0320641,1,6,1,0.0320641,1,7,0,0.0300601,1,7,1,0.0300601,2,0,56,0.0320641,2,0,57,0.0320642,2,0,62,0.0320641,2,3,0,0.0300601,
g2g3
WHITE
3,1,2,5,4,2,1,3,14,0,0,0,0,0,14,0,0,14,14,14,14,14,14,14,14,14,14,14,14,14,0,14,14,14,14,14,14,14,8,14,14,8,14,14,8,14,14,9,8,14,8,8,12,8,10,8,11,9,10,13,14,11,14,14,1,1,1,0,-1,
0,0,0,0.0521042,0,1,57,0.0521042,0,5,7,0.0541082,0,5,8,0.0521042,0,6,57,0.0521042,0,6,58,0.0521042,1,1,0,0.0541082,1,1,1,0.0521042,1,2,0,0.0521042,1,2,1,0.0541082,1,3,0,0.0541082,1,3,1,0.0521042,1,4,0,0.0521042,1,4,1,0.0521042,1,5,0,0.0521042,1,5,1,0.0521042,1,7,0,0.0521042,1,7,1,0.0521042,2,0,0,0.0541082,
b8a6
BLACK
14,14,3,14,5,2,1,3,0,2,0,4,0,0,14,0,1,14,14,0,14,14,0,14,14,0,14,14,14,14,14,14,14,8,14,14,14,14,14,14,9,14,14,14,14,14,14,8,8,14,8,8,8,8,8,14,11,14,10,12,13,10,9,11,1,0,1,1,-1,
0,2,14,0.0300601,0,2,42,0.0320641,0,2,43,0.0320641,0,4,42,0.0300601,0,5,7,0.0300601,0,5,8,0.0300601,0,6,57,0.0300601,0,6,58,0.0300601,1,1,7,0.0300601,1,1,8,0.0300601,1,1,9,0.0300601,1,1,10,0.0300601,1,1,11,0.0300601,1,1,35,0.0300601,1,2,0,0.0300601,1,2,1,0.0300601,1,3,7,0.0300601,1,3,8,0.0300601,1,3,9,0.0300601,1,3,10,0.0300601,1,3,28,0.0300601,1,3,49,0.0300601,1,4,0,0.0300601,1,4,1,0.0300601,1,5,0,0.0300601,1,5,1,0.0300601,1,7,0,0.0300601,1,7,1,0.0300601,2,0,56,0.0300601,2,0,57,0.0320642,2,0,62,0.0320641,2,3,0,0.0300601,2,6,0,0.0300601,
a3b1
WHITE
3,1,2,5,4,2,14,3,14,0,0,0,0,0,14,0,0,14,14,14,14,14,14,1,14,14,14,14,14,14,0,14,14,14,14,14,14,14,8,14,14,8,14,14,8,14,14,14,8,14,8,8,12,8,10,8,11,9,10,13,14,11,9,14,1,1,1,0,-1,
0,0,0,0.0561122,0,1,57,0.0541083,0,5,7,0.0561122,0,7,42,0.0541083,1,1,0,0.0561122,1,1,1,0.0561122,1,2,0,0.0561122,1,2,1,0.0561122,1,3,0,0.0561122,1,3,1,0.0561122,1,4,0,0.0561122,1,4,1,0.0541082,1,5,0,0.0541082,1,5,1,0.0541083,2,0,0,0.0561122,2,7,58,0.0561122,2,7,59,0.0561122,2,7,61,0.0561122,
d7d5
BLACK
14,1,3,14,5,2,1,3,0,2,0,4,0,0,14,0,14,14,14,0,14,14,0,14,14,0,14,14,14,14,14,14,14,8,14,8,14,14,14,14,9,14,14,14,14,14,14,8,8,14,8,14,8,8,8,14,11,14,10,12,13,10,9,11,1,0,1,1,43,
0,1,57,0.0300601,0,1,58,0.0300601,0,2,14,0.0320641,0,4,42,0.0300601,0,5,7,0.0300601,0,5,8,0.0300601,0,6,57,0.0300601,0,6,58,0.0300601,1,0,0,0.0300601,1,0,1,0.0300601,1,1,7,0.0300601,1,1,8,0.0320641,1,1,9,0.0320641,1,1,10,0.0300601,1,1,11,0.0300601,1,1,35,0.0300601,1,1,49,0.0300601,1,2,0,0.0300601,1,2,1,0.0300601,1,3,7,0.0300601,1,3,8,0.0300601,1,3,9,0.0300601,1,3,10,0.0300601,1,3,28,0.0300601,1,3,49,0.0300601,1,4,0,0.0300601,1,4,1,0.0300601,1,5,0,0.0300601,1,5,1,0.0300601,1,7,0,0.0300601,1,7,1,0.0300601,2,3,0,0.0300601,2,6,0,0.0320642,
b2c3
WHITE
3,1,2,5,4,2,14,3,14,0,0,0,14,0,14,0,0,14,14,14,14,14,14,1,14,14,14,14,0,14,0,14,14,14,14,14,14,14,8,14,14,8,14,14,8,10,14,14,8,14,8,8,12,8,14,8,11,9,10,13,14,11,9,14,1,1,1,0,-1,
0,0,0,0.0400801,0,1,57,0.0400802,0,3,7,0.0400802,0,4,0,0.0400802,0,4,1,0.0400802,0,5,7,0.0400802,0,5,49,0.0400802,0,5,50,0.0400802,0,5,51,0.0400801,0,5,52,0.0400802,0,5,53,0.0400801,0,7,42,0.0380762,1,1,0,0.0400801,1,1,1,0.0400801,1,2,0,0.0400801,1,2,1,0.0400802,1,3,0,0.0400802,1,3,1,0.0400801,1,5,0,0.0400802,1,5,1,0.0400801,2,0,0,0.0400802,2,7,58,0.0400802,2,7,59,0.0400802,2,7,61,0.0400802,3,4,0,0.0400802,
d8d7
BLACK
14,1,3,14,5,2,1,3,0,14,0,4,0,0,14,0,14,14,2,0,14,14,0,14,14,0,14,14,14,14,14,14,14,8,14,8,14,14,14,14,9,14,14,14,14,14,14,8,8,14,8,12,8,8,8,14,11,14,10,14,13,10,9,11,1,0,1,1,-1,
0,1,58,0.0360722,0,2,14,0.0360721,0,4,42,0.0340682,0,5,7,0.0360721,0,5,8,0.0360721,0,6,57,0.0340681,0,6,58,0.0360721,1,0,0,0.0360721,1,0,1,0.0360722,1,3,7,0.0360721,1,3,8,0.0360721,1,3,9,0.0360721,1,3,10,0.0360722,1,3,28,0.0360722,1,4,0,0.0360722,1,4,1,0.0340681,1,5,0,0.0360721,1,5,1,0.0340681,1,7,0,0.0360721,1,7,1,0.0360722,2,2,7,0.0360721,2,2,8,0.0360721,2,2,9,0.0360721,2,2,10,0.0360721,2,2,35,0.0360721,2,2,36,0.0360722,2,3,0,0.0340681,2,6,0,0.0360721,
f1h3
WHITE
3,1,2,5,14,2,14,3,14,0,0,0,4,0,14,0,0,14,14,14,14,14,14,1,14,14,14,14,0,14,0,14,14,14,14,14,14,14,8,14,10,8,14,14,8,10,14,14,8,14,8,8,12,8,14,8,11,9,14,13,14,11,9,14,1,1,1,0,-1,
0,0,0,0.0400802,0,1,57,0.0400801,0,3,14,0.0400802,0,5,7,0.0400802,0,7,42,0.0400801,1,1,0,0.0400801,1,1,1,0.0400801,1,2,0,0.0400802,1,2,1,0.0400802,1,3,0,0.0400802,1,3,1,0.0400801,1,4,0,0.0400801,1,4,7,0.0400802,1,4,28,0.0400802,1,4,49,0.0400802,1,4,50,0.0400802,1,4,51,0.0380762,1,4,52,0.0400802,1,5,0,0.0400802,1,5,1,0.0400802,2,0,0,0.0400802,2,7,58,0.0400801,2,7,59,0.0400801,2,7,61,0.0400802,3,4,0,0.0400802,
e8d8
BLACK
14,1,3,14,5,14,1,3,0,14,0,4,0,0,14,0,14,14,2,0,14,14,0,2,14,0,14,14,14,14,14,14,14,8,14,8,14,14,14,14,9,14,14,14,14,14,14,8,8,14,8,12,8,8,8,14,11,14,10,13,14,10,9,11,1,0,0,0,-1,
0,1,58,0.0340681,0,2,14,0.0340681,0,4,14,0.0340681,0,4,42,0.0320641,0,6,58,0.0320641,1,0,0,0.0340681,1,0,1,0.0340682,1,3,7,0.0320641,1,3,8,0.0340682,1,3,9,0.0320641,1,3,10,0.0320641,1,3,28,0.0340681,1,4,0,0.0340682,1,4,1,0.0320641,1,5,0,0.0320641,1,5,1,0.0320641,2,2,7,0.0340681,2,2,8,0.0340681,2,2,9,0.0340681,2,2,10,0.0340681,2,2,35,0.0340681,2,2,36,0.0340681,2,3,0,0.0320641,2,6,0,0.0340681,2,7,35,0.0340681,2,7,36,0.0340681,2,7,49,0.0320641,2,7,50,0.0340681,2,7,51,0.0340681,2,7,52,0.0320641,
c3d4
WHITE
3,1,2,14,5,2,14,3,14,0,0,0,4,0,14,0,0,14,14,14,14,14,14,1,14,14,14,14,0,14,0,14,14,14,14,14,10,14,8,14,10,8,14,14,8,14,14,14,8,14,8,8,12,8,14,8,11,9,14,13,14,11,9,14,0,0,1,0,-1,
0,0,0,0.0420842,0,1,57,0.0420842,0,4,42,0.0400801,0,5,7,0.0420841,0,7,42,0.0400802,1,1,0,0.0420842,1,1,1,0.0420842,1,2,0,0.0420842,1,2,1,0.0420842,1,3,0,0.0420842,1,3,1,0.0420842,1,4,0,0.0420842,1,4,7,0.0420842,1,4,35,0.0400802,1,4,49,0.0420842,1,4,50,0.0420842,1,4,51,0.0400802,1,4,52,0.0420842,1,5,0,0.0420842,1,5,1,0.0400802,2,0,0,0.0420842,2,7,58,0.0420842,2,7,59,0.0420842,2,7,61,0.0420842,
f7f6
BLACK
14,1,3,14,5,14,1,3,0,14,0,4,0,0,14,0,14,14,14,0,14,14,0,2,14,0,14,2,14,14,14,14,14,8,14,8,14,14,14,14,9,14,14,14,14,8,14,8,8,14,8,12,8,14,8,14,11,14,10,13,14,10,9,11,1,0,0,0,-1,
0,1,57,0.0280561,0,1,58,0.0280561,0,2,14,0.0280561,0,4,14,0.0280561,0,4,42,0.0260522,0,6,58,0.0280561,1,0,0,0.0280561,1,0,1,0.0280561,1,2,0,0.0280561,1,2,1,0.0280561,1,3,7,0.0280561,1,3,8,0.0280561,1,3,9,0.0280561,1,3,10,0.0260521,1,3,28,0.0280561,1,3,49,0.0280561,1,4,0,0.0280561,1,4,1,0.0260521,1,5,0,0.0280561,1,5,1,0.0260521,2,6,0,0.0280561,2,7,35,0.0280561,2,7,36,0.0280561,2,7,49,0.0280561,2,7,50,0.0280561,2,7,51,0.0280561,2,7,52,0.0280561,3,3,7,0.0280561,3,3,8,0.0280561,3,3,21,0.0280561,3,3,35,0.0280561,3,3,36,0.0260521,3,3,37,0.0280561,3,3,49,0.0280561,3,3,50,0.0280561,3,3,51,0.0280561,
b1c3
WHITE
3,1,2,14,5,2,14,3,14,0,14,0,4,0,14,0,0,14,0,14,14,14,14,1,14,14,14,14,0,14,0,14,14,14,14,14,10,14,8,14,10,8,14,14,8,9,14,14,8,14,8,8,12,8,14,8,11,9,14,13,14,11,14,14,0,0,1,0,-1,
0,0,0,0.0460922,0,4,42,0.0440882,0,5,7,0.0460922,0,7,42,0.0440882,1,1,0,0.0460922,1,1,1,0.0460922,1,3,0,0.0460922,1,3,1,0.0460922,1,4,0,0.0460922,1,4,7,0.0440882,1,4,35,0.0440882,1,4,49,0.0460922,1,4,50,0.0460922,1,4,51,0.0440881,1,4,52,0.0460922,1,5,0,0.0460922,1,5,1,0.0440882,2,0,0,0.0460922,2,2,0,0.0440882,2,7,58,0.0460922,2,7,59,0.0460922,2,7,61,0.0460922,
g7g5
BLACK
14,14,3,14,5,14,1,3,0,14,0,4,0,0,14,0,14,14,1,0,14,14,0,2,14,0,14,2,14,14,14,14,14,8,14,8,14,14,8,14,9,14,14,14,14,8,14,8,8,14,8,12,8,14,14,14,11,14,10,13,14,10,9,11,1,0,0,0,46,
0,2,14,0.0300601,0,2,42,0.0300601,0,2,43,0.0300601,0,4,14,0.0280561,0,4,42,0.0280561,0,6,58,0.0280561,1,0,0,0.0280561,1,0,1,0.0280561,1,3,7,0.0280561,1,3,8,0.0280561,1,3,9,0.0280561,1,3,28,0.0280561,1,4,0,0.0280561,1,4,1,0.0280561,1,5,0,0.0280561,1,5,1,0.0280561,2,2,56,0.0280561,2,2,57,0.0300601,2,2,58,0.0280561,2,2,59,0.0280561,2,2,61,0.0280561,2,2,62,0.0280561,2,6,0,0.0300601,2,7,35,0.0280561,2,7,36,0.0300601,2,7,49,0.0280561,2,7,50,0.0280561,2,7,51,0.0280561,2,7,52,0.0280561,3,3,7,0.0300601,3,3,8,0.0300601,3,3,21,0.0280561,3,3,49,0.0280561,3,3,50,0.0280561,3,3,51,0.0300601,
g3g4
WHITE
3,1,2,14,5,2,14,3,14,14,14,0,4,0,14,0,0,14,0,14,14,14,14,1,14,0,14,14,0,14,0,14,14,8,14,14,10,14,8,14,10,14,14,14,8,9,14,14,8,14,8,8,12,8,14,8,11,9,14,13,14,11,14,14,0,0,1,0,-1,
0,0,0,0.0501002,0,2,49,0.0501002,0,4,42,0.0501002,0,5,7,0.0501002,0,7,42,0.0501002,1,3,0,0.0501002,1,3,1,0.0501002,1,4,0,0.0501002,1,4,7,0.0501002,1,4,35,0.0501002,1,4,49,0.0501002,1,4,50,0.0501002,1,4,51,0.0480961,1,5,0,0.0501002,1,5,1,0.0501002,2,0,0,0.0501002,2,2,0,0.0501002,2,7,58,0.0501002,2,7,59,0.0501002,2,7,61,0.0501002,
c7c6
BLACK
14,14,3,14,5,14,1,3,0,14,0,4,0,0,14,0,14,14,1,0,14,14,14,2,14,0,14,2,14,14,0,14,14,8,14,8,14,14,8,14,9,14,8,14,14,8,14,8,8,14,14,12,8,14,14,14,11,14,10,13,14,10,9,11,1,0,0,0,-1,
0,2,14,0.0340681,0,2,42,0.0340681,0,2,43,0.0340681,0,4,14,0.0340681,0,4,42,0.0320641,0,6,58,0.0320641,1,0,0,0.0340682,1,0,1,0.0320641,1,3,7,0.0320641,1,3,8,0.0340681,1,3,9,0.0320641,1,3,28,0.0340681,1,4,0,0.0340681,1,4,1,0.0320641,1,5,0,0.0320641,1,5,1,0.0320641,2,2,56,0.0320641,2,2,57,0.0340681,2,2,58,0.0340681,2,2,59,0.0340681,2,2,61,0.0340681,2,2,62,0.0320641,2,7,35,0.0340681,2,7,36,0.0340681,3,3,7,0.0340681,3,3,8,0.0340682,3,3,21,0.0340681,3,3,49,0.0320641,3,3,50,0.0340682,3,3,51,0.0340681,
f2f3
WHITE
3,1,2,14,5,2,14,3,14,14,14,0,4,14,14,0,0,14,0,14,14,0,14,1,14,0,14,14,0,14,0,14,14,8,14,14,10,14,8,14,10,14,8,14,8,9,14,14,8,14,14,8,12,8,14,8,11,9,14,13,14,11,14,14,0,0,1,0,-1,
0,0,0,0.0460922,0,2,49,0.0460922,0,4,7,0.0460922,0,4,42,0.0440882,0,5,7,0.0460922,0,7,42,0.0440882,1,3,0,0.0460922,1,3,1,0.0460922,1,4,0,0.0460922,1,4,14,0.0460922,1,4,15,0.0440882,1,4,35,0.0440882,1,4,49,0.0460922,1,4,50,0.0460922,1,4,51,0.0440881,2,0,0,0.0460922,2,2,0,0.0440882,2,5,0,0.0460922,2,7,58,0.0460922,2,7,59,0.0460922,2,7,60,0.0440882,2,7,61,0.0460922,
c8b7
BLACK
14,14,3,14,5,14,1,3,0,14,0,4,0,14,14,0,14,14,1,0,14,0,14,2,14,0,14,2,14,14,0,14,14,8,14,8,14,14,8,14,9,14,8,14,14,8,14,8,8,10,14,12,8,14,14,14,11,14,14,13,14,10,9,11,1,0,0,0,-1,
0,2,14,0.0340681,0,2,42,0.0340681,0,2,43,0.0340681,0,4,7,0.0320641,0,4,14,0.0340682,0,4,42,0.0320641,1,0,0,0.0340681,1,0,1,0.0320641,1,3,7,0.0320641,1,3,8,0.0340682,1,3,9,0.0320641,1,3,28,0.0340681,1,4,0,0.0340681,1,4,1,0.0320641,2,2,56,0.0320641,2,2,57,0.0340681,2,2,58,0.0340681,2,2,59,0.0340681,2,2,61,0.0340681,2,2,62,0.0320641,2,5,0,0.0340681,2,7,35,0.0340681,2,7,36,0.0340681,3,3,7,0.0340681,3,3,8,0.0340681,3,3,21,0.0340681,3,3,22,0.0320641,3,3,49,0.0320641,3,3,50,0.0320641,3,3,51,0.0340682,
h3f1
WHITE
3,1,2,14,5,14,14,3,14,14,14,0,4,14,2,0,0,14,0,14,14,0,14,1,14,0,14,14,0,14,0,14,14,8,14,14,10,14,8,14,14,14,8,14,8,9,14,14,8,14,14,8,12,8,14,8,11,9,10,13,14,11,14,14,0,0,1,0,-1,
0,0,0,0.0420842,0,2,49,0.0420842,0,4,7,0.0420842,0,4,14,0.0420842,0,4,42,0.0400801,0,7,42,0.0400802,0,7,43,0.0420842,1,3,0,0.0420842,1,3,1,0.0420842,1,4,0,0.0420842,1,4,14,0.0420842,1,4,21,0.0400802,1,4,35,0.0420842,1,4,49,0.0420842,1,4,50,0.0420842,1,4,51,0.0400802,1,6,35,0.0420842,2,0,0,0.0420842,2,2,0,0.0420842,2,5,0,0.0420842,2,7,58,0.0420842,2,7,59,0.0420841,2,7,60,0.0400802,2,7,61,0.0420842,
e7e5
BLACK
14,14,3,14,5,2,1,3,0,14,0,4,0,14,14,0,14,14,1,0,14,0,14,14,14,0,14,2,14,14,0,14,14,8,14,8,8,14,8,14,9,14,8,14,14,8,14,8,8,10,14,12,14,14,14,14,11,14,14,13,14,10,9,11,1,0,0,0,44,
0,2,14,0.0320641,0,2,42,0.0340681,0,2,43,0.0340681,0,4,7,0.0320641,0,4,42,0.0320641,0,5,7,0.0320641,0,5,8,0.0320641,0,6,57,0.0320641,1,0,0,0.0320641,1,0,1,0.0320641,1,3,7,0.0320641,1,3,8,0.0320641,1,3,9,0.0320641,1,3,28,0.0320641,1,4,0,0.0320641,1,4,1,0.0320641,1,7,0,0.0320641,1,7,1,0.0320641,2,2,56,0.0320641,2,2,57,0.0320641,2,2,58,0.0320641,2,2,59,0.0320641,2,2,61,0.0320641,2,2,62,0.0320641,2,5,0,0.0320641,3,3,7,0.0340681,3,3,21,0.0320641,3,3,22,0.0320641,3,3,49,0.0320641,3,3,50,0.0320641,3,3,51,0.0320641,
c3d1
WHITE
3,1,2,14,5,14,14,3,14,14,14,14,4,14,2,0,0,14,0,14,14,0,14,1,14,0,14,0,0,14,0,14,14,8,14,14,10,14,8,14,14,14,8,14,8,14,14,14,8,14,14,8,12,8,14,8,11,9,10,13,9,11,14,14,0,0,1,0,-1,
0,0,0,0.0300601,0,1,56,0.0300601,0,2,7,0.0280561,0,2,8,0.0300601,0,2,9,0.0300601,0,2,10,0.0300601,0,2,49,0.0300601,0,4,7,0.0300601,0,4,14,0.0300601,0,4,42,0.0280561,0,4,49,0.0280561,0,7,42,0.0280561,0,7,43,0.0300601,1,4,0,0.0300601,1,4,14,0.0300601,1,4,21,0.0280561,1,4,35,0.0280561,1,4,42,0.0300601,1,4,43,0.0280561,1,4,44,0.0300601,1,4,45,0.0300601,1,4,49,0.0300601,1,4,50,0.0300601,1,4,51,0.0280561,1,6,35,0.0300601,2,0,0,0.0300601,2,2,0,0.0280561,2,5,0,0.0300601,2,7,58,0.0300601,2,7,59,0.0300601,2,7,60,0.0280561,2,7,61,0.0300601,3,3,0,0.0280561,3,3,7,0.0300601,
a6c7
BLACK
14,14,3,1,5,2,1,3,0,14,0,4,0,14,14,0,14,14,14,0,14,0,14,14,14,0,14,2,14,14,0,14,14,8,14,8,8,14,8,14,14,14,8,14,14,8,14,8,8,10,9,12,14,14,14,14,11,14,14,13,14,10,9,11,1,0,0,0,-1,
0,2,42,0.0320641,0,2,43,0.0320641,0,3,56,0.0320642,0,3,57,0.0300601,0,3,58,0.0320641,0,3,59,0.0300601,0,4,7,0.0320641,0,5,7,0.0320641,0,5,8,0.0300601,0,6,57,0.0300601,1,0,0,0.0320641,1,0,1,0.0320641,1,2,0,0.0300601,1,2,1,0.0320641,1,3,7,0.0300601,1,3,8,0.0320641,1,3,9,0.0300601,1,3,49,0.0320642,1,4,0,0.0320641,1,4,1,0.0300601,1,7,0,0.0300601,1,7,1,0.0300601,2,5,0,0.0320641,3,3,7,0.0320641,3,3,21,0.0320641,3,3,22,0.0300601,3,3,35,0.0320641,3,3,36,0.0300601,3,3,37,0.0320641,3,3,49,0.0300601,3,3,50,0.0320641,3,3,51,0.0320642,
d1b2
WHITE
3,1,2,14,5,14,14,3,14,14,14,14,4,1,2,0,0,14,0,14,14,0,14,14,14,0,14,0,0,14,0,14,14,8,14,14,10,14,8,14,14,14,8,14,8,14,14,14,8,14,14,8,12,8,9,8,11,9,10,13,14,11,14,14,0,0,1,0,-1,
0,0,0,0.0300601,0,1,56,0.0300601,0,2,7,0.0280561,0,2,8,0.0300601,0,2,9,0.0300601,0,2,10,0.0300601,0,2,49,0.0300601,0,4,14,0.0300601,0,4,42,0.0280561,0,4,49,0.0280561,0,7,42,0.0280561,0,7,43,0.0300601,1,4,0,0.0300601,1,4,21,0.0280561,1,4,35,0.0280561,1,4,42,0.0300601,1,4,43,0.0280561,1,4,44,0.0300601,1,4,45,0.0300601,1,4,49,0.0300601,1,4,50,0.0300601,1,4,51,0.0280561,1,5,56,0.0300601,1,5,59,0.0300601,1,5,60,0.0300601,1,6,7,0.0300601,1,6,35,0.0300601,1,7,0,0.0280561,1,7,1,0.0300601,2,0,0,0.0300601,2,2,0,0.0280561,2,5,0,0.0300601,3,3,0,0.0280561,3,3,7,0.0300601,
d7g7
BLACK
14,14,3,14,5,2,1,3,0,1,0,4,0,14,14,0,14,14,14,0,14,0,14,14,14,0,14,2,14,14,0,14,14,8,14,8,8,14,8,14,14,14,8,14,14,8,14,8,8,10,9,14,14,14,12,14,11,14,14,13,14,10,9,11,1,0,0,0,-1,
0,2,14,0.0320642,0,2,42,0.0320641,0,2,43,0.0320641,0,4,7,0.0320641,0,4,42,0.0300601,0,5,7,0.0320641,0,5,8,0.0300601,0,6,57,0.0300601,1,0,0,0.0320641,1,0,1,0.0300601,1,1,57,0.0300601,1,1,58,0.0320641,1,1,63,0.0320641,1,2,0,0.0300601,1,2,1,0.0320641,1,3,7,0.0300601,1,3,8,0.0320641,1,3,9,0.0300601,1,3,28,0.0320641,1,3,49,0.0320641,1,4,0,0.0320641,1,4,1,0.0300601,1,7,0,0.0300601,1,7,1,0.0300601,2,5,0,0.0320642,3,3,7,0.0320641,3,3,21,0.0320642,3,3,22,0.0300601,3,3,35,0.0320641,3,3,49,0.0300601,3,3,50,0.0320641,3,3,51,0.0320641,
d4f2
WHITE
3,1,2,14,5,14,14,3,14,4,14,14,14,1,2,0,0,14,0,14,14,0,14,14,14,0,14,0,0,14,0,14,14,8,14,14,14,14,8,14,14,14,8,14,8,14,14,14,8,14,10,8,12,8,9,8,11,9,10,13,14,11,14,14,0,0,1,0,-1,
0,0,0,0.0340681,0,1,56,0.0340681,0,2,7,0.0340681,0,2,8,0.0340681,0,2,9,0.0340682,0,2,10,0.0340681,0,4,0,0.0360722,0,4,14,0.0340682,0,4,42,0.0340681,0,4,49,0.0340681,0,7,42,0.0340681,0,7,43,0.0340682,1,1,0,0.0340682,1,1,14,0.0340682,1,1,15,0.0340681,1,1,16,0.0340682,1,1,42,0.0360722,1,5,56,0.0340682,1,5,59,0.0360721,1,5,60,0.0340681,1,6,7,0.0340682,1,6,35,0.0360722,1,7,0,0.0340682,1,7,1,0.0340681,2,0,0,0.0360721,2,2,0,0.0340681,2,5,0,0.0360721,3,3,0,0.0340681,3,4,0,0.0340681,
e5e4
BLACK
14,14,3,14,5,2,1,3,0,1,0,4,0,2,14,0,14,14,14,0,14,0,14,14,14,0,14,14,8,14,0,14,14,8,14,8,14,14,8,14,14,14,8,14,14,8,14,8,8,10,9,14,14,14,12,14,11,14,14,13,14,10,9,11,1,0,0,0,-1,
0,2,14,0.0300601,0,2,42,0.0320641,0,2,43,0.0320641,0,4,42,0.0300601,0,5,7,0.0300601,0,5,8,0.0300601,0,6,57,0.0300601,1,0,0,0.0300601,1,0,1,0.0300601,1,1,57,0.0300601,1,1,58,0.0300601,1,1,63,0.0300601,1,2,0,0.0300601,1,2,1,0.0300601,1,3,7,0.0300601,1,3,8,0.0300601,1,3,9,0.0300601,1,3,28,0.0300601,1,3,49,0.0300601,1,4,0,0.0300601,1,5,7,0.0300601,1,5,8,0.0300601,1,5,49,0.0300601,1,5,50,0.0300601,1,5,51,0.0300601,1,5,52,0.0320641,1,5,53,0.0300601,1,7,0,0.0300601,1,7,1,0.0300601,2,3,0,0.0300601,2,3,7,0.0300601,2,5,0,0.0320642,2,5,49,0.0300601,
c1a1
WHITE
3,1,2,14,5,14,14,3,14,4,14,14,14,1,2,0,0,14,0,14,14,0,14,14,14,0,14,14,0,14,0,14,14,8,14,0,14,14,8,14,14,14,8,14,8,14,14,14,8,14,10,8,12,8,9,8,11,9,10,13,14,14,14,11,0,0,1,0,-1,
0,0,0,0.0314235,0,1,56,0.0314235,0,2,7,0.0314234,0,2,8,0.0314235,0,2,9,0.0314235,0,2,10,0.0314236,0,4,0,0.0400471,0,4,14,0.0314235,0,4,42,0.0314235,0,4,49,0.0314236,0,7,42,0.0314236,0,7,43,0.0314235,1,1,0,0.0314235,1,1,14,0.0314235,1,1,15,0.0314235,1,1,16,0.0314235,1,1,42,0.0400471,1,5,56,0.0314235,1,5,59,0.0314235,1,5,60,0.0314235,1,6,7,0.0314235,1,6,35,0.0314235,1,7,0,0.0314235,1,7,1,0.0314235,2,0,0,0.0314235,2,2,0,0.0314235,2,5,0,0.0400471,3,4,0,0.0314236,4,3,0,0.0314235,4,3,7,0.0314235,4,3,49,0.0314236,
g7e7
BLACK
3,14,14,14,5,2,1,3,0,1,0,4,0,2,14,0,14,14,14,0,14,0,14,14,14,0,14,14,8,14,0,14,14,8,14,8,14,14,8,14,14,14,8,14,14,8,14,8,8,10,9,14,12,14,14,14,11,14,14,13,14,10,9,11,1,0,0,0,-1,
0,0,14,0.0319008,0,0,15,0.0242075,0,0,16,0.0319008,0,4,42,0.0242074,0,5,7,0.0319008,0,5,8,0.0242075,0,6,57,0.0242074,1,0,0,0.0319008,1,0,1,0.0319008,1,1,57,0.0242074,1,1,58,0.0319008,1,1,63,0.0319008,1,2,0,0.0319008,1,2,1,0.0319008,1,3,7,0.0319008,1,3,8,0.0319008,1,3,9,0.0319008,1,3,28,0.0319008,1,3,35,0.0319008,1,3,49,0.0319008,1,4,0,0.0319008,1,5,7,0.0242075,1,5,8,0.0319008,1,5,49,0.0242075,1,5,50,0.0319008,1,5,51,0.0242075,1,5,52,0.0319008,1,5,53,0.0319008,1,7,0,0.0242074,1,7,1,0.0319008,2,3,0,0.0242074,2,3,7,0.0319008,2,5,0,0.0319008,2,5,49,0.0242074,
d2f4
WHITE
3,1,2,14,5,14,14,3,14,14,14,4,14,1,2,0,0,14,0,14,14,0,14,14,14,0,14,14,0,14,0,14,14,8,12,0,14,14,8,14,14,14,8,14,8,14,14,14,8,14,10,8,14,8,9,8,11,9,10,13,14,14,14,11,0,0,1,0,-1,
0,0,0,0.0344327,0,2,49,0.0344326,0,4,0,0.0344327,0,4,14,0.0344326,0,4,42,0.0265984,0,7,42,0.0265984,0,7,43,0.0265984,1,3,0,0.0344327,1,3,1,0.0344327,1,3,7,0.0265984,1,3,8,0.0344327,1,3,9,0.0265984,1,3,14,0.0344327,1,3,28,0.0344327,1,3,42,0.0344326,1,3,43,0.0265984,1,3,44,0.0344327,1,5,56,0.0344327,1,5,59,0.0344327,1,5,60,0.0265984,1,6,7,0.0344327,1,6,35,0.0344327,1,7,0,0.0265984,1,7,1,0.0265985,2,0,0,0.0344327,2,2,0,0.0265984,2,5,0,0.0344327,3,1,7,0.0344327,3,4,0,0.0265984,4,3,0,0.0265984,4,3,7,0.0344326,4,3,49,0.0265984,
c6c5
BLACK
3,14,14,14,5,2,1,3,0,1,0,14,0,2,14,0,14,14,14,0,14,0,14,14,14,0,14,14,8,4,0,14,14,8,8,8,14,14,8,14,14,14,14,14,14,8,14,8,8,10,9,14,12,14,14,14,11,14,14,13,14,10,9,11,1,0,0,0,-1,
0,0,14,0.0251729,0,0,15,0.0251729,0,0,16,0.0251729,0,4,42,0.0251729,0,4,49,0.0251729,0,5,7,0.0251729,0,5,8,0.0251729,0,6,57,0.0251729,1,0,0,0.0251729,1,0,1,0.0251729,1,1,57,0.0251729,1,1,58,0.0338589,1,1,63,0.0338589,1,2,0,0.0251729,1,2,1,0.0251729,1,4,0,0.0251729,1,5,7,0.0251729,1,5,8,0.0251729,1,5,49,0.0251729,1,5,50,0.0251729,1,5,51,0.0251729,1,7,0,0.0251729,1,7,1,0.0251729,2,3,0,0.0251729,2,3,7,0.0251729,2,5,49,0.0251729,3,1,7,0.0338589,3,5,0,0.0338589,3,5,1,0.0251729,3,5,7,0.0251729,3,5,21,0.0251729,3,5,35,0.0251729,3,5,36,0.0338589,3,5,37,0.0251729,3,5,42,0.0251729,3,5,49,0.0251729,3,5,50,0.0251729,3,5,51,0.0251729,
a1d1
WHITE
3,1,2,14,5,14,14,3,14,14,14,4,14,1,2,0,0,14,0,14,14,14,14,14,14,0,14,14,0,0,0,14,14,8,12,0,14,14,8,14,14,14,8,14,8,14,14,14,8,14,10,8,14,8,9,8,11,9,10,13,11,14,14,14,0,0,1,0,-1,
0,0,0,0.0344327,0,2,49,0.0344326,0,4,0,0.0344327,0,4,14,0.0344326,0,4,42,0.0265984,0,7,42,0.0265984,0,7,43,0.0265985,1,3,0,0.0344327,1,3,1,0.0344327,1,3,7,0.0265984,1,3,14,0.0344327,1,3,28,0.0344327,1,3,42,0.0344326,1,3,43,0.0265984,1,3,44,0.0344327,1,5,56,0.0344327,1,5,59,0.0344327,1,5,60,0.0265984,1,6,7,0.0344327,1,6,35,0.0344327,1,6,49,0.0344327,1,7,0,0.0265984,1,7,1,0.0265984,2,0,0,0.0344327,2,2,0,0.0265984,3,1,7,0.0344327,3,4,0,0.0265984,3,5,0,0.0344327,3,5,7,0.0265984,4,3,0,0.0265984,4,3,7,0.0344326,4,3,49,0.0265984,
c7e6
BLACK
14,14,14,3,5,2,1,3,0,1,0,14,0,2,14,0,14,14,14,0,14,0,14,14,14,0,14,14,8,4,0,14,14,8,8,8,14,14,8,14,14,14,14,14,9,8,14,8,8,10,14,14,12,14,14,14,11,14,14,13,14,10,9,11,1,0,0,0,-1,
0,3,0,0.0251729,0,3,42,0.0251729,0,3,43,0.0251729,0,3,44,0.0338589,0,4,49,0.0251729,0,5,7,0.0251729,0,5,8,0.0251729,0,6,57,0.0251729,1,0,0,0.0251729,1,0,1,0.0251729,1,1,57,0.0251729,1,1,58,0.0338589,1,2,0,0.0251729,1,2,1,0.0251729,1,4,0,0.0251729,1,5,7,0.0251729,1,5,8,0.0251729,1,5,49,0.0251729,1,5,50,0.0251729,1,5,51,0.0251729,1,7,0,0.0251729,1,7,1,0.0251729,2,3,0,0.0251729,2,3,7,0.0251729,2,5,49,0.0251729,3,1,7,0.0338589,3,5,0,0.0338589,3,5,1,0.0251729,3,5,7,0.0251729,3,5,21,0.0251729,3,5,35,0.0251729,3,5,36,0.0338589,3,5,37,0.0251729,3,5,42,0.0251729,3,5,49,0.0251729,3,5,50,0.0251729,3,5,51,0.0251729,3,5,52,0.0251729,
d3e4 (capture)
WHITE
3,1,2,14,5,14,14,3,14,14,14,4,14,14,2,0,0,14,0,1,14,14,14,14,14,0,14,14,0,0,0,14,14,8,12,8,14,14,8,14,14,14,8,14,14,14,14,14,8,14,10,8,14,8,9,8,11,9,10,13,11,14,14,14,0,0,1,0,-1,
0,0,0,0.0327426,0,2,49,0.0327426,0,4,0,0.0411535,0,4,14,0.0327426,0,4,42,0.0327426,0,7,42,0.0327425,0,7,43,0.0327425,1,3,7,0.0327426,1,3,14,0.0327426,1,3,15,0.0327426,1,3,28,0.0327426,1,3,42,0.0327426,1,3,43,0.0327426,1,3,44,0.0327425,1,6,7,0.0327426,1,6,35,0.0411535,1,6,49,0.0411535,1,7,0,0.0327425,1,7,1,0.0327426,2,0,0,0.0411535,2,2,0,0.0327426,2,3,57,0.0327426,2,3,58,0.0327426,2,3,60,0.0327426,2,3,63,0.0411535,3,1,7,0.0411535,3,4,0,0.0327426,3,5,0,0.0327426,3,5,7,0.0327425,
c5b4 (capture)
BLACK
14,14,14,3,5,2,1,3,0,1,0,14,0,2,14,0,14,14,14,14,14,0,14,14,14,8,14,14,0,4,0,14,14,8,14,8,14,14,8,14,14,14,14,14,9,8,14,8,8,10,14,14,12,14,14,14,11,14,14,13,14,10,9,11,1,0,0,0,-1,
0,3,0,0.0229139,0,3,1,0.0229139,0,3,2,0.0315608,0,3,3,0.022914,0,3,42,0.0229139,0,3,43,0.0229139,0,3,44,0.0315608,0,4,49,0.0229139,0,5,7,0.0229139,0,5,8,0.022914,0,6,57,0.0229139,1,0,0,0.0229139,1,0,1,0.022914,1,1,56,0.022914,1,1,57,0.0229139,1,1,58,0.0229139,1,2,0,0.022914,1,2,1,0.0229139,1,4,0,0.0229139,1,5,7,0.022914,1,5,8,0.0229139,1,5,49,0.022914,1,5,50,0.0229139,1,5,51,0.0229139,1,5,52,0.0315608,1,5,53,0.0315608,1,7,0,0.0229139,1,7,1,0.0229139,3,4,0,0.0229139,3,4,49,0.0315608,3,5,0,0.0315608,3,5,1,0.022914,3,5,7,0.0229139,3,5,21,0.0229139,3,5,35,0.022914,3,5,36,0.0315608,3,5,37,0.0229139,3,5,49,0.022914,3,5,50,0.0229139,3,5,51,0.022914,3,5,52,0.0229139,
f4d2
WHITE
3,1,2,14,5,14,14,3,14,14,14,4,14,14,2,0,0,14,0,1,14,14,14,14,14,0,14,14,0,14,0,14,14,8,14,8,14,14,0,14,14,14,8,14,14,14,14,14,8,14,10,8,12,8,9,8,11,9,10,13,11,14,14,14,0,0,1,0,-1,
0,0,0,0.0361909,0,2,49,0.0361909,0,4,0,0.0361908,0,4,7,0.0361909,0,4,14,0.0361908,0,4,42,0.0283976,0,7,42,0.0283977,0,7,43,0.0283976,1,3,7,0.0283977,1,3,8,0.0361908,1,3,14,0.0361908,1,3,15,0.0283977,1,3,28,0.0361909,1,3,42,0.0283977,1,3,43,0.0283976,1,3,44,0.0361908,1,6,7,0.0361908,1,6,35,0.0361908,1,6,49,0.0361908,1,7,0,0.0283976,1,7,1,0.0283977,2,0,0,0.0361908,2,2,0,0.0283976,2,3,56,0.0361908,2,3,57,0.0361908,2,3,58,0.0361908,2,3,60,0.0361908,2,3,63,0.0361908,3,4,0,0.0283977,4,6,0,0.0361908,
e7d7
BLACK
14,14,14,3,5,2,1,3,0,1,0,4,0,2,14,0,14,14,14,14,14,0,14,14,14,8,14,14,0,14,0,14,14,8,14,8,14,14,8,14,14,14,14,14,9,8,14,8,8,10,14,12,14,14,14,14,11,14,14,13,14,10,9,11,1,0,0,0,-1,
0,3,42,0.0264129,0,3,43,0.0264129,0,3,44,0.0348072,0,5,7,0.0264129,0,5,8,0.0264129,0,6,57,0.0264129,1,0,0,0.0264129,1,0,1,0.0264129,1,1,56,0.0264129,1,1,57,0.0264128,1,1,58,0.0348072,1,2,0,0.0264129,1,2,1,0.0264129,1,3,0,0.0348072,1,3,1,0.0264129,1,3,2,0.0264129,1,3,7,0.0264129,1,3,8,0.0264129,1,3,9,0.0264129,1,3,35,0.0348072,1,3,49,0.0264129,1,3,50,0.0264129,1,4,0,0.0264129,1,5,7,0.0264129,1,5,8,0.0264129,1,5,49,0.0264129,1,5,50,0.0348072,1,5,51,0.0264129,1,5,52,0.0348072,1,5,53,0.0348072,1,7,0,0.0264129,1,7,1,0.0264129,2,5,0,0.0348072,3,4,0,0.0264129,3,4,49,0.0348072,
d2c1
WHITE
3,1,2,14,5,14,14,3,14,14,14,14,4,14,2,0,0,14,0,1,14,14,14,14,14,0,14,14,0,14,0,14,14,8,14,8,14,14,0,14,14,14,8,14,14,14,14,14,8,14,10,8,14,8,9,8,11,9,10,13,11,12,14,14,0,0,1,0,-1,
0,0,0,0.0288041,0,1,56,0.0288041,0,2,7,0.0214148,0,2,8,0.028804,0,2,9,0.028804,0,2,49,0.0288041,0,4,7,0.0288041,0,4,14,0.0288041,0,4,42,0.0214148,0,4,49,0.0288041,0,7,42,0.0214148,0,7,43,0.0288041,1,4,0,0.0288041,1,4,7,0.0288041,1,4,14,0.028804,1,4,21,0.0214148,1,4,35,0.0288041,1,4,42,0.0288041,1,4,43,0.0214148,1,4,44,0.0288041,1,4,45,0.0288041,1,6,7,0.0288041,1,6,35,0.028804,1,6,49,0.028804,1,7,0,0.0288041,1,7,1,0.0288041,2,0,0,0.028804,2,2,0,0.0288041,2,3,56,0.028804,2,3,57,0.0288041,2,3,58,0.0288041,2,3,60,0.0288041,2,3,63,0.028804,3,4,0,0.0288041,3,4,49,0.028804,4,6,0,0.028804,
e6c7
BLACK
14,14,4,3,5,2,1,3,0,1,0,14,0,2,14,0,14,14,14,14,14,0,14,14,14,8,14,14,0,14,0,14,14,8,14,8,14,14,8,14,14,14,14,14,14,8,14,8,8,10,9,12,14,14,14,14,11,14,14,13,14,10,9,11,1,0,0,0,-1,
0,2,7,0.0242075,0,2,8,0.0319008,0,2,9,0.0319008,0,2,10,0.0319008,0,2,42,0.0319008,0,2,43,0.0319008,0,3,0,0.0319008,0,3,1,0.0242074,0,3,2,0.0319008,0,3,3,0.0242074,0,4,49,0.0242075,0,5,7,0.0319008,0,5,8,0.0242074,0,6,57,0.0242074,1,0,0,0.0319008,1,0,1,0.0319008,1,1,56,0.0319008,1,1,57,0.0242075,1,1,58,0.0319008,1,2,0,0.0319008,1,2,1,0.0319008,1,4,0,0.0319008,1,5,7,0.0242074,1,5,8,0.0319008,1,5,49,0.0242074,1,5,50,0.0319008,1,5,51,0.0242075,1,5,52,0.0319008,1,5,53,0.0319008,1,7,0,0.0242075,1,7,1,0.0319008,2,5,0,0.0319008,3,4,0,0.0319008,3,4,49,0.0319008,
c1g5 (capture)
WHITE
3,1,2,14,5,14,14,3,14,14,14,14,4,1,2,0,0,14,0,14,14,14,14,14,14,12,14,14,0,14,0,14,14,8,14,8,14,14,0,14,14,14,8,14,14,14,14,14,8,14,10,8,14,8,9,8,11,9,10,13,11,14,14,14,0,0,1,0,-1,
0,0,0,0.0288041,0,1,56,0.0288041,0,2,7,0.0214148,0,2,8,0.0288041,0,2,9,0.028804,0,2,49,0.0288041,0,4,14,0.0288041,0,4,42,0.0288041,0,4,49,0.0288041,0,7,42,0.0214148,0,7,43,0.0288041,1,4,0,0.028804,1,4,7,0.0288041,1,4,21,0.0288041,1,4,35,0.0288041,1,4,42,0.0288041,1,4,43,0.0214148,1,4,44,0.0288041,1,4,45,0.0288041,1,4,49,0.028804,1,4,50,0.0288041,1,4,51,0.0214148,1,5,56,0.0288041,1,5,59,0.028804,1,5,60,0.0288041,1,6,7,0.028804,1,6,35,0.028804,1,6,49,0.028804,1,7,0,0.0288041,1,7,1,0.0288041,2,0,0,0.028804,2,0,7,0.0288041,2,2,49,0.0214148,3,4,0,0.0288041,3,4,49,0.028804,4,6,0,0.028804,
f8c5
BLACK
14,14,14,3,5,2,1,3,0,1,0,14,0,2,14,0,14,14,14,14,14,0,14,14,14,8,14,14,0,14,0,14,14,8,10,8,14,14,4,14,14,14,14,14,14,8,14,8,8,10,9,12,14,14,14,14,11,14,14,13,14,14,9,11,1,0,0,0,-1,
0,3,0,0.0263136,0,3,1,0.0185792,0,3,2,0.0263136,0,3,3,0.0185792,0,3,42,0.0263136,0,3,43,0.0263136,0,3,44,0.0263136,0,4,49,0.0185792,0,5,7,0.0263136,0,5,8,0.0185791,0,6,57,0.0185791,1,0,0,0.0263136,1,0,1,0.0263137,1,1,56,0.0263137,1,1,57,0.0185792,1,1,58,0.0263136,1,2,0,0.0185791,1,2,1,0.0263136,1,4,0,0.0263136,1,5,7,0.0185791,1,5,8,0.0263136,1,5,49,0.0185792,1,5,50,0.0263136,1,5,51,0.0185792,1,7,0,0.0185792,1,7,1,0.0185792,2,5,0,0.0263136,3,4,0,0.0185792,3,4,49,0.0263136,4,6,0,0.0263136,4,6,1,0.0263136,4,6,2,0.0263136,4,6,7,0.0185792,4,6,14,0.0263136,4,6,21,0.0185791,4,6,35,0.0185791,4,6,36,0.0263136,4,6,37,0.0263136,4,6,38,0.0263137,4,6,42,0.0185791,4,6,43,0.0263136,4,6,44,0.0263136,4,6,49,0.0263136,
g5d2
WHITE
3,1,14,14,5,14,14,3,14,14,14,14,4,1,2,0,0,14,0,14,14,14,14,14,14,14,14,14,0,2,0,14,14,8,14,8,14,14,0,14,14,14,8,14,14,14,14,14,8,14,10,8,12,8,9,8,11,9,10,13,11,14,14,14,0,0,1,0,-1,
0,0,0,0.0251729,0,1,56,0.0251729,0,4,14,0.0251729,0,4,42,0.0251729,0,4,49,0.0251729,0,7,42,0.0251729,0,7,43,0.0251729,1,4,0,0.0251729,1,4,7,0.0251729,1,4,21,0.0251729,1,4,35,0.0251729,1,4,42,0.0251729,1,4,43,0.0251729,1,4,44,0.0251729,1,4,45,0.0251729,1,4,49,0.0338589,1,4,50,0.0251729,1,4,51,0.0251729,1,5,56,0.0251729,1,5,59,0.0338589,1,5,60,0.0251729,1,6,7,0.0251729,1,6,35,0.0338589,1,6,49,0.0338589,1,7,0,0.0251729,1,7,1,0.0251729,2,0,0,0.0251729,2,2,0,0.0251729,3,4,0,0.0251729,3,4,49,0.0251729,3,5,21,0.0251729,3,5,35,0.0251729,3,5,36,0.0251729,3,5,37,0.0251729,3,5,49,0.0251729,3,5,50,0.0251729,3,5,51,0.0251729,4,6,0,0.0338589,
d7c6
BLACK
14,14,14,3,5,2,1,3,0,1,0,4,0,2,14,0,14,14,14,14,14,0,14,14,14,8,14,14,0,14,0,14,14,8,10,8,14,14,14,14,14,14,12,14,14,8,14,8,8,10,9,14,14,14,14,14,11,14,14,13,14,14,9,11,1,0,0,0,-1,
0,3,42,0.0264129,0,3,43,0.0264129,0,3,44,0.0348072,0,5,7,0.0348072,0,5,8,0.0264129,0,6,57,0.0264129,1,0,0,0.0264129,1,0,1,0.0264129,1,1,56,0.0264129,1,1,57,0.0264128,1,1,58,0.0348072,1,2,0,0.0264129,1,2,1,0.0348072,1,3,0,0.0348072,1,3,1,0.0264129,1,3,2,0.0264129,1,3,7,0.0264129,1,3,8,0.0264129,1,3,9,0.0264129,1,3,10,0.0264129,1,3,35,0.0348072,1,3,49,0.0264129,1,3,50,0.0264129,1,4,0,0.0264129,1,5,7,0.0264129,1,5,8,0.0264129,1,5,49,0.0264129,1,5,50,0.0348072,1,5,51,0.0264129,1,7,0,0.0264129,1,7,1,0.0264129,2,5,0,0.0348072,3,4,0,0.0264129,3,4,49,0.0348072,3,6,0,0.0264129,
d2d5 (capture)
WHITE
3,1,14,14,5,14,14,3,14,14,14,14,14,1,2,0,0,14,0,14,14,4,14,14,14,14,14,14,12,2,0,14,14,8,14,8,14,14,0,14,14,14,8,14,14,14,14,14,8,14,10,8,14,8,9,8,11,9,10,13,11,14,14,14,0,0,1,0,-1,
0,4,14,0.0925518,0,4,42,0.128835,0,4,49,0.137212,1,5,58,0.137212,2,5,35,0.0925518,2,5,42,0.137212,2,5,49,0.137212,3,5,35,0.137212,
d8c8
BLACK
14,14,14,3,5,2,1,3,0,1,0,14,0,2,14,0,14,14,14,14,14,0,14,14,14,8,14,14,0,14,0,14,14,8,10,4,14,14,14,14,14,14,12,14,14,8,14,8,8,10,9,14,14,14,14,14,11,14,13,14,14,14,9,11,1,0,0,0,-1,
0,3,0,0.0173067,0,3,1,0.0118207,0,3,2,0.0173067,0,3,42,0.0173067,0,3,43,0.0173067,0,3,44,0.0173067,0,4,49,0.0173067,0,5,7,0.0173067,0,5,8,0.0118207,0,6,57,0.0118207,1,0,0,0.0173067,1,0,1,0.0173067,1,1,56,0.0173067,1,1,57,0.0118207,1,1,58,0.0173067,1,2,0,0.0173067,1,2,1,0.0173067,1,4,0,0.0173067,1,5,7,0.0118207,1,5,8,0.0173067,1,5,49,0.0173067,1,5,50,0.0173067,1,5,51,0.0118207,1,7,0,0.0173067,1,7,1,0.0173067,2,5,0,0.0173067,3,4,0,0.0173067,3,6,0,0.0173067,4,3,0,0.0118207,4,3,1,0.0173067,4,3,2,0.276907,4,3,7,0.0173067,4,3,8,0.0173067,4,3,9,0.0173066,4,3,14,0.0173067,4,3,15,0.0173067,4,3,16,0.0173067,4,3,17,0.0173067,4,3,28,0.0173067,4,3,29,0.0173067,4,3,30,0.0173067,4,3,35,0.0173067,4,3,36,0.0173067,4,3,42,0.0173067,4,3,49,0.0173067,
d5d8
WHITE
1 WINNER!
