3,1,2,4,5,2,1,3,0,0,0,0,0,0,0,0,14,14,14,14,14,14,14,14,14,14,14,14,14,14,14,14,14,14,14,14,14,14,14,14,14,14,14,14,14,14,14,14,8,8,8,8,8,8,8,8,11,9,10,12,13,10,9,11,1,1,1,1,-1,
0,1,57,0.0501002,0,1,58,0.0501002,0,6,57,0.0501002,0,6,58,0.0501002,1,0,0,0.0501002,1,0,1,0.0501002,1,1,0,0.0501002,1,1,1,0.0501002,1,2,0,0.0480961,1,2,1,0.0501002,1,3,0,0.0501002,1,3,1,0.0501002,1,4,0,0.0501002,1,4,1,0.0501002,1,5,0,0.0501002,1,5,1,0.0501002,1,6,0,0.0501002,1,6,1,0.0501002,1,7,0,0.0501002,1,7,1,0.0501002,
g2g3
WHITE
3,1,2,5,4,2,1,3,0,0,0,0,0,0,0,0,14,14,14,14,14,14,14,14,14,14,14,14,14,14,14,14,14,14,14,14,14,14,14,14,14,8,14,14,14,14,14,14,8,14,8,8,8,8,8,8,11,9,10,13,12,10,9,11,1,1,1,1,-1,
0,1,57,0.0501002,0,1,58,0.0501002,0,6,57,0.0501002,0,6,58,0.0501002,1,0,0,0.0501002,1,0,1,0.0501002,1,1,0,0.0501002,1,1,1,0.0501002,1,2,0,0.0480961,1,2,1,0.0501002,1,3,0,0.0501002,1,3,1,0.0501002,1,4,0,0.0501002,1,4,1,0.0501002,1,5,0,0.0501002,1,5,1,0.0501002,1,6,0,0.0501002,1,6,1,0.0501002,1,7,0,0.0501002,1,7,1,0.0501002,
g8h6
BLACK
3,1,2,4,5,2,1,3,0,0,0,0,0,0,14,0,14,14,14,14,14,14,0,14,14,14,14,14,14,14,14,14,14,14,14,14,14,14,14,14,14,14,14,14,14,14,14,9,8,8,8,8,8,8,8,8,11,9,10,12,13,10,14,11,1,1,1,1,-1,
0,1,57,0.0460922,0,1,58,0.0460922,0,5,7,0.0480962,0,5,8,0.0480962,0,6,57,0.0480962,0,6,58,0.0480962,1,0,0,0.0480962,1,0,1,0.0480962,1,1,0,0.0480962,1,1,1,0.0480962,1,2,0,0.0460922,1,2,1,0.0480962,1,3,0,0.0480962,1,3,1,0.0480962,1,4,0,0.0480962,1,4,1,0.0480962,1,5,0,0.0460922,1,5,1,0.0480962,1,7,0,0.0480962,1,7,1,0.0480962,2,6,0,0.0460922,
b1a3
WHITE
3,14,2,5,4,2,1,3,0,0,0,0,0,0,0,0,1,14,14,14,14,14,14,14,14,14,14,14,14,14,14,14,14,14,14,14,14,14,14,14,14,8,14,14,14,14,14,9,8,14,8,8,8,8,8,8,11,9,10,13,12,10,14,11,1,1,1,1,-1,
0,0,14,0.0480961,0,6,57,0.0501002,0,6,58,0.0501002,1,1,0,0.0501002,1,1,1,0.0501002,1,2,0,0.0501002,1,2,1,0.0501002,1,3,0,0.0501002,1,3,1,0.0501002,1,4,0,0.0501002,1,4,1,0.0501002,1,5,0,0.0501002,1,5,1,0.0501002,1,6,0,0.0501002,1,6,1,0.0501002,1,7,0,0.0501002,1,7,1,0.0501002,2,0,56,0.0501002,2,0,57,0.0501002,2,0,62,0.0501002,
h6g4
BLACK
3,14,2,4,5,2,1,3,0,0,0,0,0,0,14,0,1,14,14,14,14,14,0,14,14,14,14,14,14,14,9,14,14,14,14,14,14,14,14,14,14,14,14,14,14,14,14,14,8,8,8,8,8,8,8,8,11,9,10,12,13,10,14,11,1,1,1,1,-1,
0,0,14,0.0480961,0,5,7,0.0501002,0,5,8,0.0501002,0,6,57,0.0501002,0,6,58,0.0501002,1,1,0,0.0501002,1,1,1,0.0501002,1,2,0,0.0501002,1,2,1,0.0501002,1,3,0,0.0501002,1,3,1,0.0501002,1,4,0,0.0501002,1,4,1,0.0501002,1,5,0,0.0501002,1,5,1,0.0501002,1,7,0,0.0501002,1,7,1,0.0501002,2,0,56,0.0501002,2,0,57,0.0501002,2,0,62,0.0501002,
d2d3
WHITE
3,14,2,5,4,2,1,3,0,0,0,0,0,0,0,0,14,14,14,14,14,14,14,14,14,14,14,14,14,14,14,14,14,1,14,14,14,14,14,14,14,8,14,14,8,14,14,9,8,14,8,8,14,8,8,8,11,9,10,13,12,10,14,11,1,1,1,1,-1,
0,0,14,0.0380762,0,6,57,0.0400802,0,6,58,0.0400801,1,0,0,0.0400802,1,0,1,0.0400802,1,1,0,0.0400801,1,1,1,0.0400802,1,2,0,0.0400802,1,2,1,0.0400801,1,3,0,0.0400802,1,3,1,0.0400801,1,4,0,0.0400802,1,4,1,0.0400802,1,5,0,0.0400802,1,5,1,0.0400801,1,6,0,0.0400801,1,6,1,0.0400801,1,7,0,0.0400802,1,7,1,0.0400802,4,1,56,0.0400801,4,1,57,0.0400802,4,1,58,0.0400802,4,1,61,0.0400802,4,1,62,0.0400802,4,1,63,0.0400802,
h7h6
BLACK
3,14,2,4,5,2,1,3,0,0,0,14,0,0,14,0,1,14,14,0,14,14,0,14,14,14,14,14,14,14,9,14,14,14,14,14,14,14,14,14,14,14,14,14,14,14,14,8,8,8,8,8,8,8,8,14,11,9,10,12,13,10,14,11,1,1,1,1,-1,
0,0,14,0.0380761,0,2,7,0.0380762,0,2,8,0.0400802,0,2,9,0.0380762,0,2,10,0.0380761,0,2,11,0.0380762,0,3,0,0.0380761,0,4,49,0.0400802,0,5,7,0.0380762,0,5,8,0.0380762,0,6,57,0.0380762,0,6,58,0.0380762,1,1,0,0.0380762,1,1,1,0.0400802,1,2,0,0.0380762,1,2,1,0.0380762,1,4,0,0.0380762,1,4,1,0.0380761,1,5,0,0.0380762,1,5,1,0.0380761,1,7,0,0.0380761,1,7,1,0.0400802,2,0,56,0.0380762,2,0,57,0.0380761,2,0,62,0.0380762,2,3,0,0.0400802,
a1b1
WHITE
3,14,2,5,4,2,1,3,14,0,0,0,0,0,0,0,0,14,14,14,14,14,14,14,14,14,14,14,14,14,14,14,14,1,14,14,14,14,14,14,14,8,14,14,8,14,14,9,8,14,8,8,14,8,8,8,11,9,10,13,12,10,11,14,1,1,1,0,-1,
0,0,0,0.0420842,0,0,14,0.0400802,0,6,57,0.0420842,0,6,58,0.0420842,1,1,0,0.0420842,1,1,1,0.0420842,1,2,0,0.0400802,1,2,1,0.0420842,1,3,0,0.0420842,1,3,1,0.0420842,1,4,0,0.0420842,1,4,1,0.0420842,1,5,0,0.0400801,1,5,1,0.0420841,1,6,0,0.0400802,1,6,1,0.0420842,1,7,0,0.0420842,1,7,1,0.0420842,2,0,0,0.0420842,4,1,56,0.0400802,4,1,57,0.0420842,4,1,58,0.0420842,4,1,62,0.0420842,4,1,63,0.0420842,
b8c6
BLACK
14,3,2,4,5,2,1,3,0,0,0,14,0,0,14,0,1,14,14,0,14,14,0,14,14,14,14,14,14,14,9,14,14,14,14,14,14,14,14,14,14,14,9,14,14,14,14,8,8,8,8,8,8,8,8,14,11,14,10,12,13,10,14,11,1,0,1,1,-1,
0,1,42,0.0400801,0,2,7,0.0400802,0,2,8,0.0400801,0,2,9,0.0400802,0,2,10,0.0400802,0,2,11,0.0400801,0,3,0,0.0400802,0,4,49,0.0400802,0,5,7,0.0400802,0,5,8,0.0400802,0,6,57,0.0400801,0,6,58,0.0400802,1,1,0,0.0400801,1,1,1,0.0400802,1,2,0,0.0380762,1,2,1,0.0400801,1,4,0,0.0400802,1,4,1,0.0400802,1,5,0,0.0400802,1,5,1,0.0400802,1,7,0,0.0400801,1,7,1,0.0400802,2,0,56,0.0400802,2,0,57,0.0400801,2,3,0,0.0400802,
c1e3
WHITE
3,14,2,5,4,2,14,3,14,0,0,0,0,0,0,0,0,14,14,14,14,1,14,14,14,14,14,14,14,14,14,14,14,1,14,14,14,14,14,14,14,8,14,10,8,14,14,9,8,14,8,8,14,8,8,8,11,9,10,13,12,14,11,14,1,1,1,0,-1,
0,0,0,0.0400802,0,0,14,0.0380761,0,7,42,0.0400802,1,1,0,0.0380762,1,1,1,0.0400802,1,2,0,0.0380762,1,2,1,0.0380761,1,3,0,0.0380762,1,3,1,0.0380762,1,4,0,0.0380762,1,4,1,0.0380761,1,6,0,0.0380762,1,6,1,0.0380762,1,7,0,0.0380762,1,7,1,0.0400802,2,0,0,0.0400802,2,5,56,0.0380762,2,5,57,0.0380762,2,5,58,0.0380761,2,5,59,0.0380761,2,5,62,0.0380762,4,1,56,0.0380762,4,1,57,0.0380761,4,1,58,0.0380762,4,1,62,0.0380762,4,1,63,0.0380761,
b7b6
BLACK
14,3,14,4,5,2,1,3,0,0,0,14,0,0,14,0,1,14,14,0,2,14,0,14,14,14,14,14,14,14,9,14,14,14,14,14,14,14,14,14,14,8,9,14,14,14,14,8,8,14,8,8,8,8,8,14,11,14,10,12,13,10,14,11,1,0,1,1,-1,
0,1,14,0.0340681,0,1,42,0.0360721,0,3,0,0.0360721,0,3,42,0.0360721,0,4,49,0.0360721,0,5,7,0.0360722,0,5,8,0.0360722,0,6,57,0.0360721,0,6,58,0.0360722,1,1,0,0.0360721,1,1,1,0.0360721,1,2,0,0.0340681,1,2,1,0.0360722,1,5,0,0.0360721,1,5,1,0.0360722,1,7,0,0.0360722,1,7,1,0.0360721,2,0,56,0.0360721,2,0,57,0.0340681,2,3,0,0.0360721,2,4,7,0.0340681,2,4,8,0.0360721,2,4,9,0.0360722,2,4,35,0.0340682,2,4,36,0.0360721,2,4,49,0.0360721,2,4,50,0.0360721,2,4,51,0.0360721,
e3d2
WHITE
3,14,2,5,4,2,14,3,14,0,0,0,0,0,14,0,0,14,14,14,14,1,0,14,14,14,14,14,14,14,14,14,14,1,14,14,14,14,14,14,14,8,14,14,8,14,14,9,8,14,8,8,10,8,8,8,11,9,10,13,12,14,11,14,1,1,1,0,-1,
0,0,0,0.0380761,0,0,14,0.0360721,0,5,7,0.0380761,0,5,8,0.0360722,0,7,42,0.0380761,1,1,0,0.0360721,1,1,1,0.0380761,1,2,0,0.0360721,1,2,1,0.0360722,1,3,0,0.0360722,1,3,1,0.0360721,1,4,0,0.0380762,1,4,1,0.0360721,1,7,0,0.0360721,1,7,1,0.0380762,2,0,0,0.0380762,2,5,56,0.0380762,2,5,57,0.0360721,2,5,58,0.0360722,2,5,59,0.0380761,2,5,62,0.0380761,2,6,0,0.0360721,4,1,56,0.0360721,4,1,57,0.0380761,4,1,58,0.0360721,4,1,62,0.0380761,4,1,63,0.0380761,
a7a5
BLACK
14,3,14,4,5,2,1,3,0,0,0,2,0,0,14,0,1,14,14,0,14,14,0,14,14,14,14,14,14,14,9,14,8,14,14,14,14,14,14,14,14,8,9,14,14,14,14,8,14,14,8,8,8,8,8,14,11,14,10,12,13,10,14,11,1,0,1,1,40,
0,1,14,0.0340681,0,1,42,0.0360721,0,3,42,0.0360721,0,5,7,0.0360721,0,5,8,0.0360721,0,6,57,0.0360722,0,6,58,0.0360721,1,1,0,0.0360722,1,1,1,0.0360721,1,2,0,0.0340681,1,2,1,0.0360722,1,3,7,0.0360721,1,3,8,0.0360721,1,3,9,0.0340681,1,3,10,0.0340681,1,3,35,0.0360721,1,3,49,0.0360721,1,3,50,0.0360722,1,3,51,0.0360721,1,4,0,0.0360722,1,4,1,0.0360721,1,5,0,0.0360721,1,5,1,0.0360722,1,7,0,0.0360721,1,7,1,0.0360721,2,0,56,0.0360722,2,0,57,0.0340682,2,3,0,0.0360721,
d2c3
WHITE
3,14,2,5,4,2,14,3,14,0,0,0,0,0,14,14,0,14,14,14,14,1,0,14,14,14,14,14,14,14,14,0,14,1,14,14,14,14,14,14,14,8,14,14,8,10,14,9,8,14,8,8,14,8,8,8,11,9,10,13,12,14,11,14,1,1,1,0,-1,
0,0,0,0.0360721,0,0,14,0.0340681,0,5,7,0.0360721,0,5,8,0.0360722,0,7,0,0.0360721,0,7,1,0.0360721,0,7,42,0.0360721,1,1,0,0.0360721,1,1,1,0.0360721,1,2,0,0.0340681,1,2,1,0.0360721,1,3,0,0.0360721,1,3,1,0.0360722,1,4,0,0.0360721,1,4,1,0.0360722,2,0,0,0.0360721,2,5,57,0.0360721,2,5,58,0.0340682,2,5,59,0.0360722,2,5,62,0.0360721,2,5,63,0.0360721,2,6,0,0.0340681,3,7,0,0.0360721,4,1,56,0.0340681,4,1,57,0.0360722,4,1,58,0.0360721,4,1,62,0.0360722,4,1,63,0.0360722,
f7f6
BLACK
14,3,14,4,5,2,1,3,0,0,0,14,0,0,14,0,1,14,2,0,14,14,0,14,14,14,14,14,14,14,9,14,8,14,14,14,14,14,14,14,14,8,9,14,14,8,14,8,14,14,8,8,8,14,8,14,11,14,10,12,13,10,14,11,1,0,1,1,-1,
0,1,14,0.0380761,0,1,42,0.0380762,0,3,0,0.0380762,0,3,42,0.0400802,0,4,49,0.0380761,0,5,7,0.0380762,0,5,8,0.0380762,0,6,57,0.0380761,0,6,58,0.0380762,1,1,0,0.0380762,1,1,1,0.0400802,1,4,0,0.0380761,1,4,1,0.0380762,1,5,0,0.0380762,1,5,1,0.0380762,1,7,0,0.0380761,1,7,1,0.0400802,2,0,56,0.0380762,2,0,57,0.0380762,2,2,7,0.0380762,2,2,8,0.0380762,2,2,9,0.0400802,2,2,21,0.0380761,2,2,49,0.0380761,2,2,50,0.0380762,2,3,0,0.0400802,
c3f6 (capture)
WHITE
3,14,2,5,4,2,14,3,14,0,14,0,0,0,14,14,0,14,10,14,14,1,0,14,14,14,14,14,14,14,14,0,14,1,14,14,14,14,14,14,14,8,14,14,8,14,14,9,8,14,8,8,14,8,8,8,11,9,10,13,12,14,11,14,1,1,1,0,-1,
0,0,0,0.0360721,0,0,14,0.0340681,0,3,49,0.0340682,0,5,7,0.0360721,0,5,8,0.0340681,0,7,0,0.0340682,0,7,1,0.0340681,0,7,42,0.0360721,1,1,0,0.0340681,1,1,1,0.0360722,1,1,7,0.0340681,1,3,0,0.0340681,1,3,1,0.0340681,1,3,49,0.0360722,1,4,0,0.0340682,1,4,1,0.0340681,2,0,0,0.0360722,2,5,57,0.0340682,2,5,58,0.0340681,2,5,59,0.0340682,2,5,62,0.0340682,2,5,63,0.0340682,2,6,0,0.0340681,3,7,0,0.0340682,4,1,56,0.0340681,4,1,57,0.0340681,4,1,58,0.0340681,4,1,62,0.0340682,4,1,63,0.0340681,
g4e3
BLACK
14,3,14,4,5,2,1,3,0,0,0,14,0,0,14,0,1,14,14,0,9,14,0,14,14,14,14,14,14,14,14,14,8,14,14,14,14,14,14,14,14,8,9,14,14,2,14,8,14,14,8,8,8,14,8,14,11,14,10,12,13,10,14,11,1,0,1,1,-1,
0,1,14,0.0340681,0,1,42,0.0340681,0,3,0,0.0340682,0,3,42,0.0360721,0,4,49,0.0360721,0,5,7,0.0340681,0,5,8,0.0340681,0,6,57,0.0340681,0,6,58,0.0340681,1,1,0,0.0340681,1,1,1,0.0360722,1,2,0,0.0340681,1,2,1,0.0340682,1,5,0,0.0340681,1,5,1,0.0340682,1,5,49,0.0340681,1,7,0,0.0340682,1,7,1,0.0360722,2,0,56,0.0340681,2,0,57,0.0340681,2,3,0,0.0360722,2,6,0,0.0340681,5,5,7,0.0340682,5,5,21,0.0340682,5,5,22,0.0340681,5,5,35,0.0360721,5,5,36,0.0340682,5,5,37,0.0340682,5,5,49,0.0340682,
f2f4
WHITE
3,14,2,5,4,2,14,3,14,0,14,0,0,0,14,14,0,14,10,14,14,1,0,14,14,14,14,14,14,14,14,0,14,14,8,14,14,14,14,14,14,8,14,1,8,14,14,9,8,14,14,8,14,8,8,8,11,9,10,13,12,14,11,14,1,1,1,0,42,
0,0,0,0.0320641,0,0,14,0.0300601,0,3,49,0.0320641,0,5,7,0.0320641,0,5,8,0.0300601,0,7,0,0.0300601,0,7,1,0.0320641,0,7,42,0.0320642,1,1,0,0.0300601,1,1,1,0.0320641,1,1,7,0.0320641,1,3,0,0.0300601,1,3,1,0.0320641,1,3,49,0.0320641,1,4,0,0.0320641,1,4,1,0.0300601,2,0,0,0.0320641,2,5,57,0.0300601,2,5,58,0.0300601,2,5,59,0.0320641,2,5,62,0.0320641,2,5,63,0.0320641,2,6,0,0.0300601,3,7,0,0.0300601,5,3,56,0.0320642,5,3,57,0.0320642,5,3,58,0.0300601,5,3,59,0.0320641,5,3,60,0.0300601,5,3,61,0.0320641,5,3,62,0.0300601,5,3,63,0.0320641,
a8a7
BLACK
14,3,14,4,5,2,1,3,0,0,0,14,0,14,14,0,1,14,14,0,9,14,0,14,14,14,14,14,14,0,14,14,8,14,14,14,14,14,14,14,14,8,9,14,14,2,14,8,11,14,8,8,8,14,8,14,14,14,10,12,13,10,14,11,1,0,1,0,-1,
0,1,14,0.0340681,0,1,42,0.0360721,0,3,0,0.0360722,0,3,42,0.0360721,0,4,7,0.0360722,0,4,49,0.0360721,0,5,7,0.0360722,0,5,8,0.0360721,0,6,57,0.0360721,0,6,58,0.0360721,1,1,0,0.0360721,1,1,1,0.0360721,1,2,0,0.0340681,1,2,1,0.0360722,1,7,0,0.0360721,1,7,1,0.0360721,2,0,56,0.0360721,2,0,57,0.0340681,2,3,0,0.0360721,2,6,0,0.0340682,3,5,0,0.0360722,5,5,7,0.0360722,5,5,21,0.0360721,5,5,22,0.0360721,5,5,35,0.0360721,5,5,36,0.0340681,5,5,37,0.0360721,5,5,49,0.0360722,
d1c1
WHITE
3,14,2,5,4,2,14,14,14,0,14,0,0,0,14,3,0,14,10,14,14,1,0,14,14,14,14,14,14,14,14,0,14,14,8,14,14,14,14,14,14,8,14,1,8,14,14,9,8,14,14,8,14,8,8,8,11,9,10,13,14,12,11,14,1,0,1,0,-1,
0,0,0,0.0320641,0,0,14,0.0320641,0,3,49,0.0320641,0,5,7,0.0320641,0,5,8,0.0320641,1,1,0,0.0320641,1,1,1,0.0340681,1,1,7,0.0320641,1,3,0,0.0320641,1,3,1,0.0320641,1,3,49,0.0340681,1,4,0,0.0320641,1,4,1,0.0320641,1,7,0,0.0320641,1,7,28,0.0320641,1,7,42,0.0320641,2,0,0,0.0320641,2,5,57,0.0320641,2,5,58,0.0320641,2,5,59,0.0320641,2,5,62,0.0320641,2,6,0,0.0320641,3,7,0,0.0320641,5,3,56,0.0320641,5,3,57,0.0320641,5,3,58,0.0320641,5,3,59,0.0320641,5,3,60,0.0320641,5,3,61,0.0340681,5,3,62,0.0320641,5,3,63,0.0320641,
c6e5
BLACK
14,3,4,14,5,2,1,3,0,0,0,14,0,14,14,0,1,14,14,0,9,14,0,14,14,14,14,14,14,0,14,14,8,14,14,14,9,14,14,14,14,8,14,14,14,2,14,8,11,14,8,8,8,14,8,14,14,14,10,12,13,10,14,11,1,0,1,0,-1,
0,1,42,0.0380761,0,2,7,0.0360721,0,2,8,0.0380762,0,2,14,0.0360722,0,4,7,0.0360721,0,4,49,0.0380761,0,5,7,0.0380761,0,5,8,0.0360721,0,6,57,0.0360721,0,6,58,0.0360722,1,1,0,0.0360721,1,1,1,0.0380762,1,2,0,0.0360721,1,2,1,0.0380762,1,7,0,0.0360721,1,7,1,0.0380761,2,0,56,0.0360722,2,0,57,0.0360721,2,3,0,0.0380761,2,6,0,0.0360721,3,5,0,0.0380761,3,5,49,0.0380761,5,5,7,0.0380761,5,5,21,0.0380761,5,5,22,0.0360722,5,5,35,0.0380762,5,5,49,0.0360721,
a3c4
WHITE
3,14,2,5,4,2,14,14,14,0,14,0,0,0,14,3,0,14,10,14,14,14,0,14,14,14,14,1,14,14,14,0,14,14,8,14,14,9,14,14,14,8,14,1,8,14,14,14,8,14,14,8,14,8,8,8,11,9,10,13,14,12,11,14,1,0,1,0,-1,
0,0,0,0.0300601,0,0,14,0.0280561,0,3,49,0.0280561,0,5,7,0.0280561,0,5,8,0.0280561,1,1,0,0.0280561,1,1,1,0.0300601,1,1,7,0.0280561,1,3,0,0.0280561,1,3,49,0.0300601,1,4,0,0.0280561,1,4,1,0.0280561,1,5,0,0.0280561,1,5,1,0.0280561,1,7,0,0.0280561,1,7,28,0.0280561,1,7,42,0.0280561,2,0,0,0.0300601,2,6,0,0.0280561,3,3,56,0.0280561,3,3,57,0.0300601,3,3,58,0.0300601,3,3,59,0.0280561,3,3,60,0.0280561,3,3,61,0.0280561,3,3,63,0.0300601,3,7,0,0.0280561,5,3,56,0.0300601,5,3,57,0.0280561,5,3,58,0.0280561,5,3,59,0.0280561,5,3,60,0.0280561,5,3,61,0.0300601,5,3,62,0.0280561,5,3,63,0.0280561,
h8h7
BLACK
14,3,4,14,5,2,1,3,0,0,0,14,0,14,14,0,14,14,14,0,9,14,0,14,14,14,1,14,14,0,14,14,8,14,14,14,9,14,14,14,14,8,14,14,14,2,14,8,11,14,8,8,8,14,8,11,14,14,10,12,13,10,14,14,1,0,0,0,-1,
0,1,42,0.0300601,0,2,7,0.0300601,0,2,8,0.0300601,0,2,14,0.0300601,0,4,7,0.0300601,0,4,49,0.0300601,0,5,7,0.0300601,0,5,8,0.0300601,0,6,57,0.0300601,0,6,58,0.0300601,1,0,0,0.0300601,1,0,1,0.0300601,1,1,0,0.0300601,1,1,1,0.0320641,1,2,0,0.0300601,1,7,0,0.0300601,1,7,1,0.0320641,2,3,0,0.0320641,2,6,0,0.0300601,3,2,56,0.0300601,3,2,57,0.0300601,3,2,58,0.0300601,3,2,59,0.0300601,3,2,60,0.0300601,3,2,62,0.0300601,3,2,63,0.0300601,3,5,0,0.0300601,3,5,49,0.0300601,5,5,7,0.0300601,5,5,21,0.0300601,5,5,22,0.0300601,5,5,35,0.0320642,5,5,49,0.0300601,
c4e3 (capture)
WHITE
14,14,2,5,4,2,14,14,3,0,14,0,0,0,14,3,0,14,10,14,14,14,0,14,14,14,14,1,14,14,14,0,14,14,8,14,14,14,14,14,14,8,14,9,8,14,14,14,8,14,14,8,14,8,8,8,11,9,10,13,14,12,11,14,0,0,1,0,-1,
0,3,49,0.0380761,0,5,7,0.0380762,0,5,8,0.0380762,1,0,28,0.0380762,1,1,0,0.0380762,1,1,1,0.0400802,1,1,7,0.0380762,1,3,0,0.0380762,1,3,49,0.0400802,1,4,0,0.0380761,1,4,1,0.0380761,1,5,0,0.0380762,1,5,1,0.0380762,1,7,0,0.0380762,1,7,28,0.0380762,1,7,42,0.0380761,2,0,0,0.0380762,2,6,0,0.0380761,3,3,56,0.0380761,3,3,57,0.0400802,3,3,58,0.0400802,3,3,59,0.0380761,3,3,60,0.0380762,3,3,61,0.0380762,3,3,63,0.0400802,3,7,0,0.0380762,
b6b5
BLACK
14,3,4,14,5,2,1,3,0,0,0,14,0,14,14,0,14,14,14,0,1,14,0,14,14,14,14,14,14,0,14,14,8,8,14,14,9,14,14,14,14,14,14,14,14,2,14,8,11,14,8,8,8,14,8,11,14,14,10,12,13,10,14,14,1,0,0,0,-1,
0,1,42,0.0300601,0,2,7,0.0300601,0,2,14,0.0300601,0,4,7,0.0300601,0,4,42,0.0300601,0,4,49,0.0300601,0,5,7,0.0300601,0,5,8,0.0300601,0,6,57,0.0300601,0,6,58,0.0300601,1,0,0,0.0300601,1,0,1,0.0300601,1,1,0,0.0300601,1,1,1,0.0320641,1,2,0,0.0300601,1,2,1,0.0300601,1,7,0,0.0300601,1,7,1,0.0320641,2,3,0,0.0320641,2,4,56,0.0300601,2,4,57,0.0300601,2,4,58,0.0300601,2,4,59,0.0300601,2,4,61,0.0300601,2,4,63,0.0300601,2,6,0,0.0300601,3,5,0,0.0300601,3,5,49,0.0300601,5,5,7,0.0300601,5,5,21,0.0300601,5,5,22,0.0300601,5,5,35,0.0320642,5,5,49,0.0300601,
f6g5
WHITE
14,14,2,5,4,2,14,14,3,0,14,0,0,0,14,3,0,14,14,14,14,14,14,14,14,10,14,1,14,14,0,0,14,14,8,14,14,14,14,14,14,8,14,9,8,14,14,14,8,14,14,8,14,8,8,8,11,9,10,13,14,12,11,14,0,0,1,0,-1,
0,3,49,0.0420842,0,5,7,0.0420842,0,5,8,0.0400801,1,0,28,0.0400802,1,1,0,0.0420842,1,3,0,0.0420842,1,4,0,0.0420841,1,4,1,0.0420842,1,5,0,0.0400802,1,5,1,0.0420842,1,7,0,0.0420842,1,7,28,0.0420842,1,7,42,0.0420842,2,0,0,0.0420842,2,0,7,0.0420842,3,3,56,0.0400802,3,3,57,0.0420842,3,3,58,0.0420842,3,3,59,0.0420842,3,3,60,0.0420842,3,3,61,0.0420842,3,3,63,0.0420842,3,6,0,0.0420842,3,7,0,0.0400802,
c7c6
BLACK
14,3,4,14,5,2,1,3,0,0,0,14,0,14,14,0,14,14,14,0,1,14,0,14,14,14,14,14,14,0,14,14,8,8,14,14,9,14,2,14,14,14,8,14,14,14,14,8,11,14,14,8,8,14,8,11,14,14,10,12,13,10,14,14,1,0,0,0,-1,
0,1,42,0.0320641,0,2,7,0.0320641,0,2,14,0.0300601,0,4,7,0.0300601,0,4,42,0.0320641,0,4,49,0.0320642,0,5,7,0.0320641,0,5,8,0.0300601,0,6,57,0.0300601,0,6,58,0.0320641,1,0,0,0.0300601,1,0,1,0.0320641,1,1,0,0.0300601,1,1,1,0.0320641,1,2,0,0.0300601,1,2,1,0.0320642,1,7,0,0.0320641,1,7,1,0.0320641,2,3,0,0.0320641,2,4,56,0.0300601,2,4,57,0.0300601,2,4,58,0.0320642,2,4,59,0.0300601,2,4,61,0.0320641,2,4,63,0.0320641,2,6,0,0.0300601,3,5,0,0.0320641,3,5,49,0.0320641,4,6,7,0.0300601,4,6,21,0.0320641,4,6,49,0.0320641,4,6,50,0.0300601,
e3g4
WHITE
14,14,2,5,4,2,14,14,3,0,14,0,0,14,14,3,0,14,14,14,14,0,14,14,14,10,14,1,14,14,0,0,14,9,8,14,14,14,14,14,14,8,14,14,8,14,14,14,8,14,14,8,14,8,8,8,11,9,10,13,14,12,11,14,0,0,1,0,-1,
0,3,49,0.0400801,0,4,7,0.0400801,0,4,8,0.0400801,0,5,7,0.0400802,0,5,8,0.0400802,1,0,28,0.0400802,1,1,0,0.0400801,1,3,0,0.0400802,1,4,0,0.0400801,1,4,1,0.0400802,1,7,0,0.0400801,1,7,28,0.0400802,1,7,42,0.0400802,1,7,43,0.0400802,2,0,0,0.0400802,2,0,7,0.0400801,2,5,0,0.0380762,3,3,56,0.0400802,3,3,57,0.0400802,3,3,58,0.0400802,3,3,59,0.0400802,3,3,60,0.0400801,3,3,61,0.0400802,3,6,0,0.0400802,3,7,0,0.0400802,
e5d3 (capture)
BLACK
14,3,4,14,5,2,1,3,0,0,0,14,0,14,14,0,14,14,14,9,14,14,0,14,14,14,14,14,14,0,1,14,8,8,14,14,14,14,2,14,14,14,8,14,14,14,14,8,11,14,14,8,8,14,8,11,14,14,10,12,13,10,14,14,1,0,0,0,-1,
0,4,42,0.250501,0,4,49,0.250501,1,2,7,0.248497,1,4,49,0.250501,
e2d3 (capture)
WHITE
14,14,2,5,4,2,14,14,3,0,14,0,0,14,14,3,0,14,14,14,14,0,14,14,14,10,14,14,14,14,0,0,14,9,8,14,14,14,14,14,14,8,14,14,8,14,14,14,8,14,14,14,14,8,8,8,11,9,10,13,14,12,11,14,0,0,1,0,-1,
0,3,49,0.0501002,0,4,7,0.0501002,0,4,8,0.0501002,0,5,7,0.0501002,0,5,8,0.0501002,1,0,28,0.0501002,1,1,0,0.0501002,1,3,0,0.0501002,1,3,1,0.0501002,1,4,0,0.0501002,1,4,1,0.0501002,1,7,0,0.0501002,1,7,28,0.0501002,1,7,42,0.0501002,1,7,43,0.0501002,2,0,0,0.0501002,2,0,7,0.0501002,2,5,0,0.0480961,3,6,0,0.0501002,3,7,0,0.0501002,
g7g6
BLACK
14,3,4,14,5,2,1,3,0,0,0,14,14,14,14,0,14,14,14,0,14,14,0,14,14,14,14,14,14,0,1,14,8,8,14,14,14,14,2,14,14,14,8,14,14,14,8,8,11,14,14,8,8,14,14,11,14,14,10,12,13,10,14,14,1,0,0,0,-1,
0,1,42,0.0300601,0,2,7,0.0300601,0,2,8,0.0300601,0,2,14,0.0300601,0,4,0,0.0300601,0,4,7,0.0300601,0,4,42,0.0300601,0,4,49,0.0320642,0,5,7,0.0300601,0,5,8,0.0300601,0,5,49,0.0300601,0,6,57,0.0300601,0,6,58,0.0300601,0,6,59,0.0300601,1,0,0,0.0300601,1,0,1,0.0300601,1,1,0,0.0300601,1,1,1,0.0320641,1,2,0,0.0300601,1,2,1,0.0300601,1,7,0,0.0300601,1,7,1,0.0320641,2,3,0,0.0320641,3,5,0,0.0300601,3,6,57,0.0300601,3,6,58,0.0300601,3,6,59,0.0300601,3,6,60,0.0300601,3,6,61,0.0300601,4,6,7,0.0300601,4,6,21,0.0300601,4,6,49,0.0300601,4,6,50,0.0300601,
b2b3
WHITE
14,14,2,5,4,2,14,14,3,14,14,0,0,14,14,3,0,0,14,14,14,0,14,14,14,10,14,14,14,14,0,0,14,9,8,14,14,14,14,14,14,8,14,14,8,14,8,14,8,14,14,14,14,8,14,8,11,9,10,13,14,12,11,14,0,0,1,0,-1,
0,2,49,0.0460922,0,3,49,0.0460922,0,4,7,0.0440882,0,4,8,0.0440882,0,5,7,0.0460922,0,5,8,0.0440882,1,0,14,0.0460922,1,0,15,0.0460922,1,0,28,0.0440882,1,3,0,0.0460922,1,3,1,0.0460922,1,4,0,0.0460922,1,4,1,0.0460922,1,7,0,0.0460922,1,7,28,0.0460922,1,7,42,0.0460922,1,7,43,0.0440882,2,0,0,0.0460922,2,0,7,0.0460922,2,5,0,0.0440881,3,6,0,0.0460922,3,7,0,0.0440882,
h7h8
BLACK
14,3,4,14,5,2,1,3,0,14,0,14,14,14,14,0,14,0,14,0,14,14,0,14,14,14,14,14,14,0,1,14,8,8,14,14,14,14,2,14,14,14,8,14,14,14,8,8,11,14,14,8,8,14,14,14,14,14,10,12,13,10,14,11,1,0,0,0,-1,
0,1,0,0.0280561,0,1,42,0.0280561,0,2,7,0.0280561,0,2,8,0.0300601,0,2,14,0.0280561,0,2,49,0.0280561,0,2,50,0.0300601,0,4,0,0.0300601,0,4,7,0.0280561,0,4,42,0.0280561,0,4,49,0.0300601,0,5,7,0.0300601,0,5,8,0.0280561,0,5,49,0.0280561,0,6,57,0.0280561,0,6,58,0.0280561,0,6,59,0.0280561,1,0,0,0.0280561,1,0,1,0.0300601,1,2,0,0.0280561,1,2,1,0.0280561,1,7,0,0.0280561,1,7,1,0.0300601,2,1,0,0.0280561,2,3,0,0.0300601,3,5,0,0.0280561,3,6,57,0.0280561,3,6,58,0.0280561,3,6,59,0.0280561,3,6,60,0.0280561,3,6,61,0.0280561,4,6,7,0.0280561,4,6,21,0.0280561,4,6,49,0.0300601,4,6,50,0.0280561,
c1a3
WHITE
3,14,2,5,4,2,14,14,14,14,14,0,0,14,14,3,0,0,14,14,14,0,14,14,14,10,14,14,14,14,0,0,14,9,8,14,14,14,14,14,14,8,14,14,8,14,8,12,8,14,14,14,14,8,14,8,11,9,10,13,14,14,11,14,0,0,1,0,-1,
0,0,0,0.0480962,0,0,14,0.0460922,0,2,49,0.0480962,0,3,49,0.0480962,0,4,7,0.0460922,0,4,8,0.0460922,0,5,7,0.0480962,0,5,8,0.0480962,1,3,0,0.0480962,1,3,1,0.0480962,1,4,0,0.0480962,1,4,1,0.0480962,1,7,0,0.0480962,1,7,28,0.0480962,1,7,42,0.0480962,1,7,43,0.0460922,2,0,0,0.0480962,2,0,7,0.0480962,2,5,0,0.0460922,3,6,0,0.0480962,3,7,0,0.0480962,
b5b4
BLACK
14,3,14,14,5,2,1,3,0,14,0,14,14,14,14,0,4,0,14,0,14,14,0,14,14,8,14,14,14,0,1,14,8,14,14,14,14,14,2,14,14,14,8,14,14,14,8,8,11,14,14,8,8,14,14,14,14,14,10,12,13,10,14,11,1,0,0,0,-1,
0,1,0,0.0280561,0,1,14,0.0280561,0,1,15,0.0300601,0,1,42,0.0300601,0,4,0,0.0300601,0,4,7,0.0280561,0,4,42,0.0300601,0,4,49,0.0300601,0,5,7,0.0300601,0,5,8,0.0280561,0,5,49,0.0280561,0,6,57,0.0300601,0,6,58,0.0300601,0,6,59,0.0300601,1,2,0,0.0280561,1,2,1,0.0300601,1,7,0,0.0300601,1,7,1,0.0300601,2,0,0,0.0300601,2,0,1,0.0300601,2,0,7,0.0300601,2,0,21,0.0300601,2,0,22,0.0280561,2,3,0,0.0300601,3,5,0,0.0300601,3,6,57,0.0280561,3,6,58,0.0280561,3,6,59,0.0300601,3,6,60,0.0280561,3,6,61,0.0300601,4,6,7,0.0280561,4,6,21,0.0300601,4,6,49,0.0300601,4,6,50,0.0300601,
g4e5
WHITE
3,14,2,5,4,2,14,14,14,14,14,0,0,14,14,3,0,0,14,14,14,0,14,14,14,10,14,9,14,14,14,0,14,14,8,14,14,14,0,14,14,8,14,14,8,14,8,12,8,14,14,14,14,8,14,8,11,9,10,13,14,14,11,14,0,0,1,0,-1,
0,0,0,0.0541082,0,0,14,0.0521042,0,2,49,0.0521042,0,4,7,0.0521042,0,4,8,0.0521042,0,5,7,0.0541082,0,5,8,0.0521042,1,3,0,0.0521042,1,4,0,0.0541082,1,4,1,0.0521042,1,7,0,0.0521042,1,7,28,0.0521042,1,7,42,0.0541082,1,7,43,0.0521042,2,0,0,0.0541082,2,0,7,0.0521042,2,5,0,0.0521042,3,7,0,0.0521042,4,6,7,0.0521042,
c8a6
BLACK
14,3,14,14,5,2,1,3,0,14,0,14,14,14,14,0,4,0,14,0,14,14,0,14,14,8,14,14,14,0,14,14,8,14,14,14,1,14,2,14,10,14,8,14,14,14,8,8,11,14,14,8,8,14,14,14,14,14,14,12,13,10,14,11,1,0,0,0,-1,
0,1,0,0.0260521,0,1,14,0.0260521,0,1,15,0.0280561,0,1,42,0.0260521,0,4,0,0.0280561,0,4,7,0.0260521,0,4,42,0.0280561,0,4,49,0.0280561,0,5,7,0.0280561,0,5,8,0.0260521,0,5,49,0.0260521,0,6,57,0.0260521,0,6,58,0.0260521,0,6,59,0.0280561,1,2,0,0.0260521,1,2,1,0.0260521,1,7,0,0.0260521,1,7,1,0.0280561,2,0,0,0.0280561,2,0,1,0.0280561,2,0,7,0.0260521,2,0,21,0.0280561,2,0,22,0.0260521,2,3,0,0.0280561,2,6,0,0.0260521,3,5,0,0.0260521,4,4,56,0.0280561,4,4,57,0.0280561,4,4,58,0.0280561,4,4,59,0.0280561,4,4,60,0.0260521,4,4,62,0.0280561,4,4,63,0.0280561,4,6,7,0.0260521,4,6,21,0.0260521,4,6,49,0.0280561,4,6,50,0.0260521,
a3b2
WHITE
3,14,2,5,4,14,14,14,14,14,14,0,0,14,14,3,0,0,14,14,14,0,14,2,14,10,14,9,14,14,14,0,14,14,8,14,14,14,0,14,14,8,14,14,8,14,8,14,8,14,14,14,14,8,12,8,11,9,10,13,14,14,11,14,0,0,1,0,-1,
0,0,0,0.0440882,0,0,14,0.0420842,0,2,49,0.0440882,0,4,7,0.0440882,0,4,8,0.0420842,0,4,14,0.0420842,0,4,15,0.0440882,0,4,16,0.0440882,1,3,0,0.0440882,1,4,0,0.0440882,1,4,1,0.0440882,1,7,28,0.0440882,1,7,42,0.0440882,1,7,43,0.0420842,2,0,0,0.0440882,2,0,7,0.0440882,2,5,0,0.0420842,2,7,35,0.0440882,2,7,36,0.0420842,2,7,49,0.0440882,2,7,50,0.0420842,2,7,51,0.0440882,3,7,0,0.0440882,
a6d3 (capture)
BLACK
14,3,14,14,5,2,1,3,0,4,0,14,14,14,14,0,14,0,14,10,14,14,0,14,14,8,14,14,14,0,14,14,8,14,14,14,1,14,2,14,14,14,8,14,14,14,8,8,11,14,14,8,8,14,14,14,14,14,14,12,13,10,14,11,1,0,0,0,-1,
0,1,14,0.0240481,0,1,15,0.0260521,0,1,42,0.0260521,0,4,7,0.0260521,0,4,42,0.0260521,0,4,49,0.0260521,0,5,7,0.0260521,0,5,8,0.0260521,0,5,49,0.024048,0,5,50,0.0260521,0,6,57,0.0260521,0,6,58,0.0260521,0,6,59,0.0260521,1,0,0,0.0260521,1,0,1,0.0260521,1,1,7,0.0260521,1,1,8,0.0260522,1,1,21,0.0240481,1,1,35,0.0260521,1,1,49,0.0260521,1,2,0,0.0240481,1,2,1,0.0260521,1,2,7,0.0240481,1,7,0,0.0260522,1,7,1,0.0260521,2,6,0,0.0240481,3,5,0,0.0260521,4,4,56,0.0260521,4,4,57,0.0260521,4,4,58,0.0260521,4,4,59,0.0260521,4,4,60,0.0260521,4,4,61,0.0240481,4,4,62,0.0260521,4,4,63,0.0260521,4,6,7,0.0240481,4,6,21,0.0260521,4,6,49,0.0260521,4,6,50,0.0260521,
g5h4
WHITE
3,14,2,5,4,14,14,14,14,14,14,0,0,14,14,3,0,0,14,14,14,0,14,14,14,14,14,9,14,14,14,0,10,14,8,14,14,14,0,14,14,8,14,14,2,14,8,14,8,14,14,14,14,8,12,8,11,9,10,13,14,14,11,14,0,0,1,0,-1,
0,0,0,0.0411908,0,0,14,0.0331799,0,2,49,0.0331799,0,4,7,0.03318,0,4,8,0.0331799,0,4,14,0.0331799,0,4,15,0.0411908,0,4,16,0.0411908,1,3,0,0.0331799,1,4,0,0.0411908,1,4,1,0.0331799,1,7,0,0.0331799,1,7,28,0.0331799,1,7,42,0.0411909,1,7,43,0.0331799,2,0,0,0.0411908,2,1,0,0.0331799,2,5,0,0.0331799,3,7,0,0.0331799,5,4,7,0.0411908,5,4,21,0.0411908,5,4,22,0.0411908,5,4,23,0.03318,5,4,35,0.0411908,5,4,36,0.0411909,5,4,49,0.0411908,5,4,50,0.0411908,
h8h7
BLACK
14,3,14,14,5,2,1,3,0,4,0,14,14,14,14,0,14,0,14,10,14,14,0,14,14,8,14,14,14,0,14,2,8,14,14,14,1,14,14,14,14,14,8,14,14,14,8,8,11,14,14,8,8,14,14,11,14,14,14,12,13,10,14,14,1,0,0,0,-1,
0,1,14,0.0231423,0,1,15,0.0311276,0,1,42,0.0311276,0,4,7,0.0231423,0,4,42,0.0311276,0,4,49,0.0311276,0,5,7,0.0311276,0,5,8,0.0231423,0,5,49,0.0231423,0,5,50,0.0231423,0,6,57,0.0231423,0,6,58,0.0231423,0,6,59,0.0311276,1,0,0,0.0231423,1,0,1,0.0311276,1,1,7,0.0311276,1,1,8,0.0231423,1,1,21,0.0231423,1,1,35,0.0311276,1,1,49,0.0311276,1,2,0,0.0231423,1,2,1,0.0231423,1,2,7,0.0231423,1,7,0,0.0231423,2,6,0,0.0231423,3,5,0,0.0231423,3,7,49,0.0311276,3,7,50,0.0231423,3,7,51,0.0311276,4,4,56,0.0311276,4,4,57,0.0311276,4,4,58,0.0311276,4,4,59,0.0311276,4,4,60,0.0231423,4,4,61,0.0231423,4,4,62,0.0311276,4,4,63,0.0311276,
e5d7 (capture)
WHITE
14,14,2,5,4,14,14,14,3,14,14,0,9,14,14,3,0,0,14,14,14,0,14,14,14,14,14,14,14,14,14,0,10,14,8,14,14,14,0,14,14,8,14,14,2,14,8,14,8,14,14,14,14,8,12,8,11,9,10,13,14,14,11,14,0,0,1,0,-1,
0,2,49,0.0314236,0,3,7,0.0314235,0,3,49,0.0314235,0,4,0,0.0314235,0,4,7,0.0314236,0,4,8,0.0314234,0,4,14,0.0314235,0,4,15,0.0400471,0,4,16,0.0314235,1,0,14,0.0314235,1,0,15,0.0314235,1,0,28,0.0314236,1,3,0,0.0314236,1,3,1,0.0314235,1,7,0,0.0314236,1,7,28,0.0314235,1,7,42,0.0314235,1,7,43,0.0314235,1,7,44,0.0314235,2,0,0,0.0314235,2,1,0,0.0314235,2,5,0,0.0314235,3,7,0,0.0314235,5,4,7,0.0400471,5,4,21,0.0400471,5,4,22,0.0314235,5,4,23,0.0314235,5,4,35,0.0314235,5,4,36,0.0314235,5,4,49,0.0314235,5,4,50,0.0314235,
h7h8
BLACK
14,3,14,14,5,2,1,3,0,4,0,14,14,14,14,0,14,0,14,10,14,14,0,14,14,8,14,14,14,0,14,2,8,14,14,14,14,14,14,14,14,14,8,14,14,14,8,8,11,14,14,1,8,14,14,14,14,14,14,12,13,10,14,11,1,0,0,0,-1,
0,1,14,0.0197246,0,1,15,0.0271679,0,1,42,0.0271679,0,4,7,0.0271678,0,4,42,0.0271679,0,4,49,0.0271679,0,5,7,0.0271679,0,5,8,0.0271679,0,5,49,0.0271679,0,5,50,0.0271678,0,6,57,0.0271679,0,6,58,0.0271678,0,6,59,0.0271679,1,0,0,0.0271679,1,0,1,0.0271679,1,1,7,0.0271679,1,1,8,0.0271679,1,1,9,0.0271679,1,1,10,0.0197245,1,1,11,0.0271679,1,1,12,0.0271679,1,1,21,0.0271678,1,1,35,0.0271679,1,1,49,0.0271679,1,2,0,0.0197245,1,2,1,0.0271679,1,2,7,0.0271679,1,7,0,0.0271679,2,6,0,0.0197245,3,5,0,0.0271679,3,7,49,0.0271679,3,7,50,0.0197246,3,7,51,0.0271679,6,3,56,0.0271679,6,3,59,0.0197245,6,3,60,0.0271678,6,3,61,0.0271679,6,3,62,0.0197245,6,3,63,0.0197246,
h4f6
WHITE
3,14,2,5,4,14,14,14,14,14,14,0,9,14,14,3,0,0,10,14,14,0,14,14,14,14,14,14,14,14,14,0,14,14,8,14,14,14,0,14,14,8,14,14,2,14,8,14,8,14,14,14,14,8,12,8,11,9,10,13,14,14,11,14,0,0,1,0,-1,
0,0,0,0.0314235,0,0,14,0.0314235,0,2,49,0.0314236,0,3,7,0.0314235,0,3,49,0.0314235,0,4,0,0.0314235,0,4,7,0.0314236,0,4,8,0.0314236,0,4,14,0.0314235,0,4,15,0.0314235,0,4,16,0.0314235,1,3,0,0.0314235,1,3,1,0.0314236,1,3,49,0.0400471,1,7,0,0.0314235,1,7,28,0.0314235,1,7,42,0.0314235,1,7,43,0.0314235,1,7,44,0.0314235,2,0,0,0.0314235,2,1,0,0.0314235,2,5,0,0.0314234,3,7,0,0.0314235,5,4,7,0.0400471,5,4,21,0.0400471,5,4,22,0.0314235,5,4,23,0.0314236,5,4,35,0.0314235,5,4,36,0.0314235,5,4,49,0.0314235,5,4,50,0.0314235,
e7f6 (capture)
BLACK
14,3,14,14,5,2,1,3,0,4,0,14,14,14,14,0,14,0,14,10,14,14,0,14,14,8,14,14,14,0,14,14,8,14,14,14,14,14,14,14,14,14,8,14,14,8,8,8,11,14,14,1,14,14,14,14,14,14,14,12,13,10,14,11,1,0,0,0,-1,
0,1,14,0.0264129,0,1,15,0.0348072,0,1,42,0.0264129,0,4,7,0.0264129,0,4,42,0.0348072,0,4,49,0.0348072,0,5,7,0.0348072,0,5,8,0.0264129,0,5,49,0.0264129,0,5,50,0.0264129,0,6,57,0.0264129,0,6,58,0.0264129,0,6,59,0.0264129,1,0,0,0.0264129,1,0,1,0.0348072,1,1,7,0.0348072,1,1,8,0.0264129,1,1,9,0.0264129,1,1,10,0.0264129,1,1,21,0.0264129,1,1,35,0.0348072,1,1,49,0.0264129,1,2,0,0.0264129,1,2,1,0.0264129,1,2,7,0.0264129,1,7,0,0.0264129,1,7,1,0.0348072,2,6,0,0.0264129,3,5,0,0.0264129,6,3,56,0.0264129,6,3,59,0.0264129,6,3,60,0.0264129,6,3,61,0.0348072,6,3,62,0.0264129,6,3,63,0.0264128,
d7c5
WHITE
3,14,2,5,4,14,14,14,14,14,14,14,14,14,14,3,0,0,0,14,14,0,14,14,14,14,14,14,14,9,14,0,14,14,8,14,14,14,0,14,14,8,14,14,2,14,8,14,8,14,14,14,14,8,12,8,11,9,10,13,14,14,11,14,0,0,1,0,-1,
0,0,0,0.0271679,0,0,14,0.0197245,0,2,7,0.0271679,0,2,8,0.0271679,0,2,9,0.0271679,0,2,49,0.0271679,0,3,0,0.0271678,0,3,49,0.0271679,0,4,0,0.0271679,0,4,1,0.0197245,0,4,2,0.0271679,0,4,3,0.0271679,0,4,7,0.0197245,0,4,8,0.0197246,0,4,14,0.0197246,0,4,15,0.0271679,0,4,16,0.0271679,0,4,49,0.0271679,1,7,0,0.0271678,1,7,28,0.0271678,1,7,42,0.0271678,1,7,43,0.0197245,1,7,44,0.0271679,1,7,45,0.0271679,1,7,46,0.0271679,1,7,47,0.0197245,1,7,48,0.0271679,2,0,0,0.0271679,2,1,0,0.0271679,2,2,0,0.0271679,3,7,0,0.0197246,5,4,7,0.0271679,5,4,21,0.0271679,5,4,22,0.0271678,5,4,23,0.0271679,5,4,35,0.0271679,5,4,36,0.0271679,5,4,49,0.0271679,5,4,50,0.0271679,
d8a8
BLACK
14,3,14,14,5,2,1,3,0,4,0,14,14,14,14,0,14,0,14,10,14,14,0,14,14,8,14,14,14,0,14,14,8,14,1,14,14,14,14,14,14,14,8,14,14,8,8,8,11,14,14,14,14,14,14,14,12,14,14,14,13,10,14,11,1,0,0,0,-1,
0,1,14,0.0214148,0,1,15,0.028804,0,1,42,0.0288041,0,4,7,0.0288041,0,4,42,0.0288041,0,4,49,0.028804,0,5,7,0.028804,0,5,8,0.0288041,0,5,49,0.0288041,0,5,50,0.0288041,0,6,57,0.0288041,0,6,58,0.0288041,0,6,59,0.028804,1,0,0,0.0288041,1,0,1,0.028804,1,1,7,0.028804,1,1,8,0.0288041,1,1,9,0.0288041,1,1,10,0.0214148,1,1,21,0.0288041,1,1,35,0.028804,1,1,49,0.0288041,1,2,0,0.0214148,1,2,1,0.0288041,1,2,7,0.0288041,1,7,0,0.0288041,1,7,1,0.028804,2,6,0,0.0214148,3,5,0,0.0288041,4,2,56,0.0214148,4,2,57,0.028804,4,2,58,0.0288041,4,2,59,0.0288041,4,2,60,0.0288041,4,2,62,0.028804,4,2,63,0.0288041,
c5d3 (capture)
WHITE
3,14,2,5,14,14,14,4,14,14,14,14,14,14,14,3,0,0,0,14,14,0,14,14,14,14,14,14,14,14,14,0,14,14,8,14,14,14,0,14,14,8,14,14,9,14,8,14,8,14,14,14,14,8,12,8,11,9,10,13,14,14,11,14,0,0,1,0,-1,
0,0,0,0.0411908,0,0,14,0.0331799,0,2,7,0.0331799,0,2,8,0.0411908,0,2,9,0.0331799,0,2,49,0.0331799,0,3,0,0.0331799,0,3,7,0.0411909,0,3,14,0.0411908,0,3,49,0.03318,0,7,42,0.0411908,0,7,43,0.0411908,0,7,44,0.0331799,0,7,49,0.0331799,1,7,0,0.0331799,1,7,42,0.0411908,1,7,43,0.0331799,1,7,44,0.0411908,1,7,45,0.0411908,1,7,46,0.0411908,1,7,47,0.0331799,1,7,48,0.0411908,2,0,0,0.0411908,2,1,0,0.0411909,2,2,0,0.0331799,2,5,0,0.0331799,3,7,0,0.03318,
e8d7
BLACK
14,3,14,14,5,2,1,3,0,4,0,14,14,14,14,0,14,0,14,1,14,14,0,14,14,8,14,14,14,0,14,14,8,14,14,14,14,14,14,14,14,14,8,14,14,8,8,8,11,14,14,13,14,14,14,14,12,14,14,14,14,10,14,11,1,0,0,0,-1,
0,1,14,0.0292585,0,1,15,0.0378762,0,1,42,0.0292585,0,4,0,0.0292585,0,4,7,0.0292584,0,4,42,0.0292585,0,4,49,0.0292585,0,5,7,0.0292585,0,5,8,0.0292584,0,5,49,0.0292585,0,6,57,0.0292584,0,6,58,0.0292584,0,6,59,0.0292585,1,0,0,0.0292585,1,0,1,0.0292585,1,1,7,0.0292585,1,1,8,0.0292584,1,1,9,0.0292584,1,1,10,0.0292584,1,1,21,0.0292584,1,1,35,0.0292584,1,1,49,0.0292585,1,2,0,0.0292584,1,2,1,0.0292585,1,7,0,0.0292585,1,7,1,0.0378762,2,3,57,0.0378762,2,3,58,0.0292584,2,3,59,0.0292584,2,3,61,0.0292584,2,3,63,0.0378762,2,6,0,0.0292584,3,5,0,0.0292585,
b2a1
WHITE
3,14,2,14,14,14,14,4,14,14,14,14,5,14,14,3,0,0,0,14,14,0,14,14,14,14,14,14,14,14,14,0,14,14,8,14,14,14,0,14,14,8,14,14,9,14,8,14,8,14,14,14,14,8,14,8,11,9,10,13,14,14,11,12,0,0,1,0,-1,
0,0,0,0.0452394,0,0,14,0.0368478,0,2,7,0.0368478,0,2,8,0.0452394,0,2,9,0.0368478,0,2,49,0.0368478,0,7,42,0.0452394,0,7,43,0.0452394,0,7,44,0.0368478,0,7,45,0.0368478,0,7,49,0.0368478,1,4,0,0.0368478,1,4,14,0.0368478,1,4,21,0.0368478,1,4,28,0.0368477,1,4,35,0.0368478,1,4,42,0.0368478,1,4,49,0.0368477,1,7,0,0.0368477,1,7,42,0.0368478,1,7,43,0.0368478,2,0,0,0.0452394,2,1,0,0.0368478,2,2,0,0.0368478,2,5,0,0.0368478,3,7,0,0.0368478,
a8d8
BLACK
4,3,14,14,5,2,1,3,0,14,0,14,14,14,14,0,14,0,14,1,14,14,0,14,14,8,14,14,14,0,14,14,8,14,14,14,14,14,14,14,14,14,8,14,14,8,8,8,11,14,14,13,14,14,14,14,14,14,14,12,14,10,14,11,1,0,0,0,-1,
0,0,7,0.0265984,0,0,8,0.0344326,0,0,9,0.0344327,0,0,10,0.0344327,0,0,11,0.0344327,0,1,0,0.0265985,0,1,14,0.0265984,0,1,15,0.0344327,0,4,0,0.0344327,0,4,7,0.0265984,0,4,42,0.0344327,0,4,49,0.0344327,0,5,7,0.0344327,0,5,8,0.0265984,0,5,49,0.0265984,0,6,57,0.0265984,0,6,58,0.0265984,0,6,59,0.0344326,1,0,0,0.0265984,1,0,1,0.0344327,1,2,0,0.0265984,1,2,1,0.0344327,1,7,0,0.0344327,1,7,1,0.0344327,2,3,57,0.0344327,2,3,58,0.0265984,2,3,59,0.0265984,2,3,60,0.0344327,2,3,61,0.0344326,2,3,63,0.0344327,2,6,0,0.0265984,3,5,0,0.0344326,
a1f6 (capture)
WHITE
3,14,2,14,4,14,14,14,14,14,14,14,5,14,14,3,0,0,12,14,14,0,14,14,14,14,14,14,14,14,14,0,14,14,8,14,14,14,0,14,14,8,14,14,9,14,8,14,8,14,14,14,14,8,14,8,11,9,10,13,14,14,11,14,0,0,1,0,-1,
0,0,0,0.040299,0,0,14,0.0328238,0,2,7,0.040299,0,2,8,0.040299,0,2,9,0.0402991,0,2,49,0.0402991,0,4,7,0.040299,0,4,8,0.040299,0,4,14,0.040299,0,4,15,0.040299,0,4,16,0.040299,0,4,42,0.040299,0,4,49,0.040299,0,4,50,0.0402991,1,4,14,0.040299,1,4,21,0.040299,1,4,35,0.040299,1,7,0,0.040299,1,7,28,0.040299,1,7,42,0.040299,1,7,43,0.0402991,2,0,0,0.040299,2,1,0,0.040299,2,5,0,0.0402991,3,7,0,0.040299,
c6c5
BLACK
14,3,14,14,5,2,1,3,0,14,0,14,14,14,14,0,14,0,14,1,14,14,0,14,14,8,14,14,14,0,14,14,8,14,8,14,14,14,14,14,14,14,14,14,14,4,8,8,11,14,14,13,14,14,14,14,14,14,14,12,14,10,14,11,1,0,0,0,-1,
0,1,0,0.0176001,0,1,14,0.0176001,0,1,15,0.0257683,0,1,42,0.0176001,0,4,0,0.0257683,0,4,7,0.0176001,0,4,42,0.0257683,0,4,49,0.0257683,0,5,7,0.0257683,0,5,8,0.0176001,0,5,49,0.0176001,0,6,57,0.0176001,0,6,58,0.0176001,0,6,59,0.0176001,1,0,0,0.0176001,1,0,1,0.0257683,1,2,0,0.0176001,1,2,1,0.0176001,1,7,0,0.0176001,1,7,1,0.0257683,2,3,57,0.0257683,2,3,58,0.0176001,2,3,59,0.0176001,2,3,60,0.0257683,2,3,61,0.0176001,2,3,63,0.0257683,2,6,0,0.0176001,3,5,0,0.0176001,5,5,0,0.0176001,5,5,1,0.0257683,5,5,7,0.0257683,5,5,8,0.0176001,5,5,14,0.0176001,5,5,21,0.0257683,5,5,22,0.0176001,5,5,28,0.0257683,5,5,35,0.0257683,5,5,36,0.0176001,5,5,37,0.0176001,5,5,38,0.0257683,5,5,39,0.0176001,5,5,42,0.0257683,5,5,43,0.0176001,5,5,44,0.0257683,5,5,45,0.0257683,5,5,46,0.0176001,5,5,49,0.0176001,5,5,50,0.0176001,
f6f5
WHITE
3,14,2,14,4,14,14,14,14,14,14,14,5,14,14,3,0,0,14,14,14,14,14,14,14,14,12,14,14,0,14,0,14,14,8,14,14,14,0,14,14,8,14,14,9,14,8,14,8,14,14,14,14,8,14,8,11,9,10,13,14,14,11,14,0,0,1,0,-1,
1,4,0,0.173427,1,4,7,0.165315,1,4,14,0.165315,1,4,35,0.165315,1,4,42,0.165315,2,1,7,0.165315,
d7c7
BLACK
14,3,14,14,5,2,1,3,0,14,0,14,14,14,14,0,14,0,14,1,14,14,0,14,14,8,14,14,14,0,14,14,8,14,8,14,14,4,14,14,14,14,14,14,14,14,8,8,11,14,13,14,14,14,14,14,14,14,14,12,14,10,14,11,1,0,0,0,-1,
0,1,0,0.0246729,0,1,14,0.0174206,0,1,15,0.0246729,0,1,42,0.0246729,0,4,0,0.0246729,0,4,7,0.0246729,0,4,42,0.0246729,0,4,49,0.0246729,0,5,7,0.0246729,0,5,8,0.0246729,0,5,49,0.0246729,0,6,57,0.0246729,0,6,58,0.0246729,0,6,59,0.0246729,1,0,0,0.0246729,1,0,1,0.0246729,1,2,0,0.0174207,1,2,1,0.0246729,1,7,0,0.0246729,1,7,1,0.0246729,2,3,57,0.0246729,2,3,58,0.0246729,2,3,59,0.0246729,2,3,60,0.0246729,2,3,61,0.0246729,2,3,63,0.0246729,2,6,0,0.0174207,4,5,0,0.0246729,4,5,1,0.0174207,4,5,2,0.0246729,4,5,7,0.0246729,4,5,14,0.0246729,4,5,15,0.0246729,4,5,21,0.0174206,4,5,22,0.0246729,4,5,35,0.0246729,4,5,42,0.0246729,4,5,43,0.0246729,4,5,44,0.0246729,4,5,49,0.0246729,4,5,50,0.0246729,4,5,51,0.0246729,
f5g6 (capture)
WHITE
3,14,2,14,4,14,14,14,14,14,14,14,14,5,14,3,0,12,14,14,14,14,14,14,14,14,14,14,14,0,14,0,14,14,8,14,14,14,0,14,14,8,14,14,9,14,8,14,8,14,14,14,14,8,14,8,11,9,10,13,14,14,11,14,0,0,1,0,-1,
0,0,0,0.0370671,0,0,14,0.0294913,0,2,7,0.0370671,0,2,8,0.0370671,0,2,49,0.0370671,0,4,0,0.0370671,0,4,1,0.0294913,0,4,2,0.0370671,0,4,3,0.0370671,0,4,4,0.0370671,0,4,14,0.0294913,0,4,15,0.0370671,0,4,16,0.0370671,0,4,42,0.0370671,0,4,49,0.0370671,0,4,50,0.0294913,0,4,51,0.0370671,0,4,52,0.0370671,1,5,14,0.0370671,1,5,21,0.0370671,1,5,28,0.0370671,1,5,42,0.0370671,1,7,0,0.0370671,1,7,28,0.0370671,1,7,42,0.0370671,2,0,0,0.0370671,3,5,0,0.0370671,3,7,0,0.0294913,
a7a6
BLACK
14,3,14,14,5,2,1,3,0,14,0,14,14,14,14,0,14,0,14,1,14,14,0,14,14,8,14,14,14,0,14,14,8,14,8,14,14,14,14,14,11,14,14,14,14,14,4,8,14,14,13,14,14,14,14,14,14,14,14,12,14,10,14,11,1,0,0,0,-1,
0,1,0,0.0214292,0,1,14,0.0214292,0,1,15,0.0214293,0,1,42,0.0214293,0,4,0,0.0214293,0,4,7,0.0214292,0,4,42,0.0214293,0,4,49,0.0214292,0,5,7,0.0214292,0,5,8,0.0214292,0,5,49,0.0214292,0,6,57,0.0214292,0,6,58,0.0214293,0,6,59,0.0214293,1,0,0,0.0214292,1,0,1,0.0214293,1,2,0,0.0214292,1,2,1,0.0214292,1,7,0,0.0214292,1,7,1,0.0303502,2,3,57,0.0214293,2,3,58,0.0214292,2,3,59,0.0214292,2,3,60,0.0214293,2,3,61,0.0214293,2,3,63,0.0303502,2,6,0,0.0214292,3,5,0,0.0214293,5,6,0,0.0214293,5,6,1,0.0214292,5,6,7,0.0303502,5,6,14,0.0214293,5,6,21,0.0214292,5,6,28,0.0214292,5,6,29,0.0214292,5,6,35,0.0214293,5,6,36,0.0214292,5,6,42,0.0214292,5,6,43,0.0214292,5,6,44,0.0214293,5,6,45,0.0214293,5,6,46,0.0303502,5,6,47,0.0214293,5,6,49,0.0214293,5,6,50,0.0214292,
g1e2
WHITE
3,14,2,14,4,14,14,14,14,14,14,14,14,5,14,14,0,12,14,14,14,14,14,3,14,14,14,14,14,0,14,0,14,14,8,14,14,14,0,14,14,8,14,14,9,14,8,14,8,14,14,9,14,8,14,8,11,14,10,13,14,14,11,14,0,0,1,0,-1,
0,0,0,0.0292585,0,0,14,0.0292584,0,2,7,0.0292585,0,2,8,0.0292585,0,2,49,0.0292584,0,4,0,0.0292585,0,4,1,0.0292584,0,4,2,0.0378762,0,4,3,0.0292584,0,4,4,0.0292585,0,4,14,0.0292584,0,4,15,0.0378762,0,4,16,0.0292585,0,4,42,0.0292584,0,4,49,0.0292584,0,4,50,0.0292585,0,4,51,0.0292585,0,4,52,0.0292585,1,5,14,0.0292585,1,5,21,0.0292585,1,5,28,0.0292585,1,5,42,0.0292585,2,0,0,0.0292585,2,7,28,0.0292584,2,7,29,0.0378762,2,7,42,0.0292585,2,7,43,0.0378762,2,7,44,0.0292584,2,7,45,0.0292584,2,7,46,0.0292584,2,7,47,0.0292584,3,5,0,0.0292584,3,7,0,0.0292584,
d8h4
BLACK
14,3,14,14,5,2,14,3,0,14,0,14,1,14,14,0,14,0,14,1,14,14,0,14,14,8,14,14,14,0,14,12,8,14,8,14,14,14,14,14,11,14,14,14,14,14,4,8,14,14,13,14,14,14,14,14,14,14,14,14,14,10,14,11,1,0,0,0,-1,
0,1,0,0.0199027,0,1,14,0.0199027,0,1,15,0.0281881,0,1,42,0.0199027,0,4,7,0.0199027,0,4,42,0.0281881,0,4,49,0.0281881,0,5,7,0.0281881,0,5,8,0.0199027,0,7,42,0.0281881,1,0,0,0.0199026,1,0,1,0.0281881,1,2,0,0.0199027,1,2,1,0.0199027,1,4,58,0.0199027,1,4,59,0.0199026,1,4,60,0.0199026,1,4,63,0.0199026,1,7,0,0.0199027,2,3,57,0.0281881,2,3,58,0.0199027,2,3,59,0.0199026,2,3,60,0.0199027,2,3,61,0.0199027,2,3,63,0.0281881,2,6,7,0.0199027,3,5,0,0.0199027,5,6,0,0.0281881,5,6,1,0.0199026,5,6,7,0.0281881,5,6,14,0.0199027,5,6,21,0.0199026,5,6,28,0.0281881,5,6,29,0.0281881,5,6,35,0.0199027,5,6,36,0.0199027,5,6,42,0.0199027,5,6,43,0.0199027,5,6,44,0.0199028,5,6,45,0.0199028,5,6,46,0.0281881,5,6,47,0.0281881,5,6,49,0.0281881,5,6,50,0.0199027,
e1d1
WHITE
3,14,2,14,14,14,14,14,14,14,14,14,14,5,14,14,0,12,14,14,14,14,14,3,14,14,14,14,14,0,14,0,4,14,8,14,14,14,0,14,14,8,14,14,9,14,8,14,8,14,14,9,14,8,14,8,11,14,10,14,13,14,11,14,0,0,0,0,-1,
0,0,0,0.0314235,0,0,14,0.0314235,0,2,7,0.0314235,0,2,8,0.0314235,0,2,49,0.0314236,1,5,14,0.0314235,1,5,21,0.0314235,1,5,28,0.0314235,1,5,35,0.0314235,1,5,42,0.0314235,2,0,0,0.0314235,2,7,28,0.0314235,2,7,29,0.0400471,2,7,42,0.0314234,2,7,43,0.0400471,2,7,44,0.0314236,2,7,45,0.0314235,2,7,46,0.0314235,2,7,47,0.0314235,3,5,0,0.0314235,3,7,0,0.0314235,4,0,0,0.0314235,4,0,1,0.0314236,4,0,7,0.0314236,4,0,14,0.0314235,4,0,15,0.0400471,4,0,21,0.0314235,4,0,22,0.0314235,4,0,23,0.0314235,4,0,24,0.0314236,4,0,28,0.0314235,
h6h5
BLACK
14,3,14,5,14,2,14,3,0,14,0,14,1,14,14,0,14,0,14,1,14,14,0,14,14,8,14,14,14,0,14,12,8,14,8,14,14,14,14,8,11,14,14,14,14,14,4,14,14,14,13,14,14,14,14,14,14,14,14,14,14,10,14,11,0,0,0,0,-1,
0,1,0,0.0214292,0,1,14,0.0214292,0,1,42,0.0214293,0,3,0,0.0214292,0,3,14,0.0214292,0,3,42,0.0303502,0,5,7,0.0214292,0,5,8,0.0214292,0,7,42,0.0214293,1,0,0,0.0214293,1,0,1,0.0214293,1,2,0,0.0214292,1,2,1,0.0214293,1,4,58,0.0214293,1,4,59,0.0214292,1,4,60,0.0214292,1,4,63,0.0214292,1,7,0,0.0214293,2,3,57,0.0214293,2,3,58,0.0214292,2,3,59,0.0214292,2,3,60,0.0214293,2,3,61,0.0214292,2,3,62,0.0214293,2,3,63,0.0303502,2,6,0,0.0214292,2,6,7,0.0214292,3,5,0,0.0214293,5,6,0,0.0214293,5,6,1,0.0214292,5,6,7,0.0303502,5,6,14,0.0214293,5,6,21,0.0214292,5,6,28,0.0214292,5,6,29,0.0214292,5,6,35,0.0214293,5,6,36,0.0214292,5,6,42,0.0214292,5,6,43,0.0214292,5,6,44,0.0214293,5,6,45,0.0214293,5,6,46,0.0303502,5,6,47,0.0214293,5,6,49,0.0214293,5,6,50,0.0214292,
h1g1
WHITE
3,14,2,14,14,14,14,14,14,14,14,14,14,5,14,14,14,12,14,14,14,14,14,3,0,14,14,14,14,0,14,0,4,14,8,14,14,14,0,14,14,8,14,14,9,14,8,14,8,14,14,9,14,8,14,8,14,11,10,14,13,14,11,14,0,0,0,0,-1,
0,0,0,0.0314235,0,0,1,0.0314236,0,0,14,0.0314235,0,2,7,0.0314235,0,2,8,0.0314235,0,2,49,0.0314235,0,2,50,0.0400471,1,5,14,0.0314235,1,5,21,0.0314235,1,5,28,0.0314235,1,5,35,0.0314236,1,5,42,0.0314235,2,7,28,0.0314235,2,7,29,0.0400471,2,7,42,0.0314234,2,7,43,0.0400471,2,7,44,0.0314235,2,7,45,0.0314235,2,7,46,0.0314236,2,7,47,0.0314235,3,5,0,0.0314235,3,7,0,0.0314236,4,0,0,0.0314235,4,0,1,0.0314235,4,0,7,0.0314235,4,0,14,0.0314235,4,0,15,0.0314235,4,0,21,0.0314235,4,0,22,0.0314235,4,0,23,0.0314236,4,0,24,0.0314235,
a6b6
BLACK
14,3,14,5,14,2,3,14,0,14,0,14,1,14,14,0,14,0,14,1,14,14,0,14,14,8,14,14,14,0,14,12,8,14,8,14,14,14,14,8,14,11,14,14,14,14,4,14,14,14,13,14,14,14,14,14,14,14,14,14,14,10,14,11,0,0,0,0,-1,
0,1,0,0.0199027,0,1,14,0.0199027,0,1,42,0.0199027,0,3,0,0.0199027,0,3,14,0.0281881,0,3,42,0.0281881,0,5,7,0.0281881,0,5,8,0.0199027,0,6,0,0.0199026,0,6,14,0.0281881,1,0,0,0.0199026,1,0,1,0.0281881,1,2,0,0.0199027,1,2,1,0.0199028,1,4,58,0.0281881,1,4,59,0.0199027,1,4,60,0.0199027,1,7,0,0.0199027,2,3,57,0.0281881,2,3,58,0.0199026,2,3,59,0.0199026,2,3,60,0.0199027,2,3,61,0.0199027,2,3,62,0.0281881,2,3,63,0.0281881,2,6,0,0.0199027,2,6,7,0.0199027,3,5,0,0.0199027,5,6,0,0.0281881,5,6,1,0.0199026,5,6,7,0.0281881,5,6,14,0.0199027,5,6,21,0.0199027,5,6,28,0.0281881,5,6,29,0.0281881,5,6,35,0.0199027,5,6,36,0.0199027,5,6,42,0.0199027,5,6,43,0.0199026,5,6,44,0.0199028,5,6,45,0.0199027,5,6,46,0.0281881,5,6,49,0.0281881,5,6,50,0.0199026,
c2c4
WHITE
3,14,2,14,14,14,14,14,14,14,14,14,14,5,14,14,14,12,14,14,14,14,3,14,0,14,14,14,14,0,14,0,4,14,8,14,14,8,0,14,14,8,14,14,9,14,8,14,8,14,14,9,14,14,14,8,14,11,10,14,13,14,11,14,0,0,0,0,45,
0,0,0,0.0344327,0,0,1,0.0265984,0,0,14,0.0265984,0,2,7,0.0344326,0,2,8,0.0344327,0,2,49,0.0265984,0,2,50,0.0344327,1,5,14,0.0344327,1,5,21,0.0344327,1,5,28,0.0344327,1,5,35,0.0265984,1,5,42,0.0344327,2,6,0,0.0265984,2,6,14,0.0265985,2,6,28,0.0344327,2,6,29,0.0344327,2,6,42,0.0265984,2,6,43,0.0265984,2,6,44,0.0344327,2,6,45,0.0344327,2,6,46,0.0344326,3,7,0,0.0265984,4,0,0,0.0344327,4,0,1,0.0265984,4,0,7,0.0344327,4,0,14,0.0344326,4,0,15,0.0344327,4,0,21,0.0265984,4,0,22,0.0344327,4,0,23,0.0265984,4,0,24,0.0265984,4,6,49,0.0344326,
f8g7
BLACK
14,3,14,5,14,2,3,14,0,14,14,14,1,14,14,0,14,0,14,1,14,14,0,14,14,8,0,14,14,0,14,12,8,14,8,14,14,14,14,8,14,11,14,14,14,14,4,14,14,14,13,14,14,14,10,14,14,14,14,14,14,14,14,11,0,0,0,0,-1,
0,1,0,0.0246729,0,1,14,0.0174206,0,1,42,0.0246729,0,3,0,0.0246729,0,3,14,0.0246729,0,3,42,0.0246729,0,3,49,0.0246729,0,5,7,0.0246729,0,5,8,0.0246729,0,6,0,0.0174207,0,6,14,0.0246729,1,0,0,0.0246729,1,0,1,0.0246729,1,4,58,0.0246729,1,4,59,0.0246729,1,4,60,0.0246729,1,7,0,0.0246729,2,3,57,0.0246729,2,3,58,0.0246729,2,3,59,0.0246729,2,3,60,0.0246729,2,3,61,0.0246729,2,3,62,0.0246729,2,3,63,0.0246729,2,6,0,0.0174207,2,6,7,0.0246729,3,5,0,0.0246729,5,6,0,0.0246729,5,6,7,0.0246729,5,6,14,0.0246729,5,6,21,0.0174206,5,6,28,0.0246729,5,6,29,0.0246729,5,6,35,0.0246729,5,6,36,0.0246729,5,6,42,0.0246729,5,6,43,0.0246729,5,6,44,0.0246729,5,6,45,0.0246729,5,6,46,0.0246729,5,6,49,0.0246729,5,6,50,0.0174207,
g6h6
WHITE
3,14,14,14,14,14,14,14,14,2,14,14,14,5,14,14,12,14,14,14,14,14,3,14,0,14,14,14,14,0,14,0,4,14,8,14,14,8,0,14,14,8,14,14,9,14,8,14,8,14,14,9,14,14,14,8,14,11,10,14,13,14,11,14,0,0,0,0,-1,
0,0,0,0.0246729,0,0,1,0.0174206,0,0,14,0.0174206,0,0,15,0.0246729,0,0,16,0.0246729,0,0,17,0.0246729,0,0,18,0.0246729,0,0,19,0.0246729,0,0,20,0.0246729,1,1,7,0.0246729,1,1,8,0.0246729,1,1,9,0.0246729,1,1,10,0.0174207,1,1,11,0.0246729,1,1,12,0.0174207,1,1,21,0.0246729,1,1,49,0.0246729,1,5,14,0.0246729,1,5,21,0.0246729,1,5,28,0.0246729,1,5,35,0.0246729,1,5,42,0.0246729,2,6,0,0.0174207,2,6,14,0.0246729,2,6,28,0.0246729,2,6,29,0.0246729,2,6,42,0.0246729,2,6,43,0.0246729,2,6,44,0.0246729,2,6,45,0.0246729,2,6,46,0.0246729,2,6,47,0.0246729,3,7,0,0.0246729,4,0,0,0.0246729,4,0,1,0.0246729,4,0,7,0.0246729,4,0,14,0.0246729,4,0,15,0.0246729,4,0,21,0.0246729,4,0,22,0.0246729,4,0,23,0.0246729,4,0,24,0.0246729,
g7f8
BLACK
14,3,14,5,14,2,3,14,0,14,14,14,1,14,14,0,14,0,14,1,14,14,0,14,14,8,0,14,14,0,14,12,8,14,8,14,14,14,14,8,14,11,14,14,14,14,14,4,14,14,13,14,14,14,14,14,14,14,14,14,14,10,14,11,0,0,0,0,-1,
0,1,0,0.0271679,0,1,14,0.0197245,0,1,42,0.0271679,0,3,0,0.0271679,0,3,14,0.0271679,0,3,42,0.0271679,0,3,49,0.0271679,0,5,7,0.0271679,0,5,8,0.0271679,0,6,0,0.0197246,0,6,14,0.0271679,1,0,0,0.0271679,1,0,1,0.0271679,1,4,58,0.0271679,1,4,59,0.0197245,1,4,60,0.0197245,1,7,0,0.0271678,2,3,57,0.0271679,2,3,58,0.0197246,2,3,59,0.0271678,2,3,60,0.0271679,2,3,61,0.0271679,2,3,62,0.0271679,2,3,63,0.0271679,2,6,0,0.0197245,2,6,7,0.0271678,3,5,0,0.0271678,5,7,0,0.0271679,5,7,1,0.0271678,5,7,28,0.0271679,5,7,35,0.0271679,5,7,42,0.0197245,5,7,43,0.0271679,5,7,44,0.0271679,5,7,45,0.0271679,5,7,46,0.0271679,5,7,47,0.0271679,5,7,49,0.0197246,5,7,50,0.0271679,
a2a4
WHITE
3,14,2,14,14,14,14,14,14,14,14,14,14,5,14,14,12,14,14,14,14,14,3,14,0,14,14,14,14,0,14,0,4,14,8,14,14,8,0,8,14,8,14,14,9,14,8,14,8,14,14,9,14,14,14,14,14,11,10,14,13,14,11,14,0,0,0,0,47,
0,0,0,0.0344327,0,0,1,0.0265984,0,0,14,0.0265984,0,2,7,0.0344327,0,2,8,0.0344327,0,2,49,0.0265984,0,2,50,0.0344327,1,5,14,0.0344327,1,5,21,0.0344327,1,5,28,0.0344327,1,5,35,0.0265984,1,5,42,0.0344327,2,6,0,0.0265984,2,6,14,0.0265984,2,6,28,0.0344327,2,6,29,0.0344327,2,6,42,0.0344326,2,6,43,0.0265985,2,6,44,0.0344327,2,6,45,0.0344327,2,6,46,0.0344327,2,6,47,0.0265984,4,0,0,0.0344326,4,0,1,0.0265984,4,0,7,0.0344326,4,0,14,0.0344326,4,0,15,0.0344327,4,0,21,0.0265984,4,0,22,0.0344327,4,0,23,0.0265984,4,0,24,0.0265984,4,6,7,0.0265984,
h4g4
BLACK
14,3,14,5,14,2,3,14,14,14,14,14,1,14,14,0,14,0,14,1,14,14,0,14,0,8,0,14,14,0,12,14,8,14,8,14,14,14,14,8,14,11,14,14,14,14,14,4,14,14,13,14,14,14,14,14,14,14,14,14,14,10,14,11,0,0,0,0,-1,
0,1,0,0.0292584,0,1,14,0.0292584,0,1,42,0.0292585,0,3,0,0.0292584,0,3,14,0.0292585,0,3,42,0.0378762,0,3,49,0.0292584,0,5,7,0.0292585,0,5,8,0.0292584,0,6,0,0.0292585,0,6,14,0.0378762,1,7,0,0.0292584,1,7,1,0.0378762,2,3,57,0.0292584,2,3,58,0.0292584,2,3,59,0.0292585,2,3,60,0.0292585,2,3,61,0.0292585,2,3,62,0.0292585,2,3,63,0.0292585,3,5,0,0.0292584,5,7,0,0.0292585,5,7,1,0.0292584,5,7,28,0.0292585,5,7,35,0.0292585,5,7,42,0.0292584,5,7,43,0.0292584,5,7,44,0.0292585,5,7,45,0.0292585,5,7,46,0.0292584,5,7,47,0.0292585,5,7,49,0.0292584,5,7,50,0.0378762,
d1c1
WHITE
3,14,2,14,14,14,14,14,14,14,14,14,14,5,14,14,12,14,14,14,14,14,3,14,0,14,14,14,14,0,14,0,14,4,8,14,14,8,0,8,14,8,14,14,9,14,8,14,8,14,14,9,14,14,14,14,14,11,10,14,14,13,11,14,0,0,0,0,-1,
0,0,0,0.0311276,0,0,1,0.0231423,0,0,14,0.0231423,0,2,7,0.0311276,0,2,8,0.0311276,0,2,49,0.0231423,0,2,50,0.0311276,1,5,14,0.0311276,1,5,21,0.0311276,1,5,28,0.0311276,1,5,35,0.0231423,1,5,42,0.0311276,2,6,0,0.0231423,2,6,14,0.0231423,2,6,28,0.0311276,2,6,29,0.0311276,2,6,42,0.0231423,2,6,43,0.0231423,2,6,44,0.0311276,2,6,45,0.0311276,2,6,46,0.0231423,2,6,47,0.0231423,3,0,0,0.0311276,4,1,0,0.0231423,4,1,7,0.0231423,4,1,8,0.0231423,4,1,14,0.0311276,4,1,21,0.0311276,4,1,22,0.0231423,4,1,23,0.0231423,4,1,24,0.0231423,4,1,28,0.0231423,4,1,29,0.0231423,4,1,30,0.0311276,4,1,31,0.0311276,4,1,42,0.0231423,4,1,49,0.0311276,
c7c8
BLACK
14,3,5,14,14,2,3,14,14,14,14,14,1,14,14,0,14,0,14,1,14,14,0,14,0,8,0,14,14,0,12,14,8,14,8,14,14,14,14,8,14,11,14,14,14,14,14,4,14,14,14,14,14,14,14,14,14,14,13,14,14,10,14,11,0,0,0,0,-1,
0,1,0,0.0292584,0,1,42,0.0292585,0,2,0,0.0292584,0,2,7,0.0292585,0,2,14,0.0292584,0,2,49,0.0292584,0,5,7,0.0292585,0,5,8,0.0292584,0,6,0,0.0292584,0,6,14,0.0378762,1,4,58,0.0292585,1,4,59,0.0292584,1,7,0,0.0292584,1,7,1,0.0378762,2,3,57,0.0292585,2,3,58,0.0292585,2,3,59,0.0292585,2,3,60,0.0292585,2,3,62,0.0292585,2,3,63,0.0378762,3,5,0,0.0292585,5,7,0,0.0292584,5,7,1,0.0292584,5,7,28,0.0292585,5,7,35,0.0292584,5,7,42,0.0292584,5,7,43,0.0292584,5,7,44,0.0292585,5,7,45,0.0292585,5,7,46,0.0292585,5,7,47,0.0292585,5,7,49,0.0292584,5,7,50,0.0378762,
e2c3
WHITE
3,14,2,14,14,5,14,14,14,14,14,14,14,14,14,14,12,14,14,14,14,14,3,14,0,14,14,14,14,0,14,0,14,4,8,14,14,8,0,8,14,8,14,14,9,9,8,14,8,14,14,14,14,14,14,14,14,11,10,14,14,13,11,14,0,0,0,0,-1,
0,0,0,0.0251729,0,0,1,0.0251729,0,0,14,0.0251729,0,2,7,0.0251729,0,2,8,0.0251729,0,2,49,0.0251729,0,2,50,0.0338589,0,5,0,0.0251729,0,5,7,0.0251729,0,5,14,0.0251729,0,5,42,0.0251729,0,5,49,0.0251729,2,6,0,0.0251729,2,6,14,0.0251729,2,6,28,0.0338589,2,6,29,0.0338589,2,6,42,0.0251729,2,6,43,0.0251729,2,6,44,0.0251729,2,6,45,0.0251729,2,6,46,0.0251729,2,6,47,0.0251729,3,0,0,0.0338589,4,1,0,0.0251729,4,1,7,0.0251729,4,1,8,0.0251729,4,1,9,0.0251729,4,1,14,0.0338589,4,1,21,0.0251729,4,1,22,0.0251729,4,1,23,0.0251729,4,1,28,0.0251729,4,1,29,0.0251729,4,1,30,0.0251729,4,1,31,0.0251729,4,1,42,0.0251729,4,1,49,0.0251729,4,6,49,0.0251729,
c8b7
BLACK
14,3,5,14,14,2,3,14,14,14,14,14,14,14,14,0,14,0,1,1,14,14,0,14,0,8,0,14,14,0,12,14,8,14,8,14,14,14,14,8,14,11,14,14,14,14,14,4,14,13,14,14,14,14,14,14,14,14,14,14,14,10,14,11,0,0,0,0,-1,
0,1,0,0.0231423,0,1,42,0.0311276,0,2,0,0.0231423,0,2,7,0.0231423,0,2,49,0.0231423,0,5,7,0.0311276,0,5,8,0.0231423,0,5,49,0.0231423,0,6,0,0.0231423,0,6,14,0.0311276,1,7,0,0.0231423,1,7,1,0.0311276,2,2,56,0.0231423,2,2,57,0.0311276,2,2,58,0.0311276,2,2,60,0.0311276,2,2,62,0.0311276,2,2,63,0.0231423,2,3,57,0.0311276,2,3,58,0.0231423,2,3,59,0.0231423,2,3,60,0.0311276,2,3,62,0.0311276,2,3,63,0.0311276,3,5,0,0.0231423,5,7,0,0.0311276,5,7,1,0.0231423,5,7,28,0.0311276,5,7,35,0.0231423,5,7,42,0.0231423,5,7,43,0.0231423,5,7,44,0.0311276,5,7,45,0.0311276,5,7,46,0.0231423,5,7,47,0.0311276,5,7,49,0.0231423,5,7,50,0.0311276,
c3d1
WHITE
3,14,2,14,14,14,14,14,14,14,14,14,14,14,5,14,12,14,14,14,14,14,3,14,0,14,14,14,14,0,14,0,14,4,8,14,14,8,0,8,14,8,14,14,9,14,8,14,8,14,14,14,14,14,14,14,14,11,10,14,9,13,11,14,0,0,0,0,-1,
0,0,0,0.0311276,0,0,1,0.0231423,0,0,14,0.0231423,0,2,7,0.0311276,0,2,8,0.0311276,0,2,49,0.0231423,0,2,50,0.0311276,1,6,7,0.0311276,1,6,14,0.0311276,1,6,21,0.0231423,1,6,28,0.0231423,1,6,35,0.0311276,1,6,42,0.0311276,2,6,0,0.0231423,2,6,14,0.0231423,2,6,42,0.0311276,2,6,43,0.0231423,2,6,44,0.0311276,2,6,45,0.0311276,2,6,46,0.0311276,2,6,47,0.0231423,3,0,0,0.0311276,4,1,0,0.0231423,4,1,7,0.0231423,4,1,8,0.0231423,4,1,9,0.0231423,4,1,14,0.0311276,4,1,21,0.0311276,4,1,22,0.0231423,4,1,23,0.0231423,4,1,24,0.0231423,4,1,28,0.0231423,4,1,29,0.0231423,4,1,30,0.0311276,4,1,31,0.0311276,4,1,42,0.0231423,4,1,49,0.0311276,
f8d6
BLACK
14,3,5,1,14,2,3,14,14,14,14,14,14,14,14,0,14,0,14,1,14,14,0,14,0,8,0,14,14,0,12,14,8,14,8,14,14,14,14,8,14,11,14,10,14,14,14,4,14,13,14,14,14,14,14,14,14,14,14,14,14,14,14,11,0,0,0,0,-1,
0,1,0,0.0292584,0,1,42,0.0292585,0,2,0,0.0292584,0,2,7,0.0292584,0,2,49,0.0292584,0,3,56,0.0292585,0,3,57,0.0292585,0,3,58,0.0292585,0,3,59,0.0292584,0,5,7,0.0292585,0,5,8,0.0292584,0,5,49,0.0292584,0,6,0,0.0292584,0,6,14,0.0378762,1,7,0,0.0292585,1,7,1,0.0378762,2,3,57,0.0292584,2,3,58,0.0292585,2,3,59,0.0292585,2,3,60,0.0292585,2,3,62,0.0292585,2,3,63,0.0378762,3,5,0,0.0292584,5,7,0,0.0292585,5,7,1,0.0292585,5,7,28,0.0292585,5,7,35,0.0292584,5,7,42,0.0292584,5,7,43,0.0292584,5,7,44,0.0292585,5,7,45,0.0292585,5,7,49,0.0292584,5,7,50,0.0378762,
f1h3
WHITE
3,14,14,14,14,14,14,14,14,14,14,14,14,14,5,14,12,14,14,14,2,14,3,14,0,14,14,14,14,0,14,0,14,4,8,14,14,8,0,8,10,8,14,14,9,14,8,14,8,14,14,14,14,14,14,14,14,11,14,14,9,13,11,14,0,0,0,0,-1,
0,0,0,0.0315608,0,0,1,0.022914,0,0,14,0.0229139,0,0,15,0.0229139,0,0,16,0.0229139,0,0,17,0.0229139,0,0,18,0.0229139,0,0,19,0.0229139,0,0,20,0.0229139,1,6,7,0.0229139,1,6,14,0.0229139,1,6,21,0.0229139,1,6,28,0.0229139,1,6,35,0.0315608,1,6,42,0.0229139,1,6,49,0.0315608,2,4,21,0.022914,2,4,22,0.0229139,2,4,35,0.0229139,2,4,36,0.0315608,2,4,49,0.0229139,2,4,50,0.0229139,2,6,0,0.022914,2,6,14,0.0229139,2,6,42,0.022914,3,0,0,0.0315608,4,1,0,0.022914,4,1,7,0.0229139,4,1,8,0.022914,4,1,9,0.0229139,4,1,14,0.0315608,4,1,21,0.0229139,4,1,22,0.022914,4,1,23,0.022914,4,1,24,0.022914,4,1,28,0.022914,4,1,29,0.0229139,4,1,30,0.0315608,4,1,31,0.0229139,4,1,42,0.022914,4,1,49,0.0229139,
b7b8
BLACK
14,3,5,1,14,14,3,14,14,14,14,14,14,14,14,0,14,0,14,1,14,14,0,2,0,8,0,14,14,0,12,14,8,14,8,14,14,14,14,8,14,11,14,10,14,14,14,4,14,14,14,14,14,14,14,14,14,13,14,14,14,14,14,11,0,0,0,0,-1,
0,1,0,0.0292584,0,1,42,0.0292584,0,2,0,0.0292585,0,2,7,0.0292584,0,2,49,0.0292584,0,3,56,0.0292585,0,3,57,0.0292585,0,3,58,0.0292585,0,3,59,0.0292585,0,6,0,0.0292585,0,6,14,0.0378762,0,6,42,0.0378762,0,6,43,0.0292585,2,3,57,0.0292584,2,3,58,0.0292584,2,3,59,0.0292584,2,3,60,0.0292585,2,3,62,0.0292585,2,3,63,0.0378762,2,7,35,0.0292585,2,7,36,0.0292584,2,7,49,0.0292584,3,5,0,0.0292585,5,7,0,0.0292585,5,7,1,0.0292584,5,7,28,0.0292585,5,7,35,0.0292584,5,7,42,0.0292584,5,7,43,0.0292584,5,7,44,0.0292585,5,7,45,0.0292585,5,7,49,0.0292584,5,7,50,0.0378762,
d3b2
WHITE
3,14,14,14,14,14,5,14,14,14,14,14,14,14,14,14,12,14,14,14,2,14,3,14,0,14,14,14,14,0,14,0,14,4,8,14,14,8,0,8,10,8,14,14,14,14,8,14,8,14,14,14,14,14,9,14,14,11,14,14,9,13,11,14,0,0,0,0,-1,
0,0,0,0.0311276,0,0,1,0.0231423,0,0,14,0.0231423,0,0,15,0.0311276,0,0,16,0.0311276,0,0,17,0.0231423,0,0,18,0.0231423,0,6,0,0.0231423,0,6,7,0.0311276,0,6,14,0.0311276,0,6,42,0.0311276,0,6,49,0.0311276,2,4,21,0.0231423,2,4,35,0.0231423,2,4,36,0.0311276,2,4,49,0.0311276,2,4,50,0.0311276,2,6,0,0.0231423,2,6,14,0.0231423,2,6,28,0.0311276,2,6,42,0.0311276,3,0,0,0.0311276,4,1,0,0.0231423,4,1,7,0.0231423,4,1,8,0.0231423,4,1,9,0.0231423,4,1,14,0.0311276,4,1,21,0.0311276,4,1,22,0.0231423,4,1,23,0.0231423,4,1,24,0.0231423,4,1,28,0.0231423,4,1,29,0.0231423,4,1,30,0.0311276,4,1,31,0.0311276,4,1,42,0.0231423,4,1,49,0.0311276,
b6b7
BLACK
14,3,5,1,14,14,3,14,14,1,14,14,14,14,14,0,14,0,14,14,14,14,0,2,0,8,0,14,14,0,12,14,8,14,8,14,14,14,14,8,14,14,14,10,14,14,14,4,14,11,14,14,14,14,14,14,14,13,14,14,14,14,14,11,0,0,0,0,-1,
0,1,42,0.0402991,0,2,0,0.0402991,0,2,7,0.0402991,0,3,56,0.040299,0,3,57,0.040299,0,3,58,0.040299,0,6,0,0.0402991,0,6,14,0.040299,0,6,42,0.040299,0,6,43,0.040299,1,1,56,0.040299,2,7,35,0.040299,2,7,36,0.0328238,2,7,49,0.040299,3,5,0,0.040299,5,7,0,0.040299,5,7,1,0.0402991,5,7,28,0.040299,5,7,35,0.040299,5,7,42,0.040299,5,7,43,0.040299,5,7,44,0.040299,5,7,45,0.040299,5,7,49,0.040299,5,7,50,0.040299,
g1g2
WHITE
3,14,14,14,14,14,5,14,14,14,14,14,14,14,3,14,12,14,14,14,2,14,14,14,0,14,14,14,14,0,14,0,14,4,8,14,14,8,0,8,10,8,14,14,14,14,8,14,8,11,14,14,14,14,9,14,14,14,14,14,9,13,11,14,0,0,0,0,-1,
0,0,0,0.0315608,0,0,1,0.022914,0,0,14,0.0229139,0,0,15,0.0229139,0,0,16,0.0229139,0,0,17,0.022914,0,0,18,0.022914,0,6,7,0.022914,0,6,14,0.0315608,0,6,42,0.0315608,0,6,49,0.0229139,1,6,0,0.022914,1,6,1,0.0229139,1,6,14,0.0229139,1,6,42,0.0229139,1,6,43,0.0315608,1,6,44,0.022914,1,6,45,0.0229139,1,6,46,0.022914,1,6,47,0.0229139,2,4,21,0.0229139,2,4,35,0.0229139,2,4,36,0.0315608,2,4,49,0.022914,2,4,50,0.0229139,3,0,0,0.0315608,4,1,0,0.0229139,4,1,7,0.0229139,4,1,8,0.0229139,4,1,9,0.0229139,4,1,14,0.0315608,4,1,21,0.0229139,4,1,22,0.0229139,4,1,23,0.022914,4,1,24,0.022914,4,1,28,0.0229139,4,1,29,0.022914,4,1,30,0.0229139,4,1,31,0.0229139,4,1,42,0.0229139,4,1,49,0.0229139,
b8c7
BLACK
14,3,5,1,14,14,14,14,14,1,14,14,14,14,3,0,14,0,14,14,14,14,0,2,0,8,0,14,14,0,12,14,8,14,8,14,14,14,14,8,14,14,14,10,14,14,14,4,14,11,13,14,14,14,14,14,14,14,14,14,14,14,14,11,0,0,0,0,-1,
0,1,42,0.0432647,0,2,0,0.035594,0,2,7,0.0432647,0,3,56,0.0432647,0,3,57,0.0432647,0,3,58,0.0432647,1,1,56,0.0432647,1,6,28,0.035594,1,6,42,0.0432647,1,6,43,0.0432647,1,6,44,0.035594,1,6,45,0.0432647,2,7,49,0.0432647,3,5,0,0.0432647,5,7,0,0.0432647,5,7,1,0.0432647,5,7,28,0.0432647,5,7,35,0.0432647,5,7,42,0.035594,5,7,43,0.0432647,5,7,44,0.0432647,5,7,45,0.0432647,5,7,49,0.035594,5,7,50,0.0432647,
h6f6
WHITE
3,14,14,14,14,14,14,14,14,14,14,14,14,5,3,14,14,14,12,14,2,14,14,14,0,14,14,14,14,0,14,0,14,4,8,14,14,8,0,8,10,8,14,14,14,14,8,14,8,11,14,14,14,14,9,14,14,14,14,14,9,13,11,14,0,0,0,0,-1,
0,0,0,0.0338589,0,0,1,0.0251729,0,0,14,0.0251729,0,0,15,0.0251729,0,0,16,0.0251729,0,0,17,0.0251729,0,0,18,0.0251729,0,0,19,0.0251729,0,0,20,0.0251729,1,5,0,0.0251729,1,5,7,0.0251729,1,5,21,0.0251729,1,5,28,0.0251729,1,5,42,0.0338589,1,6,0,0.0251729,1,6,1,0.0251729,1,6,14,0.0251729,1,6,28,0.0251729,2,4,35,0.0251729,2,4,36,0.0338589,2,4,49,0.0251729,2,4,50,0.0251729,3,0,0,0.0338589,4,1,0,0.0251729,4,1,7,0.0251729,4,1,8,0.0251729,4,1,9,0.0251729,4,1,14,0.0338589,4,1,21,0.0251729,4,1,22,0.0251729,4,1,23,0.0251729,4,1,24,0.0251729,4,1,28,0.0251729,4,1,29,0.0251729,4,1,30,0.0251729,4,1,31,0.0251729,4,1,42,0.0251729,4,1,49,0.0251729,
c7b8
BLACK
14,3,5,1,14,14,14,14,14,1,14,14,14,14,3,0,14,0,14,14,14,14,0,2,0,8,0,14,14,0,12,14,8,14,8,14,14,14,14,8,14,14,14,10,14,4,14,14,14,11,14,14,14,14,14,14,14,13,14,14,14,14,14,11,0,0,0,0,-1,
0,1,42,0.0361909,0,2,0,0.0283977,0,2,7,0.0361908,0,3,56,0.0361908,0,3,57,0.0361908,0,3,58,0.0361908,1,1,56,0.0361908,1,6,28,0.0283976,1,6,42,0.0361908,1,6,43,0.0361908,1,6,44,0.0283977,1,6,45,0.0361909,2,7,49,0.0361909,3,5,0,0.0361908,5,5,0,0.0283977,5,5,1,0.0361908,5,5,7,0.0361908,5,5,8,0.0283977,5,5,14,0.0283976,5,5,15,0.0283976,5,5,21,0.0361908,5,5,22,0.0361909,5,5,28,0.0361908,5,5,35,0.0361908,5,5,36,0.0283976,5,5,37,0.0283977,5,5,42,0.0361908,5,5,43,0.0283976,5,5,49,0.0361908,5,5,50,0.0283977,
g2e2
WHITE
3,14,14,14,14,14,5,14,14,14,14,14,14,14,3,14,14,14,12,14,2,14,14,14,0,14,14,14,14,0,14,0,14,4,8,14,14,8,0,8,10,8,14,14,14,14,8,14,8,14,14,11,14,14,9,14,14,14,14,14,9,13,11,14,0,0,0,0,-1,
0,0,0,0.0292,0,0,1,0.0211999,0,0,14,0.0212,0,0,15,0.0292,0,0,16,0.0292,0,0,17,0.0212,0,0,18,0.0211999,0,6,7,0.0212,0,6,14,0.0292,0,6,42,0.0292,0,6,49,0.0292,1,6,0,0.0212,1,6,1,0.0292,1,6,14,0.0292,1,6,42,0.0292,1,6,43,0.0292,1,6,44,0.0211999,1,6,45,0.0211999,1,6,46,0.0212,1,6,47,0.0292,2,4,21,0.0212,2,4,35,0.0212,2,4,36,0.0292,2,4,49,0.0212,2,4,50,0.0292,3,0,0,0.0292,4,1,0,0.0211999,4,1,7,0.0212,4,1,8,0.0212,4,1,14,0.0292,4,1,21,0.0292,4,1,22,0.0211999,4,1,23,0.0211999,4,1,24,0.0212,4,1,28,0.0211999,4,1,29,0.0211999,4,1,30,0.0292,4,1,31,0.0292,4,1,42,0.0212,4,1,49,0.0292,
b8a8
BLACK
14,3,5,1,14,14,14,14,14,1,14,14,3,14,14,0,14,0,14,14,14,14,0,2,0,8,0,14,14,0,12,14,8,14,8,14,14,14,14,8,14,14,14,10,14,4,14,14,14,11,14,14,14,14,14,14,13,14,14,14,14,14,14,11,0,0,0,0,-1,
0,1,42,0.0251729,0,2,0,0.0251729,0,2,7,0.0251729,0,3,56,0.0251729,0,3,57,0.0338589,0,3,58,0.0338589,1,1,56,0.0251729,1,4,0,0.0251729,1,4,1,0.0251729,1,4,2,0.0338589,1,4,3,0.0251729,1,4,4,0.0251729,1,4,5,0.0251729,1,4,14,0.0251729,1,4,15,0.0251729,1,4,28,0.0251729,1,4,42,0.0251729,1,4,43,0.0251729,2,7,35,0.0251729,2,7,36,0.0251729,2,7,49,0.0251729,3,5,0,0.0251729,5,5,0,0.0251729,5,5,1,0.0338589,5,5,7,0.0251729,5,5,8,0.0251729,5,5,14,0.0251729,5,5,15,0.0251729,5,5,21,0.0251729,5,5,22,0.0251729,5,5,28,0.0251729,5,5,35,0.0338589,5,5,36,0.0251729,5,5,37,0.0251729,5,5,42,0.0251729,5,5,43,0.0251729,5,5,49,0.0251729,5,5,50,0.0251729,
b1a1
WHITE
3,14,14,14,14,14,14,5,14,14,14,14,14,14,3,14,14,14,12,14,2,14,14,14,0,14,14,14,14,0,14,0,14,4,8,14,14,8,0,8,10,8,14,14,14,14,8,14,8,14,14,11,14,14,9,14,14,14,14,14,9,13,14,11,0,0,0,0,-1,
0,0,0,0.0315608,0,0,1,0.022914,0,0,14,0.0229139,0,0,15,0.0229139,0,0,16,0.0229139,0,0,17,0.0229139,0,0,18,0.022914,0,0,19,0.0229139,0,7,0,0.022914,0,7,42,0.0229139,1,6,0,0.0229139,1,6,1,0.0229139,1,6,14,0.0229139,1,6,28,0.022914,1,6,42,0.0315608,1,6,43,0.0315608,1,6,44,0.022914,1,6,45,0.022914,1,6,46,0.022914,1,6,47,0.0229139,2,4,21,0.0229139,2,4,22,0.0229139,2,4,35,0.0229139,2,4,36,0.0315608,2,4,49,0.0229139,2,4,50,0.0229139,3,0,0,0.0315608,4,1,0,0.0229139,4,1,7,0.0229139,4,1,8,0.0229139,4,1,14,0.0315608,4,1,21,0.0229139,4,1,22,0.022914,4,1,23,0.022914,4,1,24,0.0229139,4,1,28,0.022914,4,1,29,0.022914,4,1,30,0.0315608,4,1,31,0.0229139,4,1,42,0.0229139,4,1,49,0.0229139,
b7c7
BLACK
3,14,5,1,14,14,14,14,14,1,14,14,3,14,14,0,14,0,14,14,14,14,0,2,0,8,0,14,14,0,12,14,8,14,8,14,14,14,14,8,14,14,14,10,14,4,14,14,14,14,11,14,14,14,14,14,13,14,14,14,14,14,14,11,0,0,0,0,-1,
0,0,0,0.0315608,0,0,1,0.0229139,0,0,14,0.0229139,0,2,0,0.022914,0,2,7,0.0229139,0,2,42,0.022914,0,3,56,0.0229139,0,3,57,0.0315608,0,3,58,0.0315608,1,1,56,0.0229139,1,4,0,0.0229139,1,4,1,0.0229139,1,4,2,0.0315608,1,4,3,0.0229139,1,4,4,0.022914,1,4,5,0.0229139,1,4,14,0.022914,1,4,15,0.022914,1,4,28,0.0229139,1,4,42,0.022914,1,4,43,0.0229139,2,7,35,0.0229139,2,7,36,0.022914,2,7,49,0.0229139,3,5,0,0.0229139,5,5,0,0.0229139,5,5,1,0.0315608,5,5,7,0.0229139,5,5,8,0.0229139,5,5,14,0.0229139,5,5,15,0.022914,5,5,21,0.0229139,5,5,22,0.0229139,5,5,28,0.0229139,5,5,35,0.0315608,5,5,36,0.022914,5,5,37,0.022914,5,5,42,0.0315608,5,5,43,0.0229139,5,5,49,0.0229139,5,5,50,0.022914,
f6h4
WHITE
3,14,14,14,14,14,14,5,14,14,14,14,14,3,14,14,14,14,14,14,2,14,14,14,0,14,14,14,14,0,14,0,12,4,8,14,14,8,0,8,10,8,14,14,14,14,8,14,8,14,14,11,14,14,9,14,14,14,14,14,9,13,14,11,0,0,0,0,-1,
0,0,0,0.0338589,0,0,1,0.0251729,0,0,14,0.0251729,0,0,15,0.0251729,0,0,16,0.0251729,0,0,17,0.0251729,0,0,18,0.0251729,0,0,19,0.0251729,0,7,0,0.0251729,0,7,42,0.0251729,0,7,49,0.0251729,1,5,0,0.0251729,1,5,14,0.0251729,1,5,15,0.0251729,1,5,28,0.0251729,1,5,42,0.0338589,1,5,43,0.0251729,1,5,44,0.0338589,1,5,45,0.0251729,1,5,46,0.0251729,2,4,35,0.0251729,2,4,36,0.0338589,2,4,49,0.0251729,2,4,50,0.0251729,4,1,0,0.0251729,4,1,7,0.0251729,4,1,8,0.0251729,4,1,14,0.0338589,4,1,21,0.0251729,4,1,22,0.0251729,4,1,23,0.0251729,4,1,24,0.0251729,4,1,28,0.0251729,4,1,29,0.0251729,4,1,30,0.0251729,4,1,31,0.0251729,4,1,42,0.0251729,4,1,49,0.0251729,
g4e6
BLACK
3,14,5,1,14,14,14,14,14,1,14,14,3,14,14,0,14,0,14,14,14,14,0,2,0,8,0,14,14,0,14,4,8,14,8,14,14,14,14,8,14,14,14,10,12,14,14,14,14,14,11,14,14,14,14,14,13,14,14,14,14,14,14,11,0,0,0,0,-1,
0,0,0,0.0344327,0,0,1,0.0265984,0,0,14,0.0265984,0,2,0,0.0265985,0,2,7,0.0344327,0,2,42,0.0265984,0,3,56,0.0344327,0,3,57,0.0344327,0,3,58,0.0344327,1,1,56,0.0344327,1,4,0,0.0344327,1,4,1,0.0265984,1,4,2,0.0344327,1,4,3,0.0344327,1,4,14,0.0265984,1,4,15,0.0344326,1,4,28,0.0265984,1,4,42,0.0344326,1,4,43,0.0344327,2,6,0,0.0265984,2,7,35,0.0344327,2,7,36,0.0265984,2,7,49,0.0344327,2,7,50,0.0265984,2,7,51,0.0344327,3,5,0,0.0344326,3,7,0,0.0265984,3,7,42,0.0265984,3,7,49,0.0344327,3,7,50,0.0265984,3,7,51,0.0344327,3,7,52,0.0344326,
a1a2
WHITE
3,14,14,14,14,14,14,5,14,14,14,14,14,3,14,14,14,14,14,4,2,14,14,14,0,14,14,14,14,0,14,0,12,14,8,14,14,8,0,8,10,8,14,14,14,14,8,14,8,14,14,11,14,14,9,11,14,14,14,14,9,13,14,14,0,0,0,0,-1,
0,0,0,0.0246729,0,0,1,0.0174207,0,0,14,0.0174206,0,0,15,0.0246729,0,0,16,0.0246729,0,0,17,0.0246729,0,0,18,0.0246729,0,0,19,0.0246729,0,7,0,0.0246729,0,7,42,0.0246729,0,7,49,0.0246729,1,5,0,0.0174207,1,5,14,0.0246729,1,5,15,0.0246729,1,5,28,0.0246729,1,5,42,0.0246729,1,5,43,0.0174206,1,5,44,0.0246729,1,5,45,0.0246729,1,5,46,0.0246729,2,3,0,0.0246729,2,3,1,0.0246729,2,3,2,0.0246729,2,3,3,0.0246729,2,3,7,0.0246729,2,3,8,0.0246729,2,3,21,0.0246729,2,3,22,0.0246729,2,3,28,0.0246729,2,3,29,0.0246729,2,3,35,0.0246729,2,3,36,0.0246729,2,3,42,0.0246729,2,3,43,0.0246729,2,3,44,0.0246729,2,3,49,0.0246729,2,3,50,0.0246729,2,3,51,0.0246729,2,4,35,0.0174207,2,4,36,0.0246729,2,4,49,0.0246729,2,4,50,0.0246729,
c7a7
BLACK
14,14,5,1,14,14,14,14,3,1,14,14,3,14,14,0,14,0,14,14,14,14,0,2,0,8,0,14,14,0,14,4,8,14,8,14,14,14,14,8,14,14,14,10,12,14,14,14,11,14,14,14,14,14,14,14,13,14,14,14,14,14,14,11,0,0,0,0,-1,
0,2,0,0.0314235,0,2,7,0.0314235,0,2,42,0.0314235,0,3,56,0.0314235,0,3,57,0.0400471,0,3,58,0.0314235,1,0,0,0.0314235,1,0,28,0.0314235,1,1,56,0.0314235,1,4,0,0.0314235,1,4,1,0.0314235,1,4,2,0.0400471,1,4,3,0.0314235,1,4,14,0.0314236,1,4,15,0.0314235,1,4,28,0.0314236,1,4,42,0.0314235,1,4,43,0.0314235,2,6,0,0.0314234,2,7,35,0.0314235,2,7,36,0.0314235,2,7,49,0.0314235,2,7,50,0.0314235,2,7,51,0.0314235,3,5,0,0.0314235,3,7,0,0.0314236,3,7,42,0.0314236,3,7,49,0.0314235,3,7,50,0.0314235,3,7,51,0.0400471,3,7,52,0.0314236,
h4h5 (capture)
WHITE
3,14,14,14,14,14,14,5,14,14,14,14,14,14,14,3,14,14,14,4,2,14,14,14,12,14,14,14,14,0,14,0,14,14,8,14,14,8,0,8,10,8,14,14,14,14,8,14,8,14,14,11,14,14,9,11,14,14,14,14,9,13,14,14,0,0,0,0,-1,
0,0,0,0.0263136,0,0,1,0.0185792,0,0,2,0.0185791,0,0,14,0.0185791,0,0,15,0.0263137,0,0,16,0.0263136,0,0,17,0.0185791,0,0,18,0.0185792,0,0,19,0.0263136,0,7,42,0.0263136,0,7,49,0.0263136,1,7,0,0.0263136,1,7,42,0.0263136,1,7,43,0.0185792,1,7,44,0.0263136,1,7,45,0.0263136,1,7,46,0.0263136,1,7,47,0.0185792,1,7,48,0.0263136,2,3,0,0.0263136,2,3,1,0.0263137,2,3,2,0.0263136,2,3,3,0.0263136,2,3,7,0.0185791,2,3,8,0.0263136,2,3,21,0.0185791,2,3,22,0.0263136,2,3,28,0.0263136,2,3,29,0.0263136,2,3,35,0.0185792,2,3,36,0.0185791,2,3,42,0.0263137,2,3,43,0.0185791,2,3,44,0.0185792,2,3,49,0.0263136,2,3,50,0.0263136,2,3,51,0.0263136,2,4,21,0.0185792,2,4,22,0.0185792,2,4,35,0.0185792,2,4,36,0.0263136,2,4,49,0.0185792,2,4,50,0.0263136,
a7b7
BLACK
14,14,5,1,14,14,14,14,3,1,14,14,3,14,14,0,14,0,14,14,14,14,0,2,0,8,0,14,14,0,14,14,8,14,8,14,14,14,14,4,14,14,14,10,12,14,14,14,14,11,14,14,14,14,14,14,13,14,14,14,14,14,14,11,0,0,0,0,-1,
0,2,0,0.0271679,0,2,7,0.0271679,0,2,42,0.0271679,0,3,56,0.0271679,0,3,57,0.0271679,0,3,58,0.0271679,1,0,0,0.0271679,1,0,28,0.0197245,1,1,56,0.0271679,1,4,0,0.0271679,1,4,1,0.0271679,1,4,2,0.0271679,1,4,3,0.0271679,1,4,14,0.0197246,1,4,15,0.0271679,1,4,28,0.0271678,1,4,42,0.0271678,1,4,43,0.0271679,2,6,0,0.0197246,2,7,35,0.0271679,2,7,36,0.0197245,2,7,49,0.0271678,2,7,50,0.0197245,2,7,51,0.0271679,3,5,0,0.0271678,4,7,0,0.0271679,4,7,1,0.0271679,4,7,2,0.0271679,4,7,28,0.0271679,4,7,35,0.0197245,4,7,36,0.0271679,4,7,42,0.0197246,4,7,43,0.0271679,4,7,44,0.0271679,4,7,45,0.0271679,4,7,46,0.0271679,4,7,49,0.0197245,4,7,50,0.0271678,4,7,51,0.0271679,
h3g2
WHITE
3,14,14,14,14,14,14,5,14,14,14,14,14,14,3,14,14,14,14,4,2,14,14,14,12,14,14,14,14,0,14,0,14,14,8,14,14,8,0,8,14,8,14,14,14,14,8,14,8,10,14,11,14,14,9,11,14,14,14,14,9,13,14,14,0,0,0,0,-1,
0,0,0,0.0348072,0,0,1,0.0264129,0,0,2,0.0264129,0,0,14,0.0264129,0,0,15,0.0264129,0,0,16,0.0348072,0,0,17,0.0264129,0,0,18,0.0264129,0,0,19,0.0348072,0,7,0,0.0264129,0,7,42,0.0348072,2,3,0,0.0348072,2,3,1,0.0264129,2,3,2,0.0264129,2,3,3,0.0348072,2,3,7,0.0264129,2,3,8,0.0348072,2,3,21,0.0264129,2,3,22,0.0264129,2,3,28,0.0264129,2,3,29,0.0348072,2,3,35,0.0264129,2,3,36,0.0264129,2,3,42,0.0264129,2,3,43,0.0264129,2,3,44,0.0264129,2,3,49,0.0264129,2,3,50,0.0264129,2,3,51,0.0264129,2,4,21,0.0264128,2,4,22,0.0264129,2,4,35,0.0264129,2,4,36,0.0348072,2,4,49,0.0264129,2,4,50,0.0264129,
e6e8
BLACK
14,14,5,1,14,14,14,14,3,1,14,14,3,14,2,0,14,0,14,14,14,14,0,14,0,8,0,14,14,0,14,14,8,14,8,14,14,14,14,4,14,14,14,10,14,14,14,14,14,11,14,14,14,14,14,14,13,14,14,14,12,14,14,11,0,0,0,0,-1,
0,2,0,0.0228409,0,2,7,0.0228409,0,2,42,0.0228409,0,3,56,0.0228409,0,3,57,0.0228409,0,3,58,0.0228409,1,0,0,0.0228409,1,0,28,0.0156006,1,1,56,0.0228409,1,4,0,0.0228409,1,4,1,0.022841,1,4,2,0.0228409,1,4,3,0.0228409,1,4,4,0.0228409,1,4,5,0.0228409,1,4,14,0.0156007,1,4,28,0.0228409,1,4,42,0.0228409,1,4,43,0.0228409,1,6,7,0.0228409,1,6,21,0.0156006,1,6,35,0.0228409,1,6,49,0.0228409,1,6,50,0.0228409,1,6,51,0.0228409,1,6,52,0.0156007,1,6,53,0.0228409,1,7,0,0.022841,1,7,1,0.0228409,2,6,0,0.0156006,3,5,0,0.0228409,4,7,0,0.0228409,4,7,1,0.0228409,4,7,2,0.0228409,4,7,28,0.0228409,4,7,29,0.0156007,4,7,35,0.0228409,4,7,36,0.0228409,4,7,42,0.0228409,4,7,43,0.0228409,4,7,44,0.0228409,4,7,45,0.0228409,4,7,46,0.0228409,4,7,49,0.0156006,4,7,50,0.0228409,4,7,51,0.0228409,
g2c6
WHITE
3,14,14,4,14,14,14,5,14,14,14,14,14,14,3,14,14,14,14,14,2,10,14,14,12,14,14,14,14,0,14,0,14,14,8,14,14,8,0,8,14,8,14,14,14,14,8,14,8,14,14,11,14,14,9,11,14,14,14,14,9,13,14,14,0,0,0,0,-1,
0,0,0,0.0411535,0,0,1,0.0327426,0,0,2,0.0327425,0,0,14,0.0327425,0,0,15,0.0327426,0,3,0,0.0327426,0,3,1,0.0327425,0,3,2,0.0327425,0,3,3,0.0327426,0,3,4,0.0327426,0,3,5,0.0327426,0,3,7,0.0411535,0,3,8,0.0327426,0,3,14,0.0411535,0,3,15,0.0327426,0,3,16,0.0327425,0,3,42,0.0411535,0,3,43,0.0327426,0,3,49,0.0327426,0,3,50,0.0327426,0,3,51,0.0327426,0,7,0,0.0327426,0,7,42,0.0411535,2,4,21,0.0327426,2,4,22,0.0327426,2,4,35,0.0327426,2,4,36,0.0411535,2,4,49,0.0327426,2,4,50,0.0327426,
e8d7
BLACK
14,14,5,1,14,14,14,14,3,1,14,14,3,14,14,0,14,0,14,14,14,14,0,14,0,8,0,14,14,0,14,14,8,14,8,14,14,14,14,4,14,14,2,10,14,14,14,14,14,11,14,12,14,14,14,14,13,14,14,14,14,14,14,11,0,0,0,0,-1,
0,2,0,0.0165402,0,2,7,0.0242165,0,2,42,0.0165402,0,3,56,0.0242164,0,3,57,0.0242164,0,3,58,0.0242164,1,0,0,0.0165402,1,0,28,0.0165402,1,1,56,0.0242164,1,4,0,0.0242164,1,4,1,0.0165401,1,4,2,0.0242164,1,4,3,0.0242164,1,4,4,0.0165402,1,4,5,0.0242164,1,4,14,0.0165402,1,4,15,0.0165402,1,4,28,0.0165402,1,4,42,0.0242165,1,4,43,0.0242165,1,7,0,0.0242164,1,7,1,0.0242164,2,6,0,0.0165402,3,5,0,0.0242165,4,7,0,0.0242164,4,7,1,0.0165402,4,7,2,0.0242165,4,7,28,0.0242164,4,7,29,0.0165402,4,7,35,0.0165402,4,7,36,0.0165402,4,7,42,0.0165401,4,7,43,0.0242164,4,7,44,0.0242164,4,7,45,0.0242164,4,7,46,0.0242165,4,7,49,0.0165402,4,7,50,0.0165402,4,7,51,0.0242165,5,2,7,0.0165402,5,2,21,0.0242164,5,2,22,0.0242164,5,2,23,0.0242164,5,2,24,0.0242165,5,2,25,0.0242164,5,2,35,0.0242165,5,2,49,0.0242164,
e2e7
WHITE
3,14,14,14,14,14,14,5,14,14,14,11,4,14,3,14,14,14,14,14,2,10,14,14,12,14,14,14,14,0,14,0,14,14,8,14,14,8,0,8,14,8,14,14,14,14,8,14,8,14,14,14,14,14,9,11,14,14,14,14,9,13,14,14,0,0,0,0,-1,
0,0,0,0.0452394,0,0,1,0.0368478,0,0,2,0.0368478,0,0,14,0.0368478,0,0,15,0.0368478,0,0,16,0.0452394,0,0,17,0.0368478,0,0,18,0.0368478,0,0,19,0.0452394,0,7,0,0.0368478,0,7,42,0.0452394,1,4,7,0.0368478,1,4,14,0.0368478,1,4,21,0.0368478,1,4,28,0.0368477,1,4,35,0.0368478,1,4,42,0.0368478,1,4,49,0.0368478,1,4,50,0.0368478,1,4,51,0.0368478,1,4,52,0.0452394,2,4,21,0.0368478,2,4,22,0.0368477,2,4,35,0.0368478,2,4,49,0.0368477,2,4,50,0.0368478,
d7c7
BLACK
14,14,5,1,14,14,14,14,3,1,14,14,14,14,14,0,14,0,14,14,14,14,0,14,0,8,0,14,14,0,14,14,8,14,8,14,14,14,14,4,14,14,2,10,14,14,14,14,14,11,12,14,3,14,14,14,13,14,14,14,14,14,14,11,0,0,0,0,-1,
0,2,0,0.0201385,0,2,7,0.0201385,0,2,42,0.0201385,0,3,56,0.0201385,0,3,57,0.0201385,0,3,58,0.0201385,1,0,0,0.0201385,1,0,28,0.0201385,1,1,56,0.0201385,1,7,0,0.0201385,1,7,1,0.0201385,2,6,0,0.0201386,3,5,0,0.0201385,4,7,0,0.0201385,4,7,1,0.0201386,4,7,2,0.0201386,4,7,28,0.0201385,4,7,29,0.0201385,4,7,35,0.0201385,4,7,36,0.0201386,4,7,37,0.0201385,4,7,42,0.0201385,4,7,43,0.0201385,4,7,44,0.0201385,4,7,45,0.0201385,4,7,46,0.0201385,4,7,49,0.0201385,4,7,50,0.0201386,4,7,51,0.0201385,5,2,7,0.0201385,5,2,8,0.0201385,5,2,21,0.0201385,5,2,22,0.0201385,5,2,23,0.0201385,5,2,24,0.0201385,5,2,25,0.0201385,5,2,35,0.0201385,5,2,49,0.0201385,6,4,0,0.0201385,6,4,14,0.0201385,6,4,15,0.0201385,6,4,16,0.0201386,6,4,28,0.0201385,6,4,29,0.0201384,6,4,30,0.0201385,6,4,31,0.0201385,6,4,32,0.0201385,6,4,33,0.0201385,6,4,42,0.0132128,6,4,43,0.0201386,
h5h6
WHITE
3,14,14,14,14,14,14,5,14,14,14,11,14,4,3,14,12,14,14,14,2,10,14,14,14,14,14,14,14,0,14,0,14,14,8,14,14,8,0,8,14,8,14,14,14,14,8,14,8,14,14,14,14,14,9,11,14,14,14,14,9,13,14,14,0,0,0,0,-1,
0,0,0,0.0503795,0,0,1,0.0503795,0,0,14,0.0427897,0,0,15,0.0503795,0,0,16,0.0503795,0,0,17,0.0503795,0,0,18,0.0503795,0,0,19,0.0503795,0,7,0,0.0503795,0,7,42,0.0503795,1,5,0,0.0503795,1,5,7,0.0503795,1,5,21,0.0503795,1,5,28,0.0503795,1,5,35,0.0503795,1,5,42,0.0503795,1,5,43,0.0503795,2,4,35,0.0503795,2,4,49,0.0503795,2,4,50,0.0503795,
c7b6
BLACK
14,14,5,1,14,14,14,14,3,1,14,14,14,14,14,0,14,0,14,14,14,14,0,14,0,8,0,14,14,0,14,14,8,14,8,14,14,14,14,14,14,12,2,10,14,14,14,4,14,11,14,14,3,14,14,14,13,14,14,14,14,14,14,11,0,0,0,0,-1,
0,2,0,0.0165402,0,2,7,0.0242165,0,2,42,0.0165401,0,3,56,0.0242164,0,3,57,0.0242164,0,3,58,0.0242164,1,0,0,0.0165402,1,0,28,0.0165402,1,1,56,0.0242164,1,7,0,0.0242165,1,7,1,0.0242164,2,6,0,0.0165402,3,5,0,0.0242165,5,2,7,0.0242165,5,2,8,0.0242164,5,2,21,0.0242164,5,2,22,0.0242165,5,2,23,0.0242164,5,2,24,0.0242165,5,2,25,0.0242164,5,2,35,0.0242165,5,2,49,0.0242165,5,7,0,0.0242164,5,7,1,0.0165402,5,7,28,0.0242164,5,7,29,0.0242164,5,7,30,0.0242165,5,7,35,0.0242164,5,7,42,0.0165402,5,7,43,0.0165402,5,7,44,0.0242164,5,7,45,0.0242164,5,7,49,0.0165402,5,7,50,0.0242164,6,4,0,0.0165402,6,4,14,0.0242164,6,4,15,0.0242164,6,4,16,0.0165402,6,4,28,0.0165402,6,4,29,0.0165402,6,4,30,0.0165402,6,4,31,0.0242164,6,4,32,0.0242164,6,4,33,0.0165402,6,4,42,0.0165402,6,4,43,0.0165401,6,4,44,0.0165402,
h6h7
WHITE
3,14,14,14,14,14,14,5,12,14,14,11,14,14,3,14,14,14,14,14,2,10,4,14,14,14,14,14,14,0,14,0,14,14,8,14,14,8,0,8,14,8,14,14,14,14,8,14,8,14,14,14,14,14,9,11,14,14,14,14,9,13,14,14,0,0,0,0,-1,
0,0,0,0.0503795,0,0,14,0.0427897,0,0,15,0.0503795,0,0,16,0.0503795,0,0,17,0.0503795,0,0,18,0.0503795,0,0,19,0.0503795,0,7,0,0.0503795,0,7,42,0.0503795,2,4,21,0.0503795,2,4,22,0.0503795,2,4,35,0.0503795,2,4,49,0.0503795,2,4,50,0.0503795,2,6,0,0.0503795,2,6,14,0.0503795,2,6,21,0.0503795,2,6,35,0.0503795,2,6,36,0.0503795,2,6,42,0.0503795,
b6c7
BLACK
14,14,5,1,14,14,14,14,3,1,14,14,14,14,14,0,14,0,14,14,14,14,0,14,0,8,0,14,14,0,14,14,8,14,8,14,14,14,14,14,14,14,2,10,14,14,14,14,14,11,12,14,3,14,14,4,13,14,14,14,14,14,14,11,0,0,0,0,-1,
0,2,0,0.0165402,0,2,7,0.0242165,0,2,42,0.0165402,0,3,56,0.0242164,0,3,57,0.0242164,0,3,58,0.0242164,1,0,0,0.0165401,1,0,28,0.0165402,1,1,56,0.0242164,1,7,0,0.0242165,1,7,1,0.0242164,2,6,0,0.0165402,3,5,0,0.0242165,5,2,7,0.0242165,5,2,8,0.0242164,5,2,21,0.0242164,5,2,22,0.0242164,5,2,23,0.0242164,5,2,24,0.0242165,5,2,25,0.0242164,5,2,35,0.0242164,5,2,49,0.0242164,6,4,0,0.0165402,6,4,14,0.0242164,6,4,15,0.0242164,6,4,28,0.0242165,6,4,29,0.0165402,6,4,30,0.0242164,6,4,31,0.0242164,6,4,32,0.0242164,6,4,33,0.0165402,6,4,42,0.0165402,6,4,43,0.0165402,6,7,0,0.0165402,6,7,28,0.0242165,6,7,29,0.0165402,6,7,30,0.0165402,6,7,31,0.0242165,6,7,35,0.0242164,6,7,36,0.0165401,6,7,37,0.0242165,6,7,38,0.0165402,6,7,39,0.0165402,6,7,40,0.0165402,6,7,42,0.0165402,6,7,43,0.0242164,6,7,49,0.0242164,
e7e5
WHITE
3,14,14,14,14,14,14,5,12,14,14,14,14,4,3,14,14,14,14,14,2,10,14,14,14,14,14,11,14,0,14,0,14,14,8,14,14,8,0,8,14,8,14,14,14,14,8,14,8,14,14,14,14,14,9,11,14,14,14,14,9,13,14,14,0,0,0,0,-1,
0,0,0,0.0479392,0,0,14,0.0401301,0,0,15,0.0479392,0,0,16,0.0479393,0,0,17,0.0479392,0,0,18,0.0401302,0,0,19,0.0479392,0,7,0,0.0479392,0,7,42,0.0479393,1,5,0,0.0401302,1,5,7,0.0401302,1,5,21,0.0479393,1,5,28,0.0479392,1,5,35,0.0401301,1,5,42,0.0479393,1,5,43,0.0401302,1,5,44,0.0479392,1,5,45,0.0479392,1,5,46,0.0479392,2,4,35,0.0401301,2,4,36,0.0479393,2,4,49,0.0479393,
c7c8
BLACK
14,14,5,1,14,14,14,14,3,1,14,14,14,14,14,0,14,0,14,14,14,14,0,14,0,8,0,14,14,0,14,14,8,14,8,14,3,14,14,14,14,14,2,10,14,14,14,14,14,11,14,14,14,14,14,4,13,14,12,14,14,14,14,11,0,0,0,0,-1,
0,2,0,0.0146523,0,2,7,0.0223324,0,2,42,0.0146523,0,3,56,0.0223323,0,3,57,0.0223323,0,3,58,0.0223323,1,0,0,0.0146523,1,0,28,0.0146523,1,1,56,0.0223323,1,7,0,0.0223323,1,7,1,0.0223323,2,6,0,0.0146523,3,5,0,0.0223324,4,4,0,0.0223323,4,4,1,0.0146523,4,4,2,0.0223323,4,4,14,0.0223323,4,4,15,0.0223323,4,4,16,0.0223323,4,4,28,0.0146523,4,4,29,0.0146523,4,4,30,0.0146523,4,4,31,0.0223323,4,4,42,0.0223323,4,4,43,0.0223324,5,2,7,0.0146523,5,2,8,0.0223323,5,2,21,0.0223323,5,2,22,0.0223324,5,2,23,0.0223323,5,2,24,0.0223323,5,2,25,0.0223323,5,2,35,0.0223323,5,2,49,0.0223323,6,7,0,0.0146523,6,7,28,0.0223323,6,7,29,0.0146523,6,7,30,0.0146523,6,7,31,0.0223324,6,7,35,0.0223323,6,7,36,0.0146523,6,7,37,0.0146523,6,7,38,0.0146523,6,7,39,0.0146523,6,7,40,0.0146523,6,7,42,0.0146523,6,7,43,0.0223323,6,7,44,0.0146523,6,7,45,0.0223323,6,7,46,0.0146523,6,7,47,0.0223324,6,7,49,0.0223323,
c6h1
WHITE
3,14,14,14,14,4,14,5,12,14,14,14,14,14,3,14,14,14,14,14,2,14,14,14,14,14,14,11,14,0,14,0,14,14,8,14,14,8,0,8,14,8,14,14,14,14,8,14,8,14,14,14,14,14,9,11,10,14,14,14,9,13,14,14,0,0,0,0,-1,
0,0,0,0.0432647,0,0,14,0.035594,0,0,15,0.0432647,0,0,16,0.0432647,0,0,17,0.0432647,0,5,0,0.0432647,0,5,1,0.0432647,0,5,14,0.035594,0,5,42,0.0432647,0,5,43,0.0432647,0,5,44,0.0432647,0,5,45,0.0432647,0,5,49,0.035594,0,5,50,0.0432647,0,5,51,0.0432647,0,5,52,0.0432647,0,5,53,0.0432647,0,7,0,0.0432647,0,7,42,0.0432647,2,4,21,0.035594,2,4,22,0.0432647,2,4,35,0.035594,2,4,36,0.0432647,2,4,49,0.0432647,
c8g4
BLACK
14,14,5,1,14,14,14,2,3,1,14,14,14,14,14,0,14,0,14,14,14,14,0,14,0,8,0,14,14,0,12,14,8,14,8,14,3,14,14,14,14,14,14,10,14,14,14,14,14,11,14,14,14,14,14,4,13,14,14,14,14,14,14,11,0,0,0,0,-1,
0,2,0,0.014253,0,2,7,0.014253,0,2,42,0.014253,0,3,56,0.0142529,0,3,57,0.0208677,0,3,58,0.0208677,0,7,49,0.014253,0,7,50,0.0208678,0,7,51,0.014253,0,7,52,0.014253,0,7,53,0.0208677,0,7,54,0.014253,1,0,0,0.014253,1,0,28,0.014253,1,1,56,0.014253,1,7,0,0.014253,1,7,1,0.0208677,3,5,0,0.014253,4,4,0,0.014253,4,4,1,0.014253,4,4,2,0.014253,4,4,14,0.0208677,4,4,15,0.014253,4,4,16,0.014253,4,4,28,0.014253,4,4,29,0.014253,4,4,30,0.014253,4,4,31,0.0208677,4,4,42,0.014253,4,4,43,0.014253,6,7,0,0.014253,6,7,28,0.014253,6,7,29,0.014253,6,7,30,0.014253,6,7,31,0.0142529,6,7,35,0.014253,6,7,36,0.014253,6,7,37,0.014253,6,7,38,0.0142529,6,7,39,0.014253,6,7,40,0.014253,6,7,42,0.0142529,6,7,43,0.014253,6,7,44,0.014253,6,7,45,0.0208677,6,7,46,0.014253,6,7,47,0.277193,6,7,49,0.014253,
e5h5
WHITE
3,14,14,14,14,14,14,5,12,14,14,14,14,14,3,14,14,14,14,14,2,14,14,14,11,14,14,14,14,0,14,0,14,4,8,14,14,8,0,8,14,8,14,14,14,14,8,14,8,14,14,14,14,14,9,11,10,14,14,14,9,13,14,14,0,0,0,0,-1,
0,0,0,0.0400471,0,0,14,0.0314235,0,0,15,0.0314235,0,0,16,0.0314235,0,0,17,0.0314235,0,0,18,0.0314235,0,0,19,0.0314235,0,7,0,0.0314235,0,7,42,0.0314235,2,4,21,0.0314235,2,4,22,0.0314235,2,4,35,0.0314234,2,4,36,0.0400471,2,4,49,0.0314235,2,4,50,0.0314235,4,1,0,0.0314236,4,1,7,0.0314235,4,1,8,0.0314236,4,1,9,0.0314236,4,1,14,0.0400471,4,1,21,0.0314235,4,1,22,0.0314235,4,1,23,0.0314235,4,1,24,0.0314235,4,1,28,0.0314236,4,1,29,0.0314236,4,1,30,0.0314235,4,1,31,0.0314235,4,1,35,0.0314235,4,1,42,0.0314235,4,1,49,0.0314235,
d6c7
BLACK
14,14,5,1,14,14,14,2,3,1,14,14,14,14,14,0,14,0,14,14,14,14,0,14,0,8,0,14,14,0,12,14,8,14,8,14,14,14,14,3,14,14,14,14,14,14,14,14,14,11,10,14,14,14,14,4,13,14,14,14,14,14,14,11,0,0,0,0,-1,
0,2,0,0.0212,0,2,7,0.0212,0,2,42,0.0212,0,3,56,0.0292,0,3,57,0.0292,0,3,58,0.0292,0,7,49,0.0212,0,7,50,0.0292,0,7,51,0.0211999,0,7,52,0.0292,0,7,53,0.0292,0,7,54,0.0212,1,0,0,0.0211999,1,0,28,0.0212,1,1,56,0.0292,1,7,0,0.0211999,1,7,1,0.0292,3,5,0,0.0212,4,7,0,0.0292,4,7,28,0.0292,4,7,29,0.0211999,4,7,42,0.0211999,4,7,43,0.0292,4,7,44,0.0292,4,7,45,0.0292,4,7,46,0.0292,6,7,0,0.0212,6,7,28,0.0292,6,7,35,0.0292,6,7,36,0.0212,6,7,37,0.0211999,6,7,38,0.0212,6,7,39,0.0211999,6,7,40,0.0211999,6,7,42,0.0212,6,7,43,0.0292,6,7,44,0.0212,6,7,45,0.0292,6,7,46,0.0211999,6,7,49,0.0292,
h2h4
WHITE
3,14,14,14,14,14,14,5,12,14,14,14,14,2,3,14,14,14,14,14,14,14,14,14,11,14,14,14,14,0,14,0,8,4,8,14,14,8,0,8,14,8,14,14,14,14,8,14,14,14,14,14,14,14,9,11,10,14,14,14,9,13,14,14,0,0,0,0,40,
0,0,0,0.0400471,0,0,14,0.0314235,0,0,15,0.0314235,0,0,16,0.0314235,0,0,17,0.0314235,0,0,18,0.0314235,0,0,19,0.0314235,0,7,0,0.0314235,0,7,42,0.0314235,1,5,7,0.0314235,1,5,21,0.0314235,1,5,35,0.0314235,1,5,49,0.0314236,1,5,50,0.0314235,1,5,51,0.0314235,4,1,0,0.0314236,4,1,7,0.0314236,4,1,8,0.0314235,4,1,9,0.0314236,4,1,14,0.0400471,4,1,21,0.0314235,4,1,22,0.0314235,4,1,23,0.0314235,4,1,24,0.0314235,4,1,28,0.0314235,4,1,29,0.0314234,4,1,30,0.0400471,4,1,31,0.0314235,4,1,35,0.0314236,4,1,42,0.0314235,4,1,49,0.0314235,
g4f3
BLACK
14,14,5,1,14,14,14,2,3,1,14,14,14,14,14,14,14,0,14,14,14,12,0,14,0,8,0,14,14,0,14,0,8,14,8,14,14,14,14,3,14,14,14,14,14,14,14,14,14,11,10,14,14,14,14,4,13,14,14,14,14,14,14,11,0,0,0,0,-1,
0,2,0,0.0292584,0,2,7,0.0292584,0,2,42,0.0292584,0,3,56,0.0292585,0,3,57,0.0378762,0,3,58,0.0378762,0,7,49,0.0292584,0,7,50,0.0292585,1,0,0,0.0292584,1,0,28,0.0292585,1,1,56,0.0292584,2,6,0,0.0292584,3,5,0,0.0292585,4,7,0,0.0292585,4,7,42,0.0292584,4,7,43,0.0378762,4,7,44,0.0292585,4,7,45,0.0292585,4,7,46,0.0292585,6,7,0,0.0292584,6,7,28,0.0292585,6,7,35,0.0292585,6,7,36,0.0292584,6,7,37,0.0292585,6,7,38,0.0292584,6,7,39,0.0292585,6,7,40,0.0292585,6,7,42,0.0292584,6,7,43,0.0292585,6,7,44,0.0292584,6,7,45,0.0378762,6,7,46,0.0292584,6,7,49,0.0292585,
h7g8
WHITE
3,12,14,14,14,14,14,5,14,14,14,14,14,2,3,14,14,14,14,14,14,14,14,14,11,14,14,14,14,0,14,0,8,14,8,14,14,8,0,8,14,8,4,14,14,14,8,14,14,14,14,14,14,14,9,11,10,14,14,14,9,13,14,14,0,0,0,0,-1,
0,0,14,0.193645,0,7,0,0.201589,1,5,21,0.201589,1,5,35,0.201589,1,6,28,0.201589,
b7b8
BLACK
14,14,5,1,14,14,14,2,3,1,14,14,14,14,14,14,14,0,14,14,14,12,0,14,0,8,0,14,14,0,14,0,8,14,8,14,14,14,14,3,14,14,14,14,14,14,14,14,14,14,10,14,14,14,14,14,13,11,14,14,14,14,4,11,0,0,0,0,-1,
0,2,0,0.0264129,0,2,7,0.0264129,0,2,42,0.0264129,0,3,56,0.0348072,0,3,57,0.0348072,0,3,58,0.0348072,0,7,49,0.0264129,0,7,50,0.0348072,1,0,0,0.0264129,1,0,28,0.0264129,1,1,56,0.0348072,2,6,0,0.0264129,3,5,0,0.0264129,4,7,0,0.0348072,4,7,1,0.0264129,4,7,2,0.0264129,4,7,42,0.0264129,4,7,43,0.0348072,4,7,44,0.0264129,4,7,45,0.0264129,4,7,46,0.0264129,7,6,14,0.0348072,7,6,21,0.0264129,7,6,28,0.0264129,7,6,29,0.0264129,7,6,30,0.0264129,7,6,31,0.0264129,7,6,35,0.0264129,7,6,36,0.0264128,7,6,37,0.0348072,7,6,42,0.0264129,7,6,43,0.0264129,7,6,44,0.0264129,7,6,45,0.0264129,7,6,46,0.0264129,
g8h8 (capture)
WHITE
12,14,14,14,14,14,3,5,14,14,14,14,14,2,14,14,14,14,14,14,14,14,14,14,11,14,14,14,14,0,14,0,8,14,8,14,14,8,0,8,14,8,4,14,14,14,8,14,14,14,14,14,14,14,9,11,10,14,14,14,9,13,14,14,0,0,0,0,-1,
0,6,42,0.0586912,0,6,43,0.0504674,0,6,44,0.0504674,0,6,45,0.0586912,0,6,46,0.0586912,0,6,47,0.0504674,0,7,0,0.0504674,0,7,49,0.0504674,1,5,7,0.0504674,1,5,35,0.0504674,1,5,49,0.0504674,1,5,50,0.0504674,1,5,51,0.0504675,5,2,21,0.0586912,5,2,22,0.0504675,5,2,23,0.0504675,5,2,24,0.0504674,5,2,49,0.0586912,5,2,50,0.0504674,
b8c8
BLACK
14,14,5,1,14,14,14,2,3,1,14,14,14,14,14,14,14,0,14,14,14,12,0,14,0,8,0,14,14,0,14,0,8,14,8,14,14,14,14,3,14,14,14,14,14,14,14,14,14,14,10,14,14,14,14,14,13,14,11,14,14,14,14,4,0,0,0,0,-1,
0,2,0,0.0265984,0,2,7,0.0344327,0,2,42,0.0265985,0,3,56,0.0344327,0,3,57,0.0344327,0,3,58,0.0344327,0,7,49,0.0344326,0,7,50,0.0344327,1,0,0,0.0265984,1,0,28,0.0265984,1,1,56,0.0344327,2,6,0,0.0265984,3,5,0,0.0344326,4,7,0,0.0344327,4,7,1,0.0265984,4,7,42,0.0265984,4,7,43,0.0344327,4,7,44,0.0344327,4,7,45,0.0344327,4,7,46,0.0344327,7,7,28,0.0344327,7,7,29,0.0344327,7,7,35,0.0265984,7,7,36,0.0344326,7,7,37,0.0265984,7,7,38,0.0344327,7,7,39,0.0344326,7,7,42,0.0265984,7,7,43,0.0344327,7,7,44,0.0265984,7,7,45,0.0265984,7,7,46,0.0265984,
h8f6
WHITE
14,14,14,14,14,3,14,5,14,14,14,14,14,2,14,14,14,14,12,14,14,14,14,14,11,14,14,14,14,0,14,0,8,14,8,14,14,8,0,8,14,8,4,14,14,14,8,14,14,14,14,14,14,14,9,11,10,14,14,14,9,13,14,14,0,0,0,0,-1,
0,5,14,0.0417199,0,5,42,0.0494626,0,5,43,0.0494626,0,5,44,0.0494625,0,5,45,0.0494625,0,5,46,0.0417199,0,7,0,0.0494625,0,7,42,0.0494625,0,7,49,0.0494626,1,5,7,0.0417199,1,5,21,0.0494625,1,5,35,0.0417199,1,5,49,0.0417199,1,5,50,0.0494626,1,5,51,0.0494625,5,2,21,0.0494625,5,2,22,0.0494626,5,2,23,0.0494625,5,2,24,0.0494625,5,2,49,0.0494625,5,2,50,0.0494625,
c7d8
BLACK
14,14,5,1,14,14,14,2,3,1,14,14,14,14,14,14,14,0,14,14,14,12,0,14,0,8,0,14,14,0,14,0,8,14,8,14,14,14,14,3,14,14,14,14,14,4,14,14,14,14,14,14,14,14,14,14,13,14,11,10,14,14,14,14,0,0,0,0,-1,
0,2,0,0.0271678,0,2,7,0.0271679,0,2,42,0.0271679,0,3,56,0.0271679,0,3,57,0.0271679,0,3,58,0.0271679,0,7,49,0.0271679,0,7,50,0.0271679,1,0,0,0.0271679,1,0,28,0.0197245,1,1,56,0.0271679,2,6,0,0.0197245,3,5,0,0.0271679,4,7,0,0.0271679,4,7,1,0.0271679,4,7,2,0.0271678,4,7,42,0.0271678,4,7,43,0.0271679,4,7,44,0.0271679,4,7,45,0.0271679,4,7,46,0.0271678,5,5,0,0.0197245,5,5,1,0.0271679,5,5,7,0.0271679,5,5,8,0.0271679,5,5,14,0.0197246,5,5,15,0.0197246,5,5,21,0.0271679,5,5,28,0.0271679,5,5,35,0.0271679,5,5,36,0.0197245,5,5,37,0.0271679,5,5,42,0.0271679,5,5,43,0.0197246,5,5,44,0.0271679,5,5,45,0.0271679,5,5,46,0.0271679,5,5,49,0.0271678,5,5,50,0.0197245,
f6b6
WHITE
14,14,14,14,2,3,14,5,14,14,14,14,14,14,14,14,14,14,14,14,14,14,12,14,11,14,14,14,14,0,14,0,8,14,8,14,14,8,0,8,14,8,4,14,14,14,8,14,14,14,14,14,14,14,9,11,10,14,14,14,9,13,14,14,0,0,0,0,-1,
0,4,7,0.0569364,0,4,8,0.0643941,0,4,49,0.0725614,0,4,50,0.064394,0,4,51,0.0725614,0,4,52,0.0725614,0,5,0,0.0725614,0,5,1,0.0643941,0,5,14,0.0569364,5,2,21,0.0725614,5,2,22,0.0643941,5,2,23,0.0643941,5,2,24,0.0643941,5,2,49,0.0725614,5,2,50,0.0643941,
d8c7
BLACK
14,14,5,1,14,14,14,2,3,1,14,14,14,14,14,14,14,0,14,14,14,12,0,14,0,8,0,14,14,0,14,0,8,14,8,14,14,14,14,3,14,4,14,14,14,14,14,14,14,14,10,14,14,14,14,14,13,14,11,14,14,14,14,14,0,0,0,0,-1,
0,2,0,0.00908458,0,2,7,0.00908458,0,2,42,0.00908458,0,3,56,0.00908458,0,3,57,0.0122192,0,3,58,0.0122192,0,7,49,0.00908458,0,7,50,0.663232,1,0,0,0.00908458,1,0,28,0.00908458,1,1,56,0.0122192,2,6,0,0.00908458,3,5,0,0.00908458,4,7,0,0.0122192,4,7,1,0.00908458,4,7,2,0.00908464,4,7,42,0.00908458,4,7,43,0.0122192,4,7,44,0.00908458,4,7,45,0.00908464,4,7,46,0.00908458,5,1,0,0.00908458,5,1,1,0.00908458,5,1,7,0.00908458,5,1,14,0.00908458,5,1,15,0.00908458,5,1,16,0.00908458,5,1,17,0.00908458,5,1,18,0.00908458,5,1,19,0.00908464,5,1,21,0.0122192,5,1,28,0.00908458,5,1,29,0.00908458,5,1,35,0.00908464,5,1,42,0.00908458,5,1,49,0.00908464,
d1e3
WHITE
14,14,14,14,14,3,14,5,14,14,14,14,14,2,14,14,14,14,14,14,14,14,12,14,11,14,14,14,14,0,14,0,8,14,8,14,14,8,0,8,14,8,4,9,14,14,8,14,14,14,14,14,14,14,9,11,10,14,14,14,14,13,14,14,0,0,0,0,-1,
0,5,14,0.0494428,0,5,42,0.0658022,0,5,43,0.0658021,0,5,44,0.0425149,0,5,45,0.0425149,0,5,46,0.0425149,1,5,7,0.0571848,1,5,21,0.0658021,1,5,35,0.0571848,1,5,49,0.0571848,1,5,50,0.0658021,1,5,51,0.0658022,5,2,21,0.0494428,5,2,22,0.0494428,5,2,23,0.0425149,5,2,24,0.0658021,5,2,49,0.0494428,5,2,50,0.0658021,
f3e4
BLACK
14,14,5,14,14,14,14,2,3,1,14,14,14,14,14,14,14,0,14,14,1,14,0,14,0,8,0,14,12,0,14,0,8,14,8,14,14,14,14,3,14,4,14,14,14,14,14,14,14,14,10,14,14,14,14,14,13,14,11,14,14,14,14,14,0,0,0,0,-1,
0,2,7,0.0158034,0,2,14,0.0158035,0,7,49,0.0158034,0,7,50,0.0158034,0,7,51,0.405024,1,0,0,0.0158034,1,0,28,0.0111583,1,1,56,0.0158034,1,1,63,0.0111583,2,4,56,0.0111583,2,4,57,0.0158034,2,4,58,0.0158034,2,4,60,0.0111583,2,4,61,0.0158034,2,4,62,0.0158035,2,4,63,0.0158034,2,6,0,0.0111583,3,5,0,0.0158034,4,7,0,0.0158034,4,7,1,0.0158034,4,7,2,0.0158034,4,7,42,0.0111583,4,7,43,0.0158034,4,7,44,0.0158034,4,7,45,0.0158034,4,7,46,0.0158034,5,1,0,0.0158035,5,1,1,0.0158035,5,1,7,0.0158034,5,1,14,0.0158034,5,1,15,0.0158034,5,1,16,0.0158034,5,1,17,0.0158034,5,1,18,0.0158035,5,1,19,0.0158035,5,1,21,0.0158034,5,1,28,0.0158034,5,1,29,0.0111583,5,1,35,0.0111583,5,1,42,0.0158034,5,1,49,0.0158035,
b6h6
WHITE
14,14,14,14,14,3,14,5,14,14,14,14,14,2,14,14,12,14,14,14,14,14,14,14,11,14,14,14,14,0,14,0,8,14,8,4,14,8,0,8,14,8,14,9,14,14,8,14,14,14,14,14,14,14,9,11,10,14,14,14,14,13,14,14,0,0,0,0,-1,
0,5,14,0.0417199,0,5,42,0.0494625,0,5,43,0.0494626,0,5,44,0.0494625,0,5,45,0.0494626,0,5,46,0.0417199,0,7,0,0.0494626,0,7,42,0.0494625,0,7,49,0.0494625,1,5,7,0.0494626,1,5,21,0.0494625,1,5,35,0.0494625,1,5,49,0.0417199,1,5,50,0.0494626,1,5,51,0.0494625,4,3,21,0.0494625,4,3,22,0.0494625,4,3,23,0.0417199,4,3,49,0.0494625,4,3,50,0.0494625,4,3,51,0.0417199,
c7b8
BLACK
14,14,5,14,14,14,14,2,3,1,14,14,14,14,14,14,14,0,14,14,1,14,0,14,0,8,0,14,12,0,14,0,8,14,8,14,14,14,14,3,14,14,14,14,14,14,14,4,14,14,14,14,14,14,14,14,13,10,11,14,14,14,14,14,0,0,0,0,-1,
0,2,7,0.0264129,0,2,14,0.0264129,0,7,49,0.0264129,0,7,50,0.0348072,0,7,51,0.0264129,1,0,0,0.0264129,1,0,28,0.0264129,1,1,56,0.0348072,1,1,63,0.0264128,2,4,56,0.0264129,2,4,57,0.0264129,2,4,58,0.0348072,2,4,60,0.0264129,2,4,61,0.0264129,2,4,62,0.0264129,2,4,63,0.0264129,2,6,0,0.0264129,3,5,0,0.0264129,4,7,42,0.0264129,4,7,43,0.0348072,4,7,44,0.0264129,4,7,45,0.0264129,4,7,46,0.0264129,5,7,0,0.0348072,5,7,1,0.0264129,5,7,35,0.0264129,5,7,42,0.0264129,5,7,43,0.0264129,5,7,44,0.0348072,5,7,45,0.0348072,5,7,46,0.0264129,5,7,47,0.0348072,5,7,48,0.0264129,5,7,49,0.0264129,5,7,50,0.0348072,
h6h7
WHITE
14,14,14,14,14,3,2,5,12,14,14,14,14,14,14,14,14,14,14,14,14,14,14,14,11,14,14,14,14,0,14,0,8,14,8,4,14,8,0,8,14,8,14,9,14,14,8,14,14,14,14,14,14,14,9,11,10,14,14,14,14,13,14,14,0,0,0,0,-1,
0,5,0,0.0576791,0,5,1,0.0576791,0,5,42,0.0576791,0,5,43,0.0576791,0,5,44,0.0498702,0,5,45,0.0498702,0,5,46,0.0428824,0,6,7,0.0576791,0,6,49,0.0576791,0,6,50,0.0576791,0,6,51,0.0576791,0,6,52,0.0576791,4,3,21,0.0576791,4,3,22,0.0576791,4,3,23,0.0498703,4,3,49,0.0576791,4,3,50,0.0576791,4,3,51,0.0576791,
c8c7
BLACK
14,14,5,14,14,14,14,2,3,1,14,14,14,14,14,14,14,0,14,14,1,14,0,14,0,8,0,14,12,0,14,0,8,14,8,14,14,14,14,3,14,14,14,14,14,14,14,14,14,14,11,14,14,14,14,4,13,10,14,14,14,14,14,14,0,0,0,0,-1,
0,2,7,0.0263639,0,2,14,0.0263639,0,7,49,0.026364,0,7,50,0.0347426,0,7,51,0.0263639,1,0,0,0.0263639,1,0,28,0.0263639,1,1,56,0.0347426,1,1,63,0.026364,2,4,56,0.0263639,2,4,57,0.0263639,2,4,58,0.0347426,2,4,60,0.0263639,2,4,61,0.0263639,2,4,62,0.026364,2,4,63,0.0263639,2,6,0,0.0263639,3,5,0,0.0263639,4,7,0,0.0347426,4,7,42,0.0263639,4,7,43,0.0347426,4,7,44,0.0263639,4,7,45,0.0263639,4,7,46,0.0263639,6,7,0,0.0263639,6,7,28,0.0263639,6,7,35,0.0263639,6,7,36,0.0263639,6,7,37,0.0449757,6,7,42,0.026364,6,7,43,0.0263639,6,7,44,0.0263639,6,7,45,0.0347426,6,7,46,0.026364,6,7,49,0.0347426,
h1e4 (capture)
WHITE
14,14,14,14,14,14,2,5,12,14,14,14,14,3,14,14,14,14,14,14,14,14,14,14,11,14,14,14,14,0,14,0,8,14,8,10,14,8,0,8,14,8,14,9,14,14,8,14,14,14,14,14,14,14,9,11,14,14,14,14,14,13,14,14,0,0,0,0,-1,
0,7,0,0.638954,1,5,0,0.180523,1,5,14,0.180523,
c7c6
BLACK
14,14,5,14,14,14,14,14,3,1,14,14,14,14,14,14,14,0,14,14,1,14,0,14,0,8,0,14,2,0,14,0,8,14,8,14,14,14,14,3,14,14,11,14,14,14,14,14,14,14,14,14,14,14,14,4,13,10,14,14,14,14,14,14,0,0,0,0,-1,
0,2,0,0.0173067,0,2,7,0.0173067,0,2,14,0.0173067,0,2,42,0.0173067,1,0,0,0.0173067,1,0,28,0.0173067,1,1,56,0.0173067,1,1,63,0.0173067,2,4,56,0.0118207,2,4,57,0.0173067,2,4,58,0.0173067,2,4,60,0.0118207,2,4,61,0.0173067,2,4,62,0.0173067,2,4,63,0.0173067,2,6,0,0.0118207,3,4,7,0.0173067,3,4,8,0.0173067,3,4,21,0.0118207,3,4,22,0.0173067,3,4,23,0.0173067,3,4,35,0.0173067,3,4,36,0.0173067,3,4,37,0.0173067,3,4,49,0.0173067,3,4,50,0.276907,3,5,0,0.0173067,4,7,0,0.0173067,4,7,42,0.0173067,4,7,43,0.0173067,4,7,44,0.0173067,4,7,45,0.0173067,4,7,46,0.0173067,6,7,0,0.0118207,6,7,28,0.0173067,6,7,35,0.0173067,6,7,36,0.0173067,6,7,42,0.0173067,6,7,43,0.0173067,6,7,44,0.0173067,6,7,45,0.0173067,6,7,46,0.0118207,6,7,47,0.0173067,6,7,48,0.0118207,6,7,49,0.0173067,
e4c6 (capture)
WHITE
1 WINNER!
