3,1,2,4,5,2,1,3,0,0,0,0,0,0,0,0,14,14,14,14,14,14,14,14,14,14,14,14,14,14,14,14,14,14,14,14,14,14,14,14,14,14,14,14,14,14,14,14,8,8,8,8,8,8,8,8,11,9,10,12,13,10,9,11,1,1,1,1,-1,
0,1,57,0.0501002,0,1,58,0.0501002,0,6,57,0.0501002,0,6,58,0.0501002,1,0,0,0.0501002,1,0,1,0.0501002,1,1,0,0.0501002,1,1,1,0.0501002,1,2,0,0.0501002,1,2,1,0.0501002,1,3,0,0.0501002,1,3,1,0.0480961,1,4,0,0.0501002,1,4,1,0.0501002,1,5,0,0.0501002,1,5,1,0.0501002,1,6,0,0.0501002,1,6,1,0.0501002,1,7,0,0.0501002,1,7,1,0.0501002,
g1h3
WHITE
3,1,2,5,4,2,1,3,0,0,0,0,0,0,0,0,14,14,14,14,14,14,14,14,14,14,14,14,14,14,14,14,14,14,14,14,14,14,14,14,9,14,14,14,14,14,14,14,8,8,8,8,8,8,8,8,11,14,10,13,12,10,9,11,1,1,1,1,-1,
0,1,57,0.0501002,0,1,58,0.0501002,0,6,57,0.0501002,0,6,58,0.0501002,1,0,0,0.0501002,1,0,1,0.0501002,1,1,0,0.0501002,1,1,1,0.0501002,1,2,0,0.0501002,1,2,1,0.0501002,1,3,0,0.0501002,1,3,1,0.0480961,1,4,0,0.0501002,1,4,1,0.0501002,1,5,0,0.0501002,1,5,1,0.0501002,1,6,0,0.0501002,1,6,1,0.0501002,1,7,0,0.0501002,1,7,1,0.0501002,
a7a5
BLACK
3,1,2,4,5,2,14,3,0,0,0,0,0,0,0,0,14,14,14,14,14,14,14,1,14,14,14,14,14,14,14,14,8,14,14,14,14,14,14,14,14,14,14,14,14,14,14,14,14,8,8,8,8,8,8,8,11,9,10,12,13,10,9,11,1,1,1,1,40,
0,1,57,0.0501002,0,1,58,0.0501002,0,7,42,0.0501002,1,0,0,0.0501002,1,0,1,0.0501002,1,1,0,0.0501002,1,1,1,0.0501002,1,2,0,0.0501002,1,2,1,0.0501002,1,3,0,0.0501002,1,3,1,0.0480961,1,4,0,0.0501002,1,4,1,0.0501002,1,5,0,0.0501002,1,5,1,0.0501002,1,6,0,0.0501002,1,6,1,0.0501002,2,7,58,0.0501002,2,7,59,0.0501002,2,7,61,0.0501002,
b2b4
WHITE
3,1,2,5,4,2,1,3,0,0,0,0,0,0,0,14,14,14,14,14,14,14,14,14,14,14,14,14,14,14,14,0,14,14,14,14,14,14,8,14,9,14,14,14,14,14,14,14,8,8,8,8,8,8,14,8,11,14,10,13,12,10,9,11,1,1,1,1,46,
0,1,57,0.0460922,0,1,58,0.0440882,0,6,57,0.0460922,0,6,58,0.0460922,0,7,0,0.0460922,0,7,1,0.0440882,1,0,0,0.0460922,1,0,1,0.0460922,1,1,0,0.0460922,1,1,1,0.0460922,1,2,0,0.0460922,1,2,1,0.0440882,1,3,0,0.0440882,1,3,1,0.0440881,1,4,0,0.0440882,1,4,1,0.0460922,1,5,0,0.0460922,1,5,1,0.0460922,1,6,0,0.0440882,1,6,1,0.0460922,3,7,0,0.0460922,3,7,49,0.0460922,
h7h5
BLACK
3,1,2,4,5,2,14,3,0,14,0,0,0,0,0,0,14,14,14,14,14,14,14,1,14,0,14,14,14,14,14,14,8,14,14,14,14,14,14,8,14,14,14,14,14,14,14,14,14,8,8,8,8,8,8,14,11,9,10,12,13,10,9,11,1,1,1,1,47,
0,1,57,0.0460922,0,1,58,0.0440882,0,2,49,0.0460922,0,2,50,0.0460922,0,7,42,0.0460922,1,0,0,0.0460922,1,0,1,0.0460922,1,2,0,0.0460922,1,2,1,0.0440882,1,3,0,0.0440882,1,3,1,0.0440881,1,4,0,0.0440882,1,4,1,0.0460922,1,5,0,0.0460922,1,5,1,0.0460922,1,6,0,0.0440882,1,6,1,0.0460922,2,7,58,0.0460922,2,7,59,0.0460922,2,7,61,0.0460922,3,1,0,0.0460922,3,1,49,0.0440882,
h3f4
WHITE
3,1,2,5,4,2,1,3,14,0,0,0,0,0,0,14,14,14,14,14,14,14,14,14,0,14,14,14,14,14,14,0,14,14,9,14,14,14,8,14,14,14,14,14,14,14,14,14,8,8,8,8,8,8,14,8,11,14,10,13,12,10,9,11,1,1,1,1,-1,
0,0,0,0.0440882,0,0,1,0.0440882,0,1,57,0.0440882,0,1,58,0.0420842,0,6,57,0.0440882,0,6,58,0.0440882,0,7,0,0.0440882,0,7,1,0.0420842,1,1,0,0.0440882,1,1,1,0.0440882,1,2,0,0.0440882,1,2,1,0.0420842,1,3,0,0.0420842,1,3,1,0.0420842,1,4,0,0.0420842,1,4,1,0.0440882,1,5,0,0.0440882,1,5,1,0.0440882,1,6,0,0.0420842,1,6,1,0.0440882,3,0,0,0.0440882,3,7,0,0.0440882,3,7,49,0.0440882,
g8h6
BLACK
3,1,2,4,5,2,14,3,0,14,0,0,0,0,0,0,14,14,14,14,14,14,14,14,14,0,14,14,14,1,14,14,8,14,14,14,14,14,14,8,14,14,14,14,14,14,14,9,14,8,8,8,8,8,8,14,11,9,10,12,13,10,14,11,1,1,1,1,-1,
0,1,57,0.0380762,0,1,58,0.0380761,0,2,49,0.0380762,0,2,50,0.0400802,0,7,42,0.0380762,1,0,0,0.0400802,1,0,1,0.0380761,1,2,0,0.0380761,1,2,1,0.0380762,1,3,0,0.0380762,1,3,1,0.0380761,1,4,0,0.0380762,1,4,1,0.0380761,1,5,0,0.0380762,1,6,0,0.0380762,1,6,1,0.0380762,1,7,0,0.0380762,1,7,1,0.0380762,3,1,0,0.0400802,3,1,49,0.0380762,3,5,56,0.0380761,3,5,57,0.0380762,3,5,58,0.0380762,3,5,59,0.0380761,3,5,60,0.0400802,3,5,63,0.0400802,
c2c3
WHITE
3,14,2,5,4,2,1,3,14,0,0,0,0,0,0,14,1,14,14,14,14,14,14,14,0,14,14,14,14,14,14,0,14,14,9,14,14,14,8,14,14,14,14,14,14,8,14,14,8,8,8,8,8,14,14,8,11,14,10,13,12,10,9,11,1,1,1,1,-1,
0,0,0,0.0420841,0,0,14,0.0420842,0,6,57,0.0420842,0,6,58,0.0420842,0,7,0,0.0420842,0,7,1,0.0420842,1,1,0,0.0420842,1,1,1,0.0420842,1,2,0,0.0420842,1,2,1,0.0400802,1,3,0,0.0400802,1,3,1,0.0400802,1,4,0,0.0420842,1,4,1,0.0420842,1,5,0,0.0420842,1,5,1,0.0420842,1,6,0,0.0400802,1,6,1,0.0420842,2,0,56,0.0400801,2,0,57,0.0420842,2,0,62,0.0420842,3,0,0,0.0420842,3,7,0,0.0420842,3,7,49,0.0420842,
f7f6
BLACK
3,1,2,4,5,2,14,3,0,14,14,0,0,0,0,0,14,14,0,14,14,14,14,14,14,0,14,14,14,1,14,14,8,14,14,14,14,14,14,8,14,14,14,14,14,8,14,9,14,8,8,8,8,14,8,14,11,9,10,12,13,10,14,11,1,1,1,1,-1,
0,1,58,0.0360722,0,2,49,0.0360721,0,2,50,0.0380761,0,3,49,0.0380761,0,3,50,0.0380762,0,3,51,0.0380762,0,7,42,0.0360721,1,0,0,0.0380761,1,0,1,0.0380761,1,3,0,0.0360721,1,3,1,0.0360721,1,4,0,0.0360721,1,4,1,0.0360722,1,5,0,0.0360722,1,6,0,0.0360721,1,6,1,0.0360722,1,7,0,0.0380761,1,7,1,0.0380761,2,2,0,0.0360721,3,1,0,0.0380761,3,1,49,0.0360721,3,5,56,0.0360721,3,5,57,0.0360721,3,5,58,0.0380762,3,5,59,0.0380761,3,5,60,0.0380762,3,5,63,0.0380761,
f2f3
WHITE
3,14,2,5,4,2,1,3,14,0,14,0,0,0,0,14,1,14,0,14,14,14,14,14,0,14,14,14,14,14,14,0,14,14,9,14,14,14,8,14,14,14,8,14,14,8,14,14,8,8,14,8,8,14,14,8,11,14,10,13,12,10,9,11,1,1,1,1,-1,
0,0,0,0.0400802,0,0,14,0.0400802,0,3,49,0.0400802,0,6,57,0.0400801,0,6,58,0.0400802,0,7,0,0.0400802,0,7,1,0.0400802,1,1,0,0.0400801,1,1,1,0.0400802,1,3,0,0.0400801,1,3,1,0.0380762,1,4,0,0.0400802,1,4,1,0.0400802,1,5,0,0.0400801,1,5,1,0.0400802,1,6,0,0.0400802,1,6,1,0.0400802,2,0,56,0.0400802,2,0,57,0.0400802,2,0,62,0.0400802,2,0,63,0.0400801,2,2,0,0.0400801,3,0,0,0.0400802,3,7,0,0.0400801,3,7,49,0.0400801,
e8f7
BLACK
3,1,2,4,5,2,14,3,0,14,14,0,0,14,0,0,14,14,0,14,14,0,14,14,14,0,14,14,14,1,14,14,8,14,14,14,14,14,14,8,14,14,14,14,14,8,14,9,14,8,8,8,8,13,8,14,11,9,10,12,14,10,14,11,1,1,0,0,-1,
0,1,58,0.0360722,0,2,49,0.0360721,0,2,50,0.0380761,0,3,49,0.0380761,0,3,50,0.0380762,0,3,51,0.0380762,0,4,7,0.0360721,0,7,42,0.0360722,1,0,0,0.0380761,1,0,1,0.0380761,1,3,0,0.0360721,1,3,1,0.0360721,1,4,0,0.0360721,1,4,1,0.0360721,1,6,0,0.0360721,1,6,1,0.0360722,1,7,0,0.0380761,1,7,1,0.0380761,2,2,0,0.0360721,3,1,0,0.0380761,3,1,49,0.0360721,3,5,56,0.0360722,3,5,57,0.0360721,3,5,58,0.0380762,3,5,59,0.0380761,3,5,60,0.0380762,3,5,63,0.0380761,
h1g1
WHITE
3,14,2,14,4,2,1,3,14,0,5,0,0,0,0,14,1,14,0,14,14,14,14,14,0,14,14,14,14,14,14,0,14,14,9,14,14,14,8,14,14,14,8,14,14,8,14,14,8,8,14,8,8,14,14,8,14,11,10,13,12,10,9,11,0,0,0,1,-1,
0,0,0,0.0380762,0,0,14,0.0380761,0,4,42,0.0380761,0,6,57,0.0380762,0,6,58,0.0400802,0,7,0,0.0400802,0,7,1,0.0380762,1,1,0,0.0380762,1,1,1,0.0380761,1,2,21,0.0380762,1,2,35,0.0380762,1,3,0,0.0380762,1,3,1,0.0380761,1,4,0,0.0380762,1,4,1,0.0380762,1,5,0,0.0380761,1,5,1,0.0400802,1,6,0,0.0380762,1,6,1,0.0380762,2,0,56,0.0380761,2,0,57,0.0380762,2,0,62,0.0400802,2,2,0,0.0380762,3,0,0,0.0380762,3,7,0,0.0380761,3,7,49,0.0400802,
c7c5
BLACK
3,1,2,4,5,2,3,14,0,14,14,0,0,14,0,0,14,14,0,14,14,0,14,14,14,0,14,14,14,1,14,14,8,14,8,14,14,14,14,8,14,14,14,14,14,8,14,9,14,8,14,8,8,13,8,14,11,9,10,12,14,10,14,11,0,1,0,0,42,
0,1,58,0.0340682,0,2,49,0.0360721,0,2,50,0.0360721,0,3,49,0.0360722,0,3,50,0.0360721,0,3,51,0.0360721,0,4,7,0.0360721,0,6,14,0.0360721,1,0,0,0.0360721,1,0,1,0.0360721,1,3,0,0.0340681,1,3,1,0.0340681,1,4,0,0.0360721,1,4,1,0.0360722,1,6,0,0.0340681,1,6,1,0.0360722,1,7,0,0.0360722,1,7,1,0.0360722,2,2,0,0.0360721,3,1,0,0.0360721,3,1,7,0.0360722,3,1,49,0.0340681,3,5,56,0.0360722,3,5,57,0.0360721,3,5,58,0.0360721,3,5,59,0.0360721,3,5,60,0.0360721,3,5,63,0.0360721,
e2e3
WHITE
3,14,2,14,4,2,1,3,14,0,5,0,0,14,0,14,1,14,0,14,14,14,14,14,0,14,14,14,14,0,14,0,14,14,9,14,14,14,8,14,14,14,8,8,14,8,14,14,8,8,14,14,8,14,14,8,14,11,10,13,12,10,9,11,0,0,0,1,-1,
0,0,0,0.0360721,0,0,14,0.0360722,0,4,7,0.0360722,0,4,8,0.0360721,0,4,42,0.0360721,0,6,57,0.0360722,0,6,58,0.0360721,0,7,0,0.0360721,0,7,1,0.0340681,1,1,0,0.0360721,1,1,1,0.0360721,1,2,21,0.0360722,1,2,35,0.0360721,1,3,0,0.0340681,1,3,1,0.0340681,1,4,0,0.0360722,1,4,1,0.0360721,1,6,0,0.0340681,1,6,1,0.0360721,2,0,56,0.0340682,2,0,57,0.0360722,2,0,62,0.0360721,2,2,0,0.0360721,3,0,0,0.0360721,3,5,0,0.0360722,3,5,7,0.0360721,3,7,0,0.0360721,3,7,49,0.0360721,
h6g4
BLACK
3,1,2,4,5,2,3,14,0,14,14,0,14,14,0,0,14,14,0,14,0,0,14,14,14,0,14,14,14,1,9,14,8,14,8,14,14,14,14,8,14,14,14,14,14,8,14,14,14,8,14,8,8,13,8,14,11,9,10,12,14,10,14,11,0,1,0,0,-1,
0,1,58,0.0280561,0,2,49,0.0280561,0,2,50,0.0300601,0,3,7,0.0300601,0,3,49,0.0300601,0,3,50,0.0300601,0,3,51,0.0300601,0,4,0,0.0300601,0,5,49,0.0300601,0,5,50,0.0280561,0,5,51,0.0300601,0,5,52,0.0280561,0,5,53,0.0280561,0,6,14,0.0300601,1,0,0,0.0300601,1,0,1,0.0300601,1,3,0,0.0280561,1,3,1,0.0280561,1,6,0,0.0280561,1,7,0,0.0300601,1,7,1,0.0300601,2,2,0,0.0280561,2,4,0,0.0300601,2,5,7,0.0280561,3,1,0,0.0300601,3,1,7,0.0300601,3,1,49,0.0280561,3,5,56,0.0300601,3,5,57,0.0300601,3,5,58,0.0300601,3,5,59,0.0300601,3,5,60,0.0300601,3,5,61,0.0300601,3,5,63,0.0300601,
h2h4
WHITE
3,14,2,14,4,2,1,3,14,0,5,0,0,14,0,14,14,14,0,14,14,14,14,14,0,14,14,14,14,0,14,0,8,1,9,14,14,14,8,14,14,14,8,8,14,8,14,14,14,8,14,14,8,14,14,8,14,11,10,13,12,10,9,11,0,0,0,1,40,
0,0,0,0.0340681,0,0,1,0.0340681,0,0,14,0.0340681,0,4,7,0.0320641,0,4,8,0.0320641,0,4,42,0.0340681,0,6,57,0.0340681,0,6,58,0.0340681,0,7,0,0.0340681,0,7,1,0.0320641,1,1,0,0.0340681,1,1,1,0.0340681,1,2,21,0.0340681,1,2,35,0.0340682,1,3,0,0.0320641,1,3,1,0.0320641,1,4,0,0.0320641,1,4,1,0.0320641,1,6,0,0.0320641,1,6,1,0.0320641,2,2,0,0.0320641,3,5,0,0.0340681,3,5,7,0.0340681,3,7,0,0.0320641,3,7,49,0.0340681,4,1,56,0.0340681,4,1,57,0.0340682,4,1,58,0.0340682,4,1,61,0.0340681,4,1,63,0.0340681,
g4f2
BLACK
3,1,2,4,5,2,3,14,0,14,14,0,14,9,0,14,14,14,0,14,0,0,14,14,14,0,14,14,14,1,14,0,8,14,8,14,14,14,14,8,14,14,14,14,14,8,14,14,14,8,14,8,8,13,8,14,11,9,10,12,14,10,14,11,0,1,0,0,-1,
0,1,58,0.0300601,0,2,49,0.0300601,0,2,50,0.0300601,0,3,7,0.0300601,0,3,49,0.0300601,0,3,50,0.0300601,0,3,51,0.0320641,0,4,0,0.0320642,0,4,7,0.0300601,0,5,49,0.0320641,0,5,50,0.0300601,0,5,51,0.0300601,0,5,52,0.0300601,0,5,53,0.0300601,0,6,14,0.0300601,1,0,0,0.0300601,1,0,1,0.0300601,1,3,0,0.0300601,1,3,1,0.0300601,1,6,0,0.0300601,1,6,1,0.0300601,2,2,0,0.0300601,2,4,0,0.0300601,3,1,0,0.0300601,3,1,7,0.0300601,3,1,49,0.0300601,3,5,56,0.0300601,3,5,57,0.0300601,3,5,58,0.0300601,3,5,59,0.0300601,3,5,60,0.0300601,3,5,61,0.0300601,3,5,63,0.0320641,
f1e2
WHITE
3,14,2,14,4,2,1,3,14,0,5,0,0,14,0,14,14,14,0,14,14,14,14,14,0,14,14,14,14,0,14,0,8,14,9,14,14,14,8,14,14,14,8,8,14,8,14,14,14,8,1,10,8,14,14,8,14,11,14,13,12,10,9,11,0,0,0,1,-1,
0,0,0,0.0320641,0,0,1,0.0340681,0,0,14,0.0320641,0,4,7,0.0320641,0,4,8,0.0320641,0,4,42,0.0320641,0,6,57,0.0320641,0,6,58,0.0340681,0,7,0,0.0340681,0,7,1,0.0320641,1,1,0,0.0320641,1,1,1,0.0320641,1,2,21,0.0320641,1,2,35,0.0320641,1,3,0,0.0320641,1,3,1,0.0320641,1,4,0,0.0320641,1,4,1,0.0320641,1,6,0,0.0320641,1,6,1,0.0320641,2,2,0,0.0320641,3,5,0,0.0320641,3,5,7,0.0320641,3,7,0,0.0320641,3,7,49,0.0320641,6,2,56,0.0320641,6,2,59,0.0320641,6,2,60,0.0320641,6,2,61,0.0320641,6,2,62,0.0320641,6,2,63,0.0320641,
f2d3
BLACK
3,1,2,4,5,14,3,14,0,14,14,0,2,14,0,14,14,14,0,9,0,0,14,14,14,0,14,14,14,1,14,0,8,14,8,14,14,14,14,8,14,14,14,14,14,8,14,14,14,8,14,8,8,13,8,14,11,9,10,12,14,10,14,11,0,1,0,0,-1,
0,4,14,0.332665,1,4,49,0.332665,3,5,60,0.334669,
f4d3 (capture)
WHITE
3,14,2,14,4,2,1,3,14,0,5,0,0,14,0,14,14,14,0,14,14,14,14,14,0,14,14,14,14,0,14,0,8,14,14,14,14,14,8,14,14,14,8,8,9,8,14,14,14,8,14,10,8,14,14,8,14,11,14,13,12,10,9,11,0,0,0,1,-1,
0,0,0,0.0380761,0,0,1,0.0380762,0,0,14,0.0380761,0,4,7,0.0360721,0,4,8,0.0360721,0,4,42,0.0380761,0,6,57,0.0380761,0,6,58,0.0380761,0,7,0,0.0380761,0,7,1,0.0360722,1,1,0,0.0360721,1,1,1,0.0360721,1,2,7,0.0380761,1,2,21,0.0360722,1,2,35,0.0380761,1,2,49,0.0380762,1,3,0,0.0360721,1,3,1,0.0360721,1,4,0,0.0360721,1,4,1,0.0360722,1,6,0,0.0360721,1,6,1,0.0360722,2,2,0,0.0360721,3,5,0,0.0380762,3,5,7,0.0380762,3,7,0,0.0360721,3,7,49,0.0380761,
d7d6
BLACK
3,1,2,4,5,14,3,14,0,14,14,0,2,14,0,14,14,14,0,1,0,0,14,14,14,0,14,14,14,14,14,0,8,14,8,14,14,14,14,8,14,14,14,8,14,8,14,14,14,8,14,14,8,13,8,14,11,9,10,12,14,10,14,11,0,1,0,0,-1,
0,1,58,0.0380762,0,2,49,0.0380762,0,2,50,0.0400802,0,3,49,0.0380762,0,3,50,0.0380761,0,3,51,0.0400802,0,4,7,0.0380762,0,4,14,0.0380762,0,6,14,0.0380762,0,6,42,0.0380761,1,0,0,0.0400802,1,0,1,0.0380762,1,4,21,0.0380761,1,6,0,0.0380761,1,6,1,0.0380762,2,2,0,0.0380762,2,3,56,0.0380761,2,3,57,0.0380761,2,3,58,0.0380762,2,3,60,0.0380762,2,3,63,0.0380762,2,4,0,0.0380762,2,5,0,0.0400802,3,1,0,0.0400802,3,1,7,0.0380761,3,1,49,0.0380762,
a2a3
WHITE
3,14,2,14,4,2,1,3,14,0,5,0,14,14,0,14,14,14,0,14,0,14,14,14,0,14,14,14,14,0,14,0,8,14,14,14,14,14,8,14,14,14,8,8,9,8,14,8,14,8,14,10,8,14,14,14,14,11,14,13,12,10,9,11,0,0,0,1,-1,
0,0,0,0.0300601,0,0,1,0.0300601,0,0,14,0.0300601,0,4,0,0.0320641,0,4,7,0.0300601,0,4,8,0.0300601,0,4,42,0.0300601,0,5,49,0.0320641,0,5,50,0.0300601,0,5,51,0.0300601,0,5,52,0.0300601,0,5,53,0.0300601,0,6,57,0.0300601,0,6,58,0.0300601,0,6,59,0.0300601,0,7,0,0.0320641,0,7,1,0.0300601,1,1,0,0.0300601,1,1,1,0.0300601,1,2,7,0.0300601,1,2,21,0.0300601,1,2,35,0.0300601,1,2,49,0.0320642,1,3,0,0.0300601,1,3,1,0.0300601,1,6,0,0.0300601,1,6,1,0.0300601,2,2,0,0.0300601,2,4,0,0.0300601,3,5,0,0.0300601,3,5,7,0.0300601,3,7,0,0.0300601,3,7,49,0.0300601,
a8a6
BLACK
3,1,2,4,5,14,3,14,14,14,14,0,2,14,0,14,0,14,0,1,0,0,14,14,14,0,14,14,14,14,14,0,8,14,8,14,14,14,14,8,11,14,14,8,14,8,14,14,14,8,14,14,8,13,8,14,14,9,10,12,14,10,14,11,0,1,0,0,-1,
0,0,0,0.0420842,0,2,49,0.0420842,0,3,49,0.0420842,0,3,50,0.0420842,0,3,51,0.0420842,0,4,7,0.0420842,0,4,14,0.0400802,0,6,14,0.0420842,0,6,42,0.0420842,1,4,21,0.0420842,1,6,0,0.0400802,1,6,1,0.0420842,2,0,0,0.0420842,2,2,0,0.0400802,2,3,56,0.0420842,2,3,57,0.0400802,2,3,58,0.0420842,2,3,60,0.0420842,2,3,63,0.0420841,2,4,0,0.0420842,2,5,0,0.0420842,3,1,0,0.0420842,3,1,7,0.0420842,3,1,49,0.0400801,
g2g3
WHITE
3,14,2,14,4,2,1,14,14,0,5,0,14,14,0,14,14,14,0,14,0,14,14,3,0,14,14,14,14,0,14,0,8,14,14,14,14,14,8,14,14,8,8,8,9,8,14,8,14,14,14,10,8,14,14,14,14,11,14,13,12,10,9,11,0,0,0,1,-1,
0,0,0,0.0300601,0,0,1,0.0300601,0,0,14,0.0300601,0,4,0,0.0300601,0,4,7,0.0300601,0,4,8,0.0280561,0,4,42,0.0300601,0,5,49,0.0300601,0,5,50,0.0300601,0,5,51,0.0300601,0,5,52,0.0280561,0,5,53,0.0280561,0,6,58,0.0300601,0,6,59,0.0280561,1,1,0,0.0300601,1,1,1,0.0300601,1,2,7,0.0300601,1,2,21,0.0300601,1,2,35,0.0300601,1,2,49,0.0300601,1,3,0,0.0280561,1,3,1,0.0280561,1,6,0,0.0280561,1,6,1,0.0280561,2,2,0,0.0280561,2,4,0,0.0300601,2,7,28,0.0300601,2,7,29,0.0300601,2,7,42,0.0280561,2,7,43,0.0300601,3,5,0,0.0300601,3,5,7,0.0300601,3,7,0,0.0280561,3,7,49,0.0300601,
b8c6
BLACK
3,1,2,4,5,14,3,14,14,14,14,0,2,14,14,14,0,14,0,1,0,0,0,14,14,0,14,14,14,14,14,0,8,14,8,14,14,14,14,8,11,14,9,8,14,8,14,14,14,8,14,14,8,13,8,14,14,14,10,12,14,10,14,11,0,1,0,0,-1,
0,0,0,0.0420842,0,2,49,0.0420842,0,3,49,0.0420841,0,3,50,0.0420842,0,3,51,0.0420842,0,4,7,0.0420842,0,4,14,0.0400802,0,6,0,0.0420842,0,6,14,0.0420842,0,6,42,0.0420842,1,4,21,0.0420842,2,0,0,0.0420842,2,2,0,0.0400801,2,3,56,0.0420842,2,3,57,0.0400802,2,3,58,0.0400802,2,3,60,0.0420842,2,3,63,0.0420842,2,4,0,0.0420842,2,5,0,0.0420842,2,6,0,0.0420842,3,1,0,0.0420842,3,1,7,0.0420842,3,1,49,0.0400802,
g1h1
WHITE
3,14,2,14,4,2,14,14,14,0,5,0,14,14,0,14,14,14,0,14,0,1,14,3,0,14,14,14,14,0,14,0,8,14,14,14,14,14,8,14,14,8,8,8,9,8,14,8,14,14,14,10,8,14,14,14,11,14,14,13,12,10,9,11,0,0,0,1,-1,
0,0,0,0.0280561,0,0,1,0.0280561,0,0,14,0.0280561,0,4,0,0.0280561,0,4,7,0.0280561,0,4,8,0.0280561,0,4,42,0.0280561,0,5,49,0.0280561,0,5,50,0.0280561,0,5,51,0.0280561,0,5,52,0.0280561,0,5,53,0.0260521,1,1,0,0.0280561,1,1,1,0.0280561,1,2,7,0.0280561,1,2,21,0.0280561,1,2,35,0.0280561,1,2,49,0.0280561,1,3,0,0.0260522,1,3,1,0.0260521,1,6,0,0.0260521,1,6,1,0.0280561,2,2,0,0.0280561,2,4,0,0.0280561,2,5,57,0.0280561,2,5,58,0.0260521,2,5,59,0.0280561,2,5,62,0.0280561,2,5,63,0.0280561,2,7,28,0.0280561,2,7,29,0.0280561,2,7,42,0.0280561,3,5,0,0.0280561,3,5,7,0.0280561,3,7,0,0.0280561,3,7,49,0.0280561,
d6d5
BLACK
3,1,2,4,5,14,14,3,14,14,14,0,2,14,14,14,0,14,0,1,0,0,0,14,14,0,14,14,14,14,14,0,8,14,8,8,14,14,14,8,11,14,9,14,14,8,14,14,14,8,14,14,8,13,8,14,14,14,10,12,14,10,14,11,0,1,0,0,-1,
0,0,0,0.0400802,0,2,49,0.0400802,0,3,49,0.0400802,0,3,50,0.0400801,0,3,51,0.0400802,0,4,7,0.0400801,0,4,14,0.0400801,0,7,0,0.0400802,0,7,1,0.0400802,0,7,42,0.0400802,0,7,43,0.0380762,1,4,21,0.0400801,2,0,0,0.0400802,2,2,0,0.0400801,2,3,56,0.0400801,2,3,57,0.0400802,2,3,58,0.0400802,2,3,60,0.0400802,2,3,63,0.0400802,2,4,0,0.0400802,2,5,0,0.0400802,2,6,0,0.0400801,3,1,0,0.0400802,3,1,7,0.0400801,3,1,49,0.0400802,
b4b5
WHITE
3,14,2,14,4,2,14,14,14,0,5,0,14,14,0,14,14,14,0,14,14,1,14,3,0,14,14,14,0,0,8,0,8,14,14,14,14,14,14,14,14,8,8,8,9,8,14,8,14,14,14,10,8,14,14,14,11,14,14,13,12,10,9,11,0,0,0,1,-1,
0,0,0,0.0300601,0,0,1,0.0300601,0,0,14,0.0300601,0,4,0,0.0300601,0,4,1,0.0300601,0,4,7,0.0300601,0,4,8,0.0280561,0,4,42,0.0300601,0,5,49,0.0300601,0,5,50,0.0300601,0,5,51,0.0300601,0,5,52,0.0280561,0,5,53,0.0280561,1,1,0,0.0300601,1,1,1,0.0300601,1,2,7,0.0300601,1,2,21,0.0300601,1,2,35,0.0300601,1,2,49,0.0300601,1,3,0,0.0280561,1,3,1,0.0280561,1,6,0,0.0280561,2,2,0,0.0280561,2,5,57,0.0300601,2,5,58,0.0280561,2,5,59,0.0300601,2,5,62,0.0300601,2,5,63,0.0300601,2,7,28,0.0300601,2,7,29,0.0300601,2,7,42,0.0280561,3,4,0,0.0280561,3,5,0,0.0300601,3,7,0,0.0280561,
c8g4
BLACK
3,1,2,4,5,14,14,3,14,14,14,0,2,14,14,14,0,14,0,1,0,0,0,14,14,14,14,14,14,14,10,0,8,0,8,8,14,14,14,8,11,14,9,14,14,8,14,14,14,8,14,14,8,13,8,14,14,14,14,12,14,10,14,11,0,1,0,0,-1,
0,0,0,0.0380762,0,2,49,0.0380762,0,3,49,0.0400802,0,3,50,0.0380762,0,3,51,0.0400802,0,4,7,0.0380761,0,4,14,0.0380762,0,7,0,0.0400802,0,7,1,0.0380761,0,7,42,0.0380761,0,7,43,0.0380761,1,4,21,0.0380761,2,0,0,0.0380762,2,2,0,0.0380762,2,3,56,0.0380762,2,3,57,0.0380762,2,3,58,0.0380762,2,3,59,0.0380761,2,3,60,0.0380761,2,3,63,0.0380762,2,4,0,0.0380762,2,5,0,0.0400802,2,5,7,0.0380762,4,1,0,0.0380762,4,1,7,0.0380762,4,1,49,0.0400802,
c3c4
WHITE
3,14,2,14,4,14,14,14,14,0,5,0,14,14,0,14,14,14,0,14,14,1,14,3,0,14,14,14,0,0,8,0,8,2,14,14,14,8,14,14,14,8,8,8,9,14,14,8,14,14,14,10,8,14,14,14,11,14,14,13,12,10,9,11,0,0,0,1,-1,
0,0,0,0.0260521,0,0,1,0.0260521,0,0,14,0.0260521,0,4,0,0.0280561,0,4,1,0.0260521,0,4,7,0.0260521,0,4,8,0.0260521,0,4,14,0.0260521,0,4,15,0.0280561,0,4,16,0.0260521,0,4,42,0.0260521,1,1,0,0.0260522,1,1,1,0.0260521,1,2,7,0.0260521,1,2,21,0.0260521,1,2,35,0.0260521,1,2,49,0.0280561,1,3,0,0.0260521,1,3,1,0.0260521,1,6,0,0.0260521,2,2,0,0.0260521,2,5,57,0.0260521,2,5,58,0.0260521,2,5,59,0.0260521,2,5,62,0.0260521,2,5,63,0.0260521,2,7,28,0.0260521,2,7,29,0.0260521,2,7,42,0.0260521,3,4,0,0.0260521,3,4,7,0.0260521,3,7,0,0.0260521,4,1,7,0.0260521,4,1,21,0.0260521,4,1,22,0.0280561,4,1,23,0.0260521,4,1,24,0.0260521,4,1,49,0.0280561,
f7g6
BLACK
3,1,2,4,5,14,14,3,14,14,14,0,2,14,14,14,0,14,14,1,0,0,0,14,14,14,0,14,14,14,10,0,8,0,8,8,14,14,14,8,11,14,9,14,14,8,13,14,14,8,14,14,8,14,8,14,14,14,14,12,14,10,14,11,0,1,0,0,-1,
0,0,0,0.0380761,0,1,57,0.0360722,0,2,49,0.0360721,0,3,49,0.0380761,0,3,50,0.0380761,0,3,51,0.0380762,0,4,7,0.0360722,0,4,14,0.0360721,0,7,0,0.0380761,0,7,1,0.0360722,0,7,42,0.0360721,0,7,43,0.0360721,1,4,21,0.0380761,2,0,0,0.0360721,2,3,56,0.0360722,2,3,57,0.0360721,2,3,58,0.0360721,2,3,59,0.0380762,2,3,60,0.0380761,2,3,63,0.0380762,2,4,0,0.0360721,2,5,0,0.0380761,2,5,7,0.0360721,3,2,7,0.0380761,4,1,0,0.0360721,4,1,7,0.0380761,4,1,49,0.0380762,
e2f1
WHITE
3,14,2,14,4,14,14,14,14,0,14,0,14,14,0,14,14,5,0,14,14,1,14,3,0,14,14,14,0,0,8,0,8,2,14,14,14,8,14,14,14,8,8,8,9,14,14,8,14,14,14,14,8,14,14,14,11,14,10,13,12,10,9,11,0,0,0,1,-1,
0,0,0,0.0280561,0,0,1,0.0280561,0,0,14,0.0280561,0,4,0,0.0280561,0,4,1,0.0280561,0,4,7,0.0280561,0,4,8,0.0280561,0,4,14,0.0280561,0,4,15,0.0280561,0,4,16,0.0280561,0,4,42,0.0280561,1,3,0,0.0260521,1,3,1,0.0260521,1,6,0,0.0260521,2,1,7,0.0280561,2,1,21,0.0280561,2,1,35,0.0280561,2,1,42,0.0280561,2,2,0,0.0280561,2,5,57,0.0280561,2,5,58,0.0280561,2,5,59,0.0280561,2,5,62,0.0280561,2,5,63,0.0280561,2,7,28,0.0280561,2,7,29,0.0280561,2,7,42,0.0280561,3,4,0,0.0260522,3,4,7,0.0280561,3,7,0,0.0280561,4,1,7,0.0280561,4,1,21,0.0280561,4,1,22,0.0280561,4,1,23,0.0280561,4,1,24,0.0260521,4,1,49,0.0280561,
d8b8
BLACK
3,1,2,4,5,2,14,3,14,14,14,0,14,14,14,14,0,14,14,1,0,0,0,14,14,14,0,14,14,14,10,0,8,0,8,8,14,14,14,8,11,14,9,14,14,8,13,14,14,8,14,14,8,14,8,14,14,12,14,14,14,10,14,11,0,1,0,0,-1,
0,0,0,0.0340682,0,1,57,0.0340681,0,2,49,0.0340682,0,3,7,0.0340682,0,3,49,0.0340682,0,3,50,0.0340682,0,3,51,0.0360722,0,4,0,0.0360722,0,4,7,0.0340681,0,5,7,0.0340682,0,5,8,0.0340681,0,5,49,0.0360721,0,7,0,0.0360722,0,7,1,0.0340681,0,7,42,0.0340681,2,0,0,0.0340682,2,3,56,0.0340682,2,3,57,0.0340681,2,3,58,0.0340681,2,3,59,0.0340681,2,3,60,0.0340681,2,3,63,0.0340681,2,4,0,0.0340681,2,5,0,0.0360721,2,5,7,0.0340681,3,2,7,0.0340681,4,1,0,0.0340681,4,1,7,0.0340682,4,1,49,0.0360721,
f3f4
WHITE
3,14,2,14,14,14,4,14,14,0,14,0,14,14,0,14,14,5,0,14,14,1,14,3,0,14,14,14,0,0,8,0,8,2,8,14,14,8,14,14,14,8,14,8,9,14,14,8,14,14,14,14,8,14,14,14,11,14,10,13,12,10,9,11,0,0,0,1,-1,
0,0,0,0.0260521,0,0,1,0.0260521,0,0,14,0.0260521,0,6,7,0.0260521,0,6,14,0.0260521,0,6,42,0.0260521,0,6,43,0.0260521,0,6,44,0.0260521,0,6,49,0.0260521,0,6,50,0.0260521,0,6,51,0.0260521,0,6,52,0.0240481,1,3,0,0.0240481,1,3,1,0.0240481,1,6,0,0.0240481,2,1,7,0.0260521,2,1,21,0.0260521,2,1,35,0.024048,2,1,42,0.0260521,2,2,0,0.0260522,2,5,57,0.0260521,2,5,58,0.0240481,2,5,59,0.0260521,2,5,61,0.0260521,2,5,63,0.0260521,2,7,28,0.0260521,2,7,29,0.0260521,2,7,42,0.0260521,3,4,0,0.0240481,3,4,7,0.0260521,3,7,0,0.0260521,4,1,7,0.0260521,4,1,8,0.0260521,4,1,9,0.0260522,4,1,21,0.0260521,4,1,22,0.0260521,4,1,23,0.0260521,4,1,24,0.0240481,4,1,49,0.0260521,
g4c8
BLACK
3,1,2,4,5,2,14,3,14,14,14,0,14,14,14,14,0,14,14,1,0,14,0,14,14,14,0,14,14,0,14,0,8,0,8,8,14,14,14,8,11,14,9,14,14,8,13,14,14,8,14,14,8,14,8,14,14,12,10,14,14,10,14,11,0,1,0,0,-1,
0,0,0,0.0320641,0,1,57,0.0320641,0,2,49,0.0320641,0,3,7,0.0320641,0,3,8,0.0320641,0,3,9,0.0320641,0,3,10,0.0320641,0,3,49,0.0320641,0,3,50,0.0320641,0,3,51,0.0340681,0,4,0,0.0320641,0,4,7,0.0320641,0,5,7,0.0320641,0,5,8,0.0320641,0,5,49,0.0340681,0,7,0,0.0340681,0,7,1,0.0320641,0,7,42,0.0320641,2,0,0,0.0320641,2,3,57,0.0320641,2,3,58,0.0320641,2,3,59,0.0320641,2,3,60,0.0320641,2,3,63,0.0320641,2,4,0,0.0320641,2,6,0,0.0320641,3,2,7,0.0320641,3,5,0,0.0320641,4,1,0,0.0320641,4,1,7,0.0320641,4,1,49,0.0320641,
b5b6
WHITE
3,14,2,14,14,2,4,14,14,0,14,0,14,14,0,14,14,5,0,14,14,1,8,3,0,14,14,14,0,0,14,0,8,14,8,14,14,8,14,14,14,8,14,8,9,14,14,8,14,14,14,14,8,14,14,14,11,14,10,13,12,10,9,11,0,0,0,1,-1,
0,0,0,0.0320641,0,0,1,0.0320641,0,0,14,0.0320642,0,5,49,0.0320641,0,5,50,0.0320641,0,5,51,0.0320641,0,5,52,0.0300601,0,5,53,0.0300601,0,6,7,0.0320641,0,6,14,0.0320642,0,6,49,0.0300601,0,6,50,0.0320641,0,6,51,0.0320641,0,6,52,0.0300601,1,3,0,0.0300601,1,3,1,0.0300601,2,1,7,0.0320642,2,1,21,0.0320641,2,1,35,0.0300601,2,1,42,0.0320641,2,2,0,0.0300601,2,5,57,0.0320641,2,5,58,0.0300601,2,5,59,0.0320641,2,5,61,0.0320641,2,5,63,0.0320641,2,7,28,0.0320641,2,7,29,0.0320641,2,7,42,0.0300601,3,4,0,0.0300601,3,4,7,0.0300601,3,7,0,0.0300601,
g6h7
BLACK
3,1,2,4,5,2,14,3,14,14,14,0,14,14,14,14,0,14,14,1,0,14,0,14,14,14,0,14,14,0,14,0,8,14,8,8,14,14,14,8,11,0,9,14,14,8,14,14,14,8,14,14,8,14,8,13,14,12,10,14,14,10,14,11,0,1,0,0,-1,
0,0,0,0.0360722,0,1,57,0.0360721,0,2,49,0.0360721,0,3,7,0.0360721,0,3,8,0.0360721,0,3,9,0.0360721,0,3,10,0.0360721,0,3,49,0.0360721,0,3,50,0.0360721,0,3,51,0.0360721,0,4,0,0.0360721,0,4,7,0.0340681,0,5,7,0.0360721,0,5,8,0.0360721,0,5,49,0.0360721,0,7,0,0.0360721,0,7,1,0.0340681,0,7,42,0.0360721,2,0,0,0.0340682,2,3,57,0.0340681,2,3,58,0.0340681,2,3,59,0.0360722,2,3,60,0.0360722,2,3,63,0.0360722,2,4,0,0.0360722,2,6,0,0.0360721,3,2,7,0.0360722,3,5,0,0.0360722,
f4f5
WHITE
3,14,2,14,14,2,4,14,5,0,14,0,14,14,0,14,14,14,0,14,14,1,8,3,0,14,8,14,0,0,14,0,8,14,14,14,14,8,14,14,14,8,14,8,9,14,14,8,14,14,14,14,8,14,14,14,11,14,10,13,12,10,9,11,0,0,0,1,-1,
0,0,14,0.0340681,0,5,49,0.0360721,0,5,50,0.0360722,0,5,51,0.0360721,0,6,7,0.0360721,0,6,14,0.0360722,0,6,49,0.0360721,0,6,50,0.0360721,0,6,51,0.0360722,0,6,52,0.0360721,0,6,53,0.0360721,1,0,0,0.0360721,1,0,21,0.0340682,1,1,0,0.0360721,1,1,1,0.0360722,1,3,0,0.0340681,1,3,1,0.034068,2,5,57,0.0360721,2,5,58,0.0360721,2,5,59,0.0360722,2,5,61,0.0360721,2,5,63,0.0360721,2,7,28,0.0360721,2,7,29,0.0360722,2,7,42,0.0360721,3,4,0,0.0340681,3,4,7,0.0360722,3,7,0,0.0360721,
c6a7
BLACK
3,1,2,4,5,2,14,3,14,14,14,0,14,14,14,14,0,14,14,1,0,14,0,14,14,14,0,14,14,14,14,0,8,14,8,8,14,0,14,8,11,0,14,14,14,8,14,14,9,8,14,14,8,14,8,13,14,12,10,14,14,10,14,11,0,1,0,0,-1,
0,0,0,0.0340681,0,1,57,0.0340681,0,2,49,0.0340681,0,3,7,0.0340681,0,3,8,0.0360721,0,3,9,0.0340682,0,3,10,0.0340681,0,3,49,0.0340682,0,3,50,0.0340681,0,3,51,0.0360722,0,4,0,0.0360722,0,4,7,0.0340682,0,5,7,0.0340682,0,5,8,0.0340681,0,5,49,0.0360721,0,7,0,0.0360722,0,7,1,0.0340681,0,7,42,0.0340681,2,0,0,0.0340681,2,3,56,0.0340681,2,3,57,0.0340681,2,3,58,0.0340681,2,3,59,0.0340682,2,3,60,0.0340681,2,3,63,0.0340682,2,4,0,0.0340682,2,6,0,0.0340682,3,2,7,0.0340682,5,1,49,0.0360721,
f1h3
WHITE
3,14,2,14,14,2,4,14,5,0,14,0,14,14,0,1,14,14,0,14,14,14,8,3,0,14,8,14,0,0,14,0,8,14,14,14,14,8,14,14,10,8,14,8,9,14,14,8,14,14,14,14,8,14,14,14,11,14,14,13,12,10,9,11,0,0,0,1,-1,
0,0,14,0.0332832,0,5,49,0.0478916,0,5,50,0.0478916,0,5,51,0.0478916,0,6,14,0.0478916,0,6,49,0.0478916,0,6,50,0.0478916,0,6,51,0.0478916,0,6,52,0.0400903,0,6,53,0.0478916,1,0,0,0.0478916,1,0,21,0.0400903,1,1,0,0.0478916,1,1,1,0.0478916,1,3,0,0.0400903,1,3,1,0.0400903,1,7,58,0.0478916,1,7,59,0.0478916,2,7,42,0.0478916,3,4,0,0.0400903,3,4,7,0.0478916,3,7,0,0.0478916,
b8e5
BLACK
3,1,2,4,5,14,14,3,14,14,14,0,14,14,14,14,0,14,14,1,0,14,0,2,14,14,0,14,14,14,14,0,8,14,8,8,12,0,14,8,11,0,14,14,14,8,14,14,9,8,14,14,8,14,8,13,14,14,10,14,14,10,14,11,0,1,0,0,-1,
0,0,0,0.0361908,0,1,57,0.0283977,0,2,49,0.0283976,0,3,7,0.0361908,0,3,8,0.0361908,0,3,9,0.0361909,0,3,10,0.0361908,0,3,49,0.0361908,0,3,50,0.0361908,0,3,51,0.0361908,0,4,0,0.0361908,0,4,7,0.0283977,0,4,14,0.0283976,0,7,0,0.0361908,0,7,42,0.0283977,0,7,43,0.0283977,2,0,0,0.0283976,2,3,56,0.0361909,2,3,57,0.0283976,2,3,58,0.0283976,2,3,59,0.0361909,2,3,60,0.0361908,2,3,63,0.0361908,2,4,0,0.0283977,2,6,0,0.0361908,2,7,35,0.0361909,2,7,36,0.0283977,2,7,49,0.0361908,3,2,7,0.0361908,5,1,49,0.0361908,
c4d5 (capture)
WHITE
3,14,2,14,14,2,14,14,5,0,14,0,14,14,0,1,14,14,0,14,14,14,8,3,0,14,8,4,8,0,14,0,8,14,14,14,14,14,14,14,10,8,14,8,9,14,14,8,14,14,14,14,8,14,14,14,11,14,14,13,12,10,9,11,0,0,0,1,-1,
0,0,14,0.0294914,0,5,49,0.0370671,0,5,50,0.0370671,0,5,51,0.0370671,1,0,0,0.0370671,1,0,21,0.0294913,1,1,0,0.0370671,1,1,1,0.0370671,1,3,0,0.0294913,1,7,58,0.0370671,1,7,59,0.0370671,2,7,42,0.0294913,3,3,0,0.0370671,3,3,1,0.0370671,3,3,7,0.0370671,3,3,8,0.0370671,3,3,9,0.0370671,3,3,10,0.0370671,3,3,14,0.0370671,3,3,21,0.0370671,3,3,22,0.0370671,3,3,23,0.0370671,3,3,28,0.0370671,3,3,42,0.0370671,3,3,49,0.0370671,3,3,50,0.0370671,3,5,0,0.0370671,3,7,0,0.0294913,
e5a1 (capture)
BLACK
12,1,2,4,5,14,14,3,14,14,14,0,14,14,14,14,0,14,14,1,0,14,0,2,14,14,14,14,14,14,14,0,8,14,8,0,14,0,14,8,11,0,14,14,14,8,14,14,9,8,14,14,8,14,8,13,14,14,10,14,14,10,14,11,0,0,0,0,-1,
0,1,57,0.0327426,0,2,49,0.0327426,0,3,7,0.0327426,0,3,8,0.0411535,0,3,9,0.0327426,0,3,10,0.0327426,0,3,49,0.0327426,0,3,50,0.0327426,0,3,51,0.0411535,0,4,0,0.0411535,0,4,7,0.0327426,0,4,14,0.0327426,0,7,0,0.0411535,0,7,42,0.0327426,0,7,43,0.0327425,2,0,0,0.0327425,2,3,56,0.0327426,2,3,57,0.0327425,2,3,58,0.0327426,2,3,59,0.0327426,2,3,60,0.0327426,2,3,63,0.0327425,2,4,0,0.0327426,2,6,0,0.0327426,2,7,35,0.0327426,2,7,36,0.0327425,2,7,49,0.0327426,4,3,0,0.0411535,5,1,49,0.0411535,
a3a4
WHITE
3,14,2,14,14,2,14,14,5,0,14,0,14,14,0,1,14,14,0,14,14,14,8,3,0,14,8,14,8,0,14,0,8,14,14,14,14,14,14,8,10,8,14,8,9,14,14,14,14,14,14,14,8,14,14,14,11,14,14,13,12,10,9,4,0,0,0,0,-1,
0,0,14,0.0332832,0,5,49,0.0478916,0,5,50,0.0478916,0,5,51,0.0478916,1,0,0,0.0478916,1,0,21,0.0400903,1,1,0,0.0478916,1,1,1,0.0478916,1,3,0,0.0400903,1,3,1,0.0400903,1,7,58,0.0478916,1,7,59,0.0478916,2,7,42,0.0400903,3,5,0,0.0478916,7,7,28,0.0478916,7,7,29,0.0478916,7,7,30,0.0478916,7,7,35,0.0400903,7,7,36,0.0478916,7,7,37,0.0478916,7,7,38,0.0478916,7,7,42,0.0478916,
c5c4
BLACK
12,1,2,4,5,14,14,3,14,14,14,0,14,14,14,14,14,14,14,1,0,14,0,2,0,14,8,14,14,14,14,0,8,14,14,0,14,0,14,8,11,0,14,14,14,8,14,14,9,8,14,14,8,14,8,13,14,14,10,14,14,10,14,11,0,0,0,0,-1,
0,1,57,0.0327426,0,1,58,0.0327426,0,2,49,0.0327426,0,2,50,0.0411535,0,3,7,0.0327426,0,3,8,0.0411535,0,3,9,0.0327426,0,3,10,0.0327426,0,3,49,0.0327426,0,3,50,0.0327426,0,4,0,0.0411535,0,4,7,0.0327426,0,4,14,0.0327425,0,7,0,0.0411535,0,7,42,0.0327426,0,7,43,0.0327425,2,3,56,0.0327426,2,3,57,0.0327426,2,3,58,0.0327425,2,3,59,0.0327426,2,3,60,0.0327426,2,3,63,0.0327425,2,4,0,0.0327426,2,6,0,0.0327426,2,7,35,0.0327426,2,7,36,0.0327425,2,7,49,0.0327426,4,3,0,0.0411535,5,1,49,0.0411535,
d1b3
WHITE
3,14,2,14,14,2,14,14,5,0,14,0,14,14,0,1,14,14,0,14,14,14,8,3,0,14,8,14,8,14,14,0,8,14,14,14,14,0,14,8,10,8,14,8,9,14,12,14,14,14,14,14,8,14,14,14,11,14,14,13,14,10,9,4,0,0,0,0,-1,
0,0,14,0.0432647,0,5,49,0.0432647,0,5,50,0.0432647,0,5,51,0.0432647,1,0,0,0.0432647,1,0,21,0.035594,1,1,0,0.0432647,1,1,1,0.0432647,1,3,0,0.035594,1,3,1,0.035594,1,7,58,0.0432647,1,7,59,0.0432647,2,7,42,0.035594,4,5,0,0.0432647,4,5,7,0.035594,4,5,49,0.0432647,7,7,28,0.0432647,7,7,29,0.0432647,7,7,30,0.0432647,7,7,35,0.0432647,7,7,36,0.0432647,7,7,37,0.0432647,7,7,38,0.0432647,7,7,42,0.0432647,
c4c3
BLACK
12,1,2,14,5,14,14,3,14,14,14,0,14,14,14,14,14,4,8,1,0,14,0,2,0,14,14,14,14,14,14,0,8,14,14,0,14,0,14,8,11,0,14,14,14,8,14,14,9,8,14,14,8,14,8,13,14,14,10,14,14,10,14,11,0,0,0,0,-1,
0,1,57,0.0319008,0,1,58,0.0242075,0,2,49,0.0242075,0,2,50,0.0319008,0,4,0,0.0319008,0,4,7,0.0242074,0,4,14,0.0242074,0,4,42,0.0319008,0,7,0,0.0319008,0,7,42,0.0319008,0,7,43,0.0242074,1,3,49,0.0319008,2,1,0,0.0242075,2,1,1,0.0242075,2,1,7,0.0319008,2,1,14,0.0319008,2,1,21,0.0319008,2,1,22,0.0319008,2,1,28,0.0242075,2,1,35,0.0242074,2,1,42,0.0319008,2,3,56,0.0319008,2,3,57,0.0242074,2,3,58,0.0242074,2,3,59,0.0319008,2,3,60,0.0319008,2,3,63,0.0319008,2,4,0,0.0319008,2,6,0,0.0319008,2,7,35,0.0319008,2,7,36,0.0319008,2,7,49,0.0319008,4,3,0,0.0319008,5,1,49,0.0319008,
b3a3
WHITE
3,14,2,14,14,2,14,14,5,0,14,0,14,14,0,1,14,14,0,14,14,14,8,3,0,14,8,14,8,14,14,0,8,14,14,14,14,14,14,8,10,8,14,8,9,0,14,12,14,14,14,14,8,14,14,14,11,14,14,13,14,10,9,4,0,0,0,0,-1,
0,0,14,0.0504675,0,5,49,0.0586912,0,5,50,0.0504674,0,5,51,0.0504675,1,0,0,0.0586912,1,0,21,0.0504674,1,1,0,0.0504674,1,1,1,0.0504674,1,3,0,0.0504674,1,3,1,0.0504674,1,7,58,0.0586912,1,7,59,0.0586912,2,7,42,0.0504674,5,5,0,0.0504674,5,5,49,0.0586912,7,7,28,0.0504674,7,7,29,0.0504674,7,7,35,0.0504674,7,7,42,0.0504675,
a1a2
BLACK
14,1,2,14,5,14,14,3,12,14,14,0,14,14,14,14,4,14,8,1,0,14,0,2,0,14,14,14,14,14,14,0,8,14,14,0,14,0,14,8,11,0,14,14,14,8,14,14,9,8,14,14,8,14,8,13,14,14,10,14,14,10,14,11,0,0,0,0,-1,
0,1,57,0.0314236,0,2,49,0.0314235,0,4,0,0.0400471,0,4,7,0.0314236,0,4,14,0.0314234,0,4,42,0.0314235,0,7,0,0.0400471,0,7,42,0.0314235,0,7,43,0.0314235,1,3,49,0.0314235,2,0,7,0.0314235,2,0,8,0.0314235,2,0,9,0.0400471,2,0,10,0.0314235,2,0,14,0.0314235,2,0,15,0.0314235,2,0,21,0.0314236,2,0,28,0.0314235,2,3,56,0.0314235,2,3,57,0.0314236,2,3,58,0.0314235,2,3,59,0.0314235,2,3,60,0.0314235,2,3,63,0.0314235,2,4,0,0.0314235,2,6,0,0.0314235,2,7,35,0.0314235,2,7,36,0.0314235,2,7,49,0.0314236,4,3,0,0.0314235,5,1,49,0.0314235,
e1f2
WHITE
3,14,2,14,14,2,14,14,5,0,14,0,14,14,0,1,14,14,0,14,14,14,8,3,0,14,8,14,8,14,14,0,8,14,14,14,14,14,14,8,10,8,14,8,9,0,14,12,14,14,13,14,8,14,14,4,11,14,14,14,14,10,9,14,0,0,0,0,-1,
0,0,14,0.0432647,0,5,49,0.0432647,0,5,50,0.0432647,0,5,51,0.0432647,1,0,0,0.0432647,1,0,21,0.035594,1,1,0,0.0432647,1,1,1,0.0432647,1,3,0,0.035594,1,3,1,0.035594,1,7,58,0.0432647,1,7,59,0.0432647,2,7,42,0.035594,5,5,0,0.0432647,5,5,49,0.0432647,6,7,0,0.0432647,6,7,28,0.0432647,6,7,35,0.0432647,6,7,36,0.0432647,6,7,37,0.035594,6,7,42,0.0432647,6,7,43,0.0432647,6,7,44,0.0432647,6,7,49,0.0432647,
a2a3 (capture)
BLACK
14,1,2,14,14,14,14,3,14,14,14,0,14,5,14,14,12,14,8,1,0,14,0,2,0,14,14,14,14,14,14,0,8,14,14,0,14,0,14,8,11,0,14,14,14,8,14,14,9,8,14,14,8,14,8,13,14,14,10,14,14,10,14,11,0,0,0,0,-1,
0,1,57,0.0327425,0,1,58,0.0327426,0,2,49,0.0327426,0,2,50,0.0411535,0,7,0,0.0411535,0,7,42,0.0327426,0,7,43,0.0327425,0,7,44,0.0411535,0,7,45,0.0411535,1,3,49,0.0327426,1,5,0,0.0327426,1,5,14,0.0327425,1,5,21,0.0327426,1,5,28,0.0327426,1,5,35,0.0327425,1,5,42,0.0327426,2,3,56,0.0327426,2,3,57,0.0327426,2,3,58,0.0327425,2,3,59,0.0327426,2,3,60,0.0327426,2,3,62,0.0327426,2,4,0,0.0327426,2,6,0,0.0327426,2,7,35,0.0327426,2,7,36,0.0327426,2,7,49,0.0327426,4,3,0,0.0411535,5,1,49,0.0411535,
c1b2
WHITE
3,14,2,14,14,2,14,14,5,0,14,0,14,14,0,1,14,14,0,14,14,14,8,3,0,14,8,14,8,14,14,0,8,14,14,14,14,14,14,8,10,8,14,8,9,0,14,4,14,14,13,14,8,14,10,14,11,14,14,14,14,14,9,14,0,0,0,0,-1,
0,0,14,0.0432647,0,5,49,0.0432647,0,5,50,0.0432647,0,5,51,0.0432647,1,0,0,0.0432647,1,0,21,0.035594,1,1,0,0.0432647,1,1,1,0.0432647,1,3,0,0.035594,1,3,1,0.035594,1,7,58,0.0432647,1,7,59,0.0432647,2,7,42,0.0432647,5,5,0,0.0432647,5,5,7,0.0432647,5,5,49,0.0432647,5,7,0,0.0432647,5,7,1,0.035594,5,7,28,0.0432647,5,7,35,0.0432647,5,7,36,0.0432647,5,7,37,0.0432647,5,7,42,0.0432647,5,7,49,0.035594,
a3a2
BLACK
14,1,14,14,14,14,14,3,12,2,14,0,14,5,14,14,14,14,8,1,0,14,0,2,0,14,14,14,14,14,14,0,8,14,14,0,14,0,14,8,11,0,14,14,14,8,14,14,9,8,14,14,8,14,8,13,14,14,10,14,14,10,14,11,0,0,0,0,-1,
0,1,57,0.0265984,0,1,58,0.0265984,0,7,0,0.0344327,0,7,42,0.0265984,0,7,43,0.0265984,0,7,44,0.0344327,0,7,45,0.0344327,0,7,46,0.0344327,1,1,7,0.0344326,1,1,21,0.0265984,1,1,35,0.0265984,1,1,49,0.0344327,1,3,49,0.0344327,1,5,0,0.0344326,1,5,14,0.0265984,1,5,21,0.0265984,1,5,28,0.0344327,1,5,35,0.0344327,1,5,42,0.0265984,2,3,56,0.0344327,2,3,57,0.0265984,2,3,58,0.0265984,2,3,59,0.0344327,2,3,61,0.0344327,2,3,62,0.0344326,2,4,0,0.0265985,2,6,0,0.0344327,2,7,35,0.0344327,2,7,36,0.0265984,2,7,49,0.0344326,4,3,0,0.0344327,5,1,49,0.0344327,
h1e1
WHITE
3,14,2,14,14,2,14,14,5,0,14,0,14,14,0,1,14,14,0,14,14,14,8,3,0,14,8,14,8,14,14,0,8,14,14,14,14,14,14,8,10,8,14,8,9,0,14,14,14,14,13,14,8,14,10,4,14,14,14,11,14,14,9,14,0,0,0,0,-1,
0,0,14,0.0432647,0,5,49,0.0432647,0,5,50,0.0432647,0,5,51,0.0432647,1,0,0,0.0432647,1,0,21,0.035594,1,1,0,0.0432647,1,1,1,0.0432647,1,3,0,0.035594,1,3,1,0.035594,1,7,58,0.0432647,1,7,59,0.0432647,2,7,42,0.035594,5,5,0,0.0432647,5,5,7,0.0432647,5,5,49,0.0432647,6,7,0,0.0432647,6,7,28,0.0432647,6,7,29,0.0432647,6,7,35,0.0432647,6,7,36,0.0432647,6,7,37,0.035594,6,7,42,0.0432647,6,7,49,0.0432647,
c8e6
BLACK
14,1,14,14,3,14,14,14,12,2,14,0,14,5,14,14,14,14,8,1,0,14,0,2,0,14,14,14,14,14,14,0,8,14,14,0,14,0,14,8,11,0,14,14,10,8,14,14,9,8,14,14,8,14,8,13,14,14,14,14,14,10,14,11,0,0,0,0,-1,
0,1,57,0.0265984,0,1,58,0.0265984,0,4,0,0.0344327,0,4,14,0.0265984,0,4,15,0.0344327,0,4,16,0.0344326,0,4,42,0.0344327,0,4,43,0.0344327,1,1,7,0.0344327,1,1,21,0.0265984,1,1,35,0.0265984,1,1,49,0.0344327,1,3,49,0.0344327,1,5,0,0.0344327,1,5,14,0.0265984,1,5,21,0.0265984,1,5,28,0.0344327,1,5,42,0.0265984,2,3,56,0.0344326,2,3,57,0.0265984,2,3,58,0.0265984,2,3,59,0.0344326,2,3,61,0.0344327,2,4,0,0.0265985,2,6,0,0.0344327,2,7,35,0.0344327,2,7,36,0.0265984,2,7,49,0.0265984,4,3,0,0.0344327,4,3,7,0.0344326,4,5,49,0.0344327,5,1,49,0.0344327,
e1d1
WHITE
3,14,2,14,14,14,14,14,5,0,14,0,14,14,0,1,14,14,0,2,14,14,8,3,0,14,8,14,8,14,14,0,8,14,14,14,14,14,14,8,10,8,14,8,9,0,14,14,14,14,13,14,8,14,10,4,14,14,14,14,11,14,9,14,0,0,0,0,-1,
0,0,14,0.0368478,1,0,0,0.0452394,1,0,21,0.0368478,1,1,0,0.0368478,1,1,1,0.0368478,1,7,58,0.0452394,1,7,59,0.0452394,1,7,60,0.0368478,2,3,7,0.0368478,2,3,21,0.0368478,2,3,22,0.0368478,2,3,35,0.0452394,2,3,36,0.0368478,2,3,49,0.0368478,2,7,42,0.0368478,5,5,0,0.0368478,5,5,7,0.0368478,5,5,49,0.0368478,6,7,0,0.0368477,6,7,28,0.0368478,6,7,29,0.0368478,6,7,35,0.0368477,6,7,36,0.0452394,6,7,37,0.0368478,6,7,42,0.0368477,6,7,49,0.0368478,
e6f5 (capture)
BLACK
14,1,14,3,14,14,14,14,12,2,14,0,14,5,14,14,14,14,8,1,0,14,0,2,0,14,14,14,14,14,14,0,8,14,14,0,14,10,14,8,11,0,14,14,14,8,14,14,9,8,14,14,8,14,8,13,14,14,14,14,14,10,14,11,0,0,0,0,-1,
0,1,57,0.0265985,0,1,58,0.0265984,0,3,14,0.0344327,0,3,15,0.0265984,0,3,16,0.0344327,0,3,17,0.0265984,0,3,42,0.0344326,1,1,7,0.0344326,1,1,21,0.0265984,1,1,35,0.0265984,1,1,49,0.0344327,1,3,49,0.0344327,1,5,0,0.0344327,1,5,14,0.0265984,1,5,21,0.0265984,1,5,28,0.0344327,1,5,35,0.0344327,1,5,42,0.0265984,2,3,56,0.0344326,2,3,57,0.0265984,2,3,58,0.0265984,2,3,59,0.0344326,2,3,61,0.0344327,2,3,62,0.0344327,2,4,0,0.0265984,2,6,0,0.0344327,2,7,35,0.0344327,2,7,36,0.0265984,2,7,49,0.0344327,2,7,50,0.0344327,4,3,0,0.0344327,5,1,49,0.0344327,
b2c1
WHITE
3,14,2,14,14,14,14,14,5,0,14,0,14,14,0,1,14,14,0,14,14,14,8,3,0,14,2,14,8,14,14,0,8,14,14,14,14,14,14,8,10,8,14,8,9,0,14,14,14,14,13,14,8,14,14,4,14,14,14,14,11,10,9,14,0,0,0,0,-1,
0,0,14,0.0344327,1,0,0,0.0344327,1,0,7,0.0344327,1,0,21,0.0265984,1,1,0,0.0344326,1,1,1,0.0344326,1,3,0,0.0265984,1,3,1,0.0265984,1,7,58,0.0344327,1,7,59,0.0344327,1,7,60,0.0265985,2,7,42,0.0265984,3,2,7,0.0344327,3,2,8,0.0344327,3,2,21,0.0344326,3,2,22,0.0344326,3,2,23,0.0265984,3,2,35,0.0344327,3,2,49,0.0265984,3,2,50,0.0265984,5,5,0,0.0344327,5,5,49,0.0344327,6,7,0,0.0344327,6,7,28,0.0265984,6,7,29,0.0344327,6,7,35,0.0265984,6,7,36,0.0344327,6,7,37,0.0265984,6,7,42,0.0344327,6,7,43,0.0344327,6,7,44,0.0265984,6,7,49,0.0265984,
h7g8
BLACK
14,1,2,3,14,14,14,14,12,14,14,0,14,5,14,14,14,14,8,1,0,14,0,2,0,14,14,14,14,14,14,0,8,14,14,0,14,10,14,8,11,0,14,14,14,8,14,14,9,8,14,14,8,14,8,14,14,14,14,14,14,10,13,11,0,0,0,0,-1,
0,1,57,0.0370671,0,1,58,0.0294913,0,2,49,0.0370671,0,2,50,0.0370671,0,3,14,0.0370671,0,3,15,0.0294913,0,3,16,0.0370671,0,3,17,0.0370671,1,5,0,0.0370671,1,5,14,0.0294913,1,5,21,0.0370671,1,5,28,0.0370671,1,5,35,0.0370671,1,5,42,0.0370671,2,3,56,0.0370671,2,3,57,0.0294913,2,3,58,0.0294913,2,3,59,0.0370671,2,3,60,0.0370671,2,3,62,0.0370671,2,4,0,0.0370671,2,6,0,0.0370671,2,7,35,0.0370671,2,7,36,0.0370671,2,7,49,0.0370671,2,7,50,0.0370671,4,3,0,0.0370671,5,1,49,0.0370671,
h3f1
WHITE
3,5,2,14,14,14,14,14,14,0,14,0,14,14,0,1,14,14,0,14,14,14,8,3,0,14,2,14,8,14,14,0,8,14,14,14,14,14,14,8,14,8,14,8,9,0,14,14,14,14,13,14,8,14,14,4,14,14,10,14,11,10,9,14,0,0,0,0,-1,
0,0,0,0.0292585,0,0,1,0.0378762,0,1,7,0.0292584,0,1,49,0.0292585,1,1,0,0.0292585,1,1,1,0.0292585,1,3,0,0.0292585,1,3,1,0.0292584,1,7,58,0.0378762,1,7,59,0.0378762,1,7,60,0.0292584,2,7,42,0.0292584,3,2,7,0.0292585,3,2,8,0.0292585,3,2,21,0.0292584,3,2,22,0.0292585,3,2,23,0.0292584,3,2,35,0.0292584,3,2,36,0.0292585,3,2,49,0.0292584,3,2,50,0.0292585,5,5,0,0.0292584,5,5,49,0.0292585,6,7,0,0.0292584,6,7,28,0.0292584,6,7,29,0.0292585,6,7,35,0.0292584,6,7,36,0.0292585,6,7,37,0.0292584,6,7,42,0.0292585,6,7,43,0.0378762,6,7,44,0.0292584,6,7,49,0.0292585,
a7b5
BLACK
14,1,2,3,14,2,14,14,12,14,14,0,14,5,14,14,14,14,8,1,0,14,0,14,0,14,14,14,14,14,14,0,8,9,14,0,14,10,14,8,11,0,14,14,14,8,14,14,14,8,14,14,8,14,8,14,14,14,14,14,14,10,13,11,0,0,0,0,-1,
0,1,57,0.0380629,0,1,58,0.0380629,0,2,49,0.0380629,0,2,50,0.0458475,0,3,14,0.0458475,0,5,7,0.0458475,0,5,8,0.0458475,0,5,49,0.0458475,1,5,0,0.0458475,1,5,14,0.0380629,1,5,21,0.0458475,1,5,35,0.0458475,1,5,42,0.0458475,2,3,56,0.0458475,2,3,57,0.0380629,2,3,58,0.0380629,2,3,59,0.0458475,2,3,60,0.0458475,2,3,62,0.0458475,2,4,0,0.0458475,2,6,0,0.0458475,3,0,7,0.0380629,4,3,0,0.0458475,
d3c5
WHITE
3,5,2,14,14,14,14,14,14,0,14,0,14,14,0,14,14,14,0,14,14,14,8,3,0,14,2,14,8,9,1,0,8,14,14,14,14,14,14,8,14,8,14,8,14,0,14,14,14,14,13,14,8,14,14,4,14,14,10,14,11,10,9,14,0,0,0,0,-1,
0,0,0,0.0271679,0,0,1,0.0271679,0,1,7,0.0197245,0,1,49,0.0271679,1,1,0,0.0271679,1,1,1,0.0271678,1,3,0,0.0197246,1,3,1,0.0197245,2,7,28,0.0271679,2,7,29,0.0271679,2,7,42,0.0271678,3,2,7,0.0271679,3,2,8,0.0271679,3,2,9,0.0271679,3,2,10,0.0197246,3,2,21,0.0271679,3,2,22,0.0271679,3,2,23,0.0197246,3,2,35,0.0271679,3,2,36,0.0271679,3,2,49,0.0271678,3,2,50,0.0271679,3,6,57,0.0271679,3,6,59,0.0271679,3,6,60,0.0271679,3,6,61,0.0197245,3,6,62,0.0197245,5,5,0,0.0271679,5,5,49,0.0271679,6,7,0,0.0271678,6,7,28,0.0271679,6,7,29,0.0271679,6,7,35,0.0271678,6,7,36,0.0271679,6,7,37,0.0197245,6,7,42,0.0271679,6,7,43,0.0271679,6,7,44,0.0271679,6,7,49,0.0271679,
g7g6
BLACK
14,1,2,3,14,2,14,14,12,14,14,0,14,5,14,14,14,14,8,14,0,14,0,14,0,14,14,14,14,14,14,0,8,9,1,0,14,10,14,8,11,0,14,14,14,8,8,14,14,8,14,14,8,14,14,14,14,14,14,14,14,10,13,11,0,0,0,0,-1,
0,1,57,0.0331799,0,1,58,0.0331799,0,2,49,0.0331799,0,2,50,0.0411908,0,3,14,0.0411908,0,5,7,0.0411908,0,5,8,0.0411909,0,5,49,0.0411908,0,5,50,0.03318,0,5,51,0.0411909,0,5,52,0.0331799,1,5,0,0.0411908,1,5,14,0.0331799,1,5,21,0.0331799,1,5,35,0.0411908,1,5,42,0.0331799,2,4,0,0.0331799,2,6,0,0.0411908,3,0,7,0.0331799,4,2,56,0.0411908,4,2,57,0.03318,4,2,58,0.0331799,4,2,59,0.0331799,4,2,61,0.0411908,4,2,62,0.0411908,4,2,63,0.0331799,4,3,0,0.0411908,
f1e2
WHITE
3,5,2,14,14,14,14,14,14,14,14,0,14,14,0,14,14,0,0,14,14,14,8,3,0,14,2,14,8,9,1,0,8,14,14,14,14,14,14,8,14,8,14,8,14,0,14,14,14,14,13,10,8,14,14,4,14,14,14,14,11,10,9,14,0,0,0,0,-1,
0,0,0,0.0271679,0,0,1,0.0271679,0,1,0,0.0271679,0,1,7,0.0197245,0,1,49,0.0271679,0,2,49,0.0271679,0,2,50,0.0271679,1,3,0,0.0197246,1,3,1,0.0197245,2,1,0,0.0271679,2,7,28,0.0271679,2,7,29,0.0271679,2,7,42,0.0271678,3,2,7,0.0271679,3,2,8,0.0271679,3,2,9,0.0271679,3,2,10,0.0197246,3,2,21,0.0271679,3,2,22,0.0271679,3,2,23,0.0197246,3,2,49,0.0271679,3,2,50,0.0271679,3,6,57,0.0271679,3,6,59,0.0271679,3,6,60,0.0271679,3,6,61,0.0197245,3,6,62,0.0197245,5,5,0,0.0271678,5,5,49,0.0271679,6,7,0,0.0271678,6,7,28,0.0271678,6,7,29,0.0271679,6,7,35,0.0271679,6,7,36,0.0271679,6,7,37,0.0197245,6,7,42,0.0271679,6,7,43,0.0271679,6,7,44,0.0271678,6,7,49,0.0271679,
f5c8
BLACK
14,1,2,3,14,14,14,14,12,14,14,0,2,5,14,14,14,14,8,14,0,14,0,14,0,14,14,14,14,14,14,0,8,9,1,0,14,14,14,8,11,0,14,14,14,8,8,14,14,8,14,14,8,14,14,14,14,14,10,14,14,10,13,11,0,0,0,0,-1,
0,1,57,0.0319008,0,1,58,0.0242074,0,2,49,0.0242075,0,2,50,0.0319008,0,3,14,0.0319008,0,3,15,0.0242075,0,3,16,0.0319008,0,3,17,0.0319008,1,3,0,0.0242075,1,3,1,0.0242074,1,3,49,0.0319008,1,4,7,0.0319008,1,4,8,0.0319008,1,4,9,0.0242074,1,4,21,0.0319008,1,4,49,0.0319008,1,4,50,0.0319008,1,4,51,0.0242074,1,5,0,0.0319008,1,5,14,0.0242074,1,5,21,0.0319008,1,5,28,0.0319008,1,5,35,0.0319008,2,4,0,0.0319008,2,6,0,0.0319008,3,0,7,0.0242075,4,2,56,0.0319008,4,2,57,0.0319008,4,2,58,0.0242074,4,2,59,0.0319008,4,2,61,0.0319008,4,2,62,0.0319008,4,2,63,0.0242075,4,3,0,0.0319008,
e3e4
WHITE
3,5,2,14,14,2,14,14,14,14,14,0,14,14,0,14,14,0,0,14,14,14,8,3,0,14,14,14,8,9,1,0,8,14,14,8,14,14,14,8,14,8,14,14,14,0,14,14,14,14,13,10,8,14,14,4,14,14,14,14,11,10,9,14,0,0,0,0,-1,
0,0,0,0.0288041,0,0,1,0.028804,0,1,0,0.028804,0,1,7,0.0214148,0,1,49,0.028804,0,2,49,0.0288041,0,2,50,0.028804,0,5,49,0.028804,0,5,50,0.0288041,0,5,51,0.0288041,0,5,52,0.0288041,0,5,53,0.0214148,1,3,0,0.0214148,1,3,1,0.0214148,2,1,0,0.0288041,2,2,0,0.0288041,2,7,28,0.0288041,2,7,29,0.0288041,2,7,42,0.0288041,3,6,57,0.028804,3,6,59,0.0288041,3,6,60,0.028804,3,6,61,0.0288041,3,6,62,0.0288041,5,5,0,0.0288041,5,5,49,0.028804,6,7,0,0.0288041,6,7,28,0.0288041,6,7,29,0.0288041,6,7,35,0.0288041,6,7,36,0.028804,6,7,37,0.0214148,6,7,42,0.0288041,6,7,43,0.028804,6,7,44,0.0288041,6,7,49,0.0288041,
a2b1 (capture)
BLACK
14,12,2,3,14,14,14,14,14,14,14,0,2,5,14,14,14,14,8,14,14,14,0,14,0,14,14,14,0,14,14,0,8,9,1,0,14,14,14,8,11,0,14,14,14,8,8,14,14,8,14,14,8,14,14,14,14,14,10,14,14,10,13,11,0,0,0,0,-1,
0,2,49,0.0265985,0,2,50,0.0344327,0,3,14,0.0344327,0,3,15,0.0265984,0,3,16,0.0344327,0,3,17,0.0265984,1,3,0,0.0265984,1,3,1,0.0265984,1,3,49,0.0344327,1,4,7,0.0344327,1,4,8,0.0265984,1,4,9,0.0265984,1,4,21,0.0344327,1,4,49,0.0344327,1,4,50,0.0344327,1,4,51,0.0265984,1,5,0,0.0344326,1,5,14,0.0265984,1,5,21,0.0265984,1,5,28,0.0344327,1,5,35,0.0344327,1,5,49,0.0344326,2,6,0,0.0344327,3,0,7,0.0265984,3,4,0,0.0265984,4,2,56,0.0344326,4,2,57,0.0344326,4,2,58,0.0265984,4,2,59,0.0344327,4,2,61,0.0344327,4,2,62,0.0344327,4,3,0,0.0344327,
d1g1
WHITE
3,5,2,14,14,2,14,14,14,14,14,0,14,14,0,14,14,0,0,14,14,14,8,3,0,14,14,14,8,9,1,0,8,14,14,8,14,14,14,8,14,8,14,14,14,0,14,14,14,14,13,10,8,14,14,14,14,11,14,14,14,10,4,14,0,0,0,0,-1,
0,0,0,0.0264129,0,0,1,0.0348072,0,1,0,0.0264129,0,1,7,0.0264129,0,1,49,0.0348072,0,2,49,0.0264129,0,2,50,0.0348072,0,5,49,0.0348072,0,5,50,0.0264129,0,5,51,0.0264129,0,5,52,0.0264129,0,5,53,0.0264129,1,3,0,0.0264129,1,3,1,0.0264129,2,1,0,0.0264129,2,2,0,0.0264129,2,7,28,0.0264129,2,7,29,0.0264129,2,7,42,0.0264129,3,6,57,0.0264129,3,6,59,0.0264129,3,6,60,0.0348072,3,6,61,0.0264129,3,6,62,0.0264128,5,5,0,0.0264129,5,5,49,0.0264129,7,6,14,0.0264129,7,6,21,0.0348072,7,6,28,0.0264129,7,6,29,0.0348072,7,6,30,0.0348072,7,6,35,0.0264129,7,6,36,0.0264129,7,6,37,0.0264129,7,6,42,0.0348072,
g8f7
BLACK
14,12,2,14,14,14,3,14,14,14,14,0,2,5,14,14,14,14,8,14,14,14,0,14,0,14,14,14,0,14,14,0,8,9,1,0,14,14,14,8,11,0,14,14,14,8,8,14,14,8,14,14,8,13,14,14,14,14,10,14,14,10,14,11,0,0,0,0,-1,
0,2,49,0.0292584,0,2,50,0.0378762,0,6,0,0.0378762,0,6,14,0.0292584,0,6,42,0.0292584,0,6,43,0.0378762,0,6,44,0.0292585,1,3,0,0.0292585,1,3,1,0.0292584,1,3,49,0.0292585,1,4,7,0.0292585,1,4,8,0.0292585,1,4,9,0.0292585,1,4,21,0.0292585,1,4,35,0.0292584,1,4,49,0.0292585,1,4,50,0.0292585,1,4,51,0.0292584,1,5,0,0.0292585,1,5,14,0.0292584,1,5,28,0.0292585,1,5,35,0.0292585,1,5,49,0.0292585,2,6,0,0.0292584,3,0,7,0.0292584,3,4,0,0.0292584,4,2,56,0.0292585,4,2,57,0.0292584,4,2,58,0.0292584,4,2,59,0.0292584,4,2,61,0.0292585,4,2,62,0.0292584,4,3,0,0.0378762,
e2d1
WHITE
3,14,2,14,14,2,14,14,14,14,5,0,14,14,0,14,14,0,0,14,14,14,8,3,0,14,14,14,8,9,1,0,8,14,14,8,14,14,14,8,14,8,14,14,14,0,14,14,14,14,13,14,8,14,14,14,14,11,14,14,10,10,4,14,0,0,0,0,-1,
0,0,0,0.0288041,0,0,1,0.028804,0,0,14,0.028804,0,2,49,0.0288041,0,2,50,0.028804,0,5,49,0.028804,0,5,50,0.0288041,0,5,51,0.0288041,0,5,52,0.0288041,0,5,53,0.0214148,1,2,21,0.0288041,1,2,35,0.028804,1,2,42,0.0288041,1,3,0,0.0214148,1,3,1,0.0214148,2,1,0,0.0288041,2,2,0,0.0288041,2,7,28,0.0288041,2,7,29,0.0288041,2,7,42,0.0288041,3,6,57,0.0288041,3,6,59,0.0288041,3,6,60,0.028804,3,6,61,0.0214148,3,6,62,0.0214148,5,5,0,0.0288041,5,5,49,0.0288041,7,6,14,0.0288041,7,6,21,0.028804,7,6,28,0.0288041,7,6,29,0.028804,7,6,30,0.028804,7,6,35,0.0288041,7,6,36,0.0288041,7,6,37,0.0288041,7,6,42,0.028804,
c8f5
BLACK
14,12,2,2,14,14,3,14,14,14,14,0,14,5,14,14,14,14,8,14,14,14,0,14,0,14,14,14,0,14,14,0,8,9,1,0,14,10,14,8,11,0,14,14,14,8,8,14,14,8,14,14,8,13,14,14,14,14,14,14,14,10,14,11,0,0,0,0,-1,
0,2,49,0.0265984,0,2,50,0.0344327,0,3,7,0.0344327,0,3,8,0.0344327,0,3,9,0.0344326,0,3,10,0.0344327,0,3,49,0.0344327,0,3,50,0.0344327,0,6,0,0.0344327,0,6,14,0.0265984,0,6,42,0.0265984,0,6,43,0.0344327,1,3,0,0.0265984,1,3,1,0.0265984,1,3,49,0.0344327,1,5,0,0.0344326,1,5,14,0.0265984,1,5,28,0.0344327,1,5,35,0.0344327,1,5,42,0.0265985,1,5,49,0.0344327,2,6,0,0.0344327,3,0,7,0.0265984,3,4,0,0.0265984,3,4,7,0.0265984,4,2,56,0.0344326,4,2,57,0.0265984,4,2,58,0.0265984,4,2,59,0.0265984,4,2,61,0.0344327,4,2,62,0.0344326,4,3,0,0.0344327,
e4f5 (capture)
WHITE
3,14,2,14,14,14,14,14,14,14,5,0,14,14,0,14,14,0,0,14,14,14,8,3,0,14,8,14,8,9,1,0,8,14,14,14,14,14,14,8,14,8,14,14,14,0,14,14,14,14,13,14,8,14,14,14,14,11,14,14,10,10,4,14,0,0,0,0,-1,
0,0,0,0.0344327,0,0,1,0.0344327,0,0,14,0.0344327,0,2,49,0.0265984,0,2,50,0.0344327,1,2,21,0.0344326,1,2,35,0.0344327,1,2,42,0.0265985,1,3,0,0.0265984,1,3,1,0.0265984,2,1,0,0.0265984,2,1,7,0.0344327,2,7,28,0.0344327,2,7,29,0.0344327,2,7,42,0.0265984,3,6,57,0.0344326,3,6,59,0.0344326,3,6,60,0.0344327,3,6,61,0.0265984,3,6,62,0.0265984,5,5,0,0.0265984,5,5,49,0.0344327,7,6,14,0.0265984,7,6,21,0.0344327,7,6,28,0.0265984,7,6,29,0.0344327,7,6,30,0.0344327,7,6,35,0.0265984,7,6,36,0.0344327,7,6,37,0.0344326,7,6,38,0.0265984,7,6,42,0.0344327,
b5c7
BLACK
14,12,2,2,14,14,3,14,14,14,14,0,14,5,14,14,14,14,8,14,14,14,0,14,0,14,14,14,14,14,14,0,8,14,1,0,14,0,14,8,11,0,14,14,14,8,8,14,14,8,9,14,8,13,14,14,14,14,14,14,14,10,14,11,0,0,0,0,-1,
0,2,49,0.0265984,0,2,50,0.0344327,0,3,7,0.0344327,0,3,8,0.0344327,0,3,9,0.0344326,0,3,10,0.0344327,0,3,49,0.0344327,0,3,50,0.0344327,0,6,0,0.0344327,0,6,14,0.0265984,0,6,42,0.0265984,0,6,43,0.0344327,1,3,0,0.0265984,1,3,1,0.0265984,1,3,49,0.0344327,1,5,0,0.0344326,1,5,14,0.0265984,1,5,28,0.0344327,1,5,35,0.0344327,1,5,42,0.0265985,1,5,49,0.0344327,2,6,0,0.0344327,4,2,56,0.0344326,4,2,57,0.0265984,4,2,58,0.0265984,4,2,59,0.0265984,4,2,61,0.0344327,4,2,62,0.0344326,4,2,63,0.0265984,4,3,0,0.0344327,4,5,7,0.0265984,5,1,7,0.0265984,
g1h1
WHITE
3,14,2,14,14,14,14,14,14,14,5,0,14,1,0,14,14,0,0,14,14,14,8,3,0,14,8,14,8,9,14,0,8,14,14,14,14,14,14,8,14,8,14,14,14,0,14,14,14,14,13,14,8,14,14,14,11,14,14,14,10,10,4,14,0,0,0,0,-1,
0,0,0,0.0319008,0,0,1,0.0319008,0,0,14,0.0319008,0,2,49,0.0242074,0,2,50,0.0319008,1,2,21,0.0319008,1,2,35,0.0319008,1,2,42,0.0242075,1,3,0,0.0242075,1,3,1,0.0242074,1,5,57,0.0319008,1,5,58,0.0319008,1,5,59,0.0242074,1,5,60,0.0319008,1,5,63,0.0319008,2,1,0,0.0242074,2,1,7,0.0319008,2,7,28,0.0319008,2,7,29,0.0319008,2,7,42,0.0242075,5,5,0,0.0319008,5,5,49,0.0319008,7,6,14,0.0242075,7,6,21,0.0319008,7,6,28,0.0242074,7,6,29,0.0319008,7,6,30,0.0319008,7,6,31,0.0319008,7,6,32,0.0319008,7,6,35,0.0242074,7,6,36,0.0319008,7,6,37,0.0319008,7,6,38,0.0242075,7,6,42,0.0319008,
c3c2
BLACK
14,12,2,2,14,14,14,3,14,14,8,0,14,5,14,14,14,14,14,14,14,14,0,14,0,14,14,14,14,14,14,0,8,14,1,0,14,0,14,8,11,0,14,14,14,8,8,14,14,8,9,14,8,13,14,14,14,14,14,14,14,10,14,11,0,0,0,0,-1,
0,2,49,0.0265985,0,2,50,0.0344327,0,3,7,0.0344327,0,3,8,0.0344327,0,3,9,0.0344327,0,3,10,0.0344327,0,3,49,0.0344327,0,7,0,0.0344327,0,7,1,0.0265984,0,7,42,0.0265984,0,7,43,0.0265984,0,7,44,0.0344327,1,3,0,0.0265984,1,3,1,0.0265984,1,5,0,0.0344326,1,5,14,0.0265984,1,5,21,0.0265984,1,5,28,0.0344327,1,5,35,0.0344327,1,5,42,0.0265984,1,5,49,0.0344327,2,6,0,0.0344327,4,2,56,0.0344326,4,2,57,0.0344326,4,2,58,0.0265984,4,2,59,0.0344327,4,2,61,0.0344327,4,2,62,0.0344326,4,2,63,0.0265984,4,3,0,0.0344327,4,5,7,0.0265984,5,1,7,0.0265984,
c5b3
WHITE
3,14,2,14,14,14,14,14,14,14,5,0,14,1,0,14,14,0,0,14,14,14,8,3,0,14,8,14,8,14,14,0,8,14,14,14,14,14,14,8,14,8,14,14,14,14,9,14,14,14,13,14,8,0,14,14,11,14,14,14,10,10,4,14,0,0,0,0,-1,
0,0,0,0.0327426,0,0,1,0.0411535,0,0,14,0.0327426,0,2,49,0.0327426,0,2,50,0.0411535,1,2,21,0.0327426,1,2,35,0.0327426,1,2,42,0.0327426,1,3,0,0.0327425,1,3,1,0.0327426,1,5,57,0.0327426,1,5,58,0.0327426,1,5,59,0.0327426,1,5,60,0.0327425,1,5,63,0.0411535,2,1,0,0.0327426,2,1,7,0.0411535,2,7,28,0.0327426,2,7,29,0.0327426,2,7,42,0.0327426,6,5,49,0.0327425,6,5,64,0.0327425,6,5,67,0.0327426,6,5,70,0.0327426,7,6,14,0.0327425,7,6,21,0.0411535,7,6,28,0.0327426,7,6,29,0.0411535,7,6,42,0.0327426,
c2d1Q
BLACK
14,12,2,12,14,14,14,3,14,14,14,0,14,5,14,14,14,1,14,14,14,14,0,14,0,14,14,14,14,14,14,0,8,14,14,0,14,0,14,8,11,0,14,14,14,8,8,14,14,8,9,14,8,13,14,14,14,14,14,14,14,10,14,11,0,0,0,0,-1,
0,2,49,0.0503795,0,2,50,0.0503795,0,7,0,0.0503795,0,7,1,0.0503795,0,7,42,0.0503795,0,7,43,0.0503795,0,7,44,0.0503795,0,7,45,0.0503795,1,3,0,0.0503795,1,3,1,0.0427897,1,5,14,0.0503795,1,5,49,0.0503795,2,1,56,0.0503795,2,1,57,0.0503795,2,1,58,0.0503795,2,1,61,0.0503795,2,6,0,0.0503795,4,3,0,0.0503795,4,5,7,0.0503795,5,1,7,0.0503795,
d2d4
WHITE
3,14,2,14,14,14,14,14,14,14,5,0,14,1,0,14,14,0,0,14,14,14,8,3,0,14,8,14,8,14,14,0,8,14,14,14,8,14,14,8,14,8,14,14,14,14,9,14,14,14,13,14,14,14,14,14,11,14,14,14,4,10,4,14,0,0,0,0,44,
0,0,0,0.0246729,0,0,1,0.0246729,0,0,14,0.0246729,0,2,49,0.0246729,0,2,50,0.0246729,1,2,21,0.0246729,1,2,35,0.0246729,1,2,42,0.0246729,1,3,0,0.0174207,1,3,1,0.0174206,1,5,57,0.0246729,1,5,58,0.0246729,1,5,59,0.0174206,1,5,60,0.0246729,1,5,63,0.0246729,2,1,0,0.0174207,2,1,7,0.0246729,2,7,28,0.0246729,2,7,29,0.0246729,2,7,42,0.0174207,7,4,14,0.0246729,7,4,21,0.0246729,7,4,22,0.0246729,7,4,28,0.0246729,7,4,29,0.0246729,7,4,30,0.0246729,7,4,35,0.0246729,7,4,36,0.0246729,7,4,37,0.0246729,7,4,42,0.0246729,7,4,43,0.0246729,7,4,44,0.0246729,7,4,45,0.0246729,7,6,14,0.0246729,7,6,21,0.0246729,7,6,28,0.0246729,7,6,29,0.0246729,7,6,35,0.0246729,7,6,36,0.0246729,7,6,37,0.0246729,7,6,38,0.0246729,7,6,42,0.0246729,
h8g8
BLACK
14,12,2,12,14,14,14,3,14,14,14,14,14,5,14,14,14,1,14,14,14,14,0,14,0,14,14,0,14,14,14,0,8,14,14,0,14,0,14,8,11,0,14,14,14,8,8,14,14,8,9,14,8,13,14,14,14,14,14,14,14,10,11,14,0,0,0,0,-1,
0,2,7,0.0458475,0,2,8,0.0380629,0,2,9,0.0458475,0,2,10,0.0458475,0,2,11,0.0458475,0,2,49,0.0458475,0,2,50,0.0458475,0,7,0,0.0458475,0,7,1,0.0380629,0,7,42,0.0458475,0,7,43,0.0380629,0,7,44,0.0458475,0,7,45,0.0458475,1,5,14,0.0380629,1,5,49,0.0458475,2,1,57,0.0458475,2,1,58,0.0380629,2,1,61,0.0458475,2,1,63,0.0458475,2,6,0,0.0458475,4,3,0,0.0458475,4,5,7,0.0380629,5,1,7,0.0380629,
h1g1
WHITE
14,3,2,14,14,14,14,14,14,14,5,0,14,1,0,14,14,0,0,14,14,14,8,3,0,14,8,14,8,14,14,0,8,14,14,14,8,14,14,8,14,8,14,14,14,14,9,14,14,14,13,14,14,14,14,14,14,11,14,14,4,10,4,14,0,0,0,0,-1,
0,1,0,0.0271679,0,1,42,0.0271679,0,2,49,0.0271678,0,2,50,0.0271679,1,2,21,0.0271679,1,2,42,0.0271678,1,3,0,0.0197246,1,3,1,0.0197245,1,5,57,0.0271679,1,5,58,0.0271679,1,5,59,0.0197245,1,5,60,0.0271679,1,5,63,0.0271679,2,1,0,0.0197246,2,1,7,0.0271679,2,7,28,0.0271679,2,7,29,0.0271679,2,7,42,0.0197245,7,4,14,0.0271679,7,4,21,0.0197245,7,4,22,0.0271679,7,4,28,0.0271678,7,4,29,0.0271679,7,4,30,0.0271679,7,4,35,0.0197246,7,4,36,0.0271678,7,4,37,0.0271679,7,4,42,0.0271679,7,4,43,0.0271679,7,4,44,0.0271679,7,6,14,0.0197246,7,6,21,0.0271679,7,6,28,0.0271679,7,6,29,0.0271679,7,6,35,0.0271678,7,6,36,0.0271678,7,6,37,0.0271679,7,6,38,0.0271679,7,6,42,0.0271679,
c7d5 (capture)
BLACK
14,12,2,12,14,14,3,14,14,14,14,14,14,5,14,14,14,1,14,14,14,14,0,14,0,14,14,0,14,14,14,0,8,14,14,9,14,0,14,8,11,0,14,14,14,8,8,14,14,8,14,14,8,13,14,14,14,14,14,14,14,10,11,14,0,0,0,0,-1,
0,2,7,0.0504674,0,2,8,0.0504674,0,2,9,0.0586912,0,2,10,0.0504674,0,2,11,0.0504675,0,2,49,0.0504674,0,2,50,0.0586912,0,6,0,0.0586912,0,6,14,0.0504674,0,6,42,0.0504674,0,6,43,0.0586912,0,6,44,0.0504675,1,5,14,0.0504674,2,1,57,0.0504674,2,1,58,0.0504674,2,1,61,0.0586912,2,1,63,0.0504675,2,6,0,0.0504674,4,5,7,0.0504674,
g3g4
WHITE
14,3,2,14,14,14,14,14,14,14,5,0,14,14,0,14,14,0,0,14,14,14,8,3,0,14,8,14,1,14,14,0,8,8,14,14,8,14,14,8,14,14,14,14,14,14,9,14,14,14,13,14,14,14,14,14,14,11,14,14,4,10,4,14,0,0,0,0,-1,
0,1,0,0.022914,0,1,42,0.0229139,0,2,49,0.022914,0,2,50,0.0315608,1,2,21,0.022914,1,2,42,0.0229139,1,3,0,0.022914,1,3,1,0.0229139,2,1,0,0.0229139,2,1,7,0.0315608,2,7,28,0.0229139,2,7,29,0.0229139,2,7,42,0.022914,3,0,7,0.0229139,3,4,56,0.0229139,3,4,57,0.0229139,3,4,58,0.022914,3,4,59,0.0229139,3,4,62,0.0229139,3,4,63,0.0315608,7,4,14,0.0229139,7,4,21,0.022914,7,4,22,0.0315608,7,4,28,0.0315608,7,4,29,0.0229139,7,4,30,0.0229139,7,4,35,0.022914,7,4,36,0.0229139,7,4,37,0.022914,7,4,42,0.0315608,7,4,43,0.0229139,7,4,44,0.0229139,7,6,14,0.0229139,7,6,21,0.0229139,7,6,28,0.022914,7,6,29,0.0315608,7,6,35,0.022914,7,6,36,0.0229139,7,6,37,0.0229139,7,6,38,0.0229139,7,6,42,0.0229139,
d1b3 (capture)
BLACK
14,12,2,14,14,14,3,14,14,14,14,14,14,5,14,14,14,12,14,14,14,14,14,14,0,14,14,0,14,14,0,0,8,14,14,9,14,0,14,8,11,0,14,14,14,8,8,14,14,8,14,14,8,13,14,14,14,14,14,14,14,10,11,14,0,0,0,0,-1,
0,2,7,0.0503795,0,2,8,0.0503795,0,2,9,0.0503795,0,2,10,0.0503795,0,2,11,0.0503795,0,2,49,0.0503795,0,2,50,0.0503795,0,6,0,0.0503795,0,6,1,0.0503795,0,6,14,0.0503795,0,6,42,0.0503795,0,6,43,0.0503795,0,6,44,0.0503795,1,5,14,0.0503795,1,5,28,0.0503795,1,5,35,0.0503795,1,5,42,0.0503795,3,6,0,0.0503795,3,6,7,0.0503795,4,5,7,0.0427897,
c1a3
WHITE
14,3,2,14,14,14,14,14,14,14,5,0,14,14,0,14,14,0,0,14,14,14,8,3,0,14,8,14,1,14,14,0,8,8,14,14,8,14,14,8,14,14,14,14,14,14,4,10,14,14,13,14,14,14,14,14,14,11,14,14,14,14,4,14,0,0,0,0,-1,
0,1,0,0.0255596,0,1,42,0.0174576,0,2,49,0.0174576,0,2,50,0.0255596,1,2,21,0.0174575,1,2,42,0.0174576,1,3,0,0.0174575,1,3,1,0.0174576,2,1,0,0.0174576,2,1,7,0.0255596,2,7,28,0.0255597,2,7,29,0.0255597,2,7,42,0.0174575,3,0,7,0.0174576,3,4,56,0.0174576,3,4,57,0.0174576,3,4,58,0.0174576,3,4,59,0.0255596,3,4,62,0.0174576,3,4,63,0.0255596,5,6,0,0.0174575,5,6,7,0.0255597,5,6,14,0.0255596,5,6,21,0.0174575,5,6,28,0.0174576,5,6,29,0.0174576,5,6,30,0.0174576,5,6,35,0.0255596,5,6,42,0.0174575,5,6,43,0.0174575,5,6,44,0.0255596,5,6,45,0.0174576,5,6,46,0.0174576,5,6,47,0.0174576,5,6,49,0.0498606,5,6,50,0.0174576,7,6,14,0.0174576,7,6,21,0.0255596,7,6,28,0.0174576,7,6,35,0.0174575,7,6,36,0.0255596,7,6,37,0.0255596,7,6,38,0.0174576,7,6,42,0.0255596,7,6,43,0.0174576,7,6,44,0.0255596,7,6,45,0.0174576,7,6,46,0.0174575,
b1e4
BLACK
14,14,14,14,14,14,3,14,14,14,14,14,14,5,14,14,2,12,14,14,14,14,14,14,0,14,14,0,12,14,0,0,8,14,14,9,14,0,14,8,11,0,14,14,14,8,8,14,14,8,14,14,8,13,14,14,14,14,14,14,14,10,11,14,0,0,0,0,-1,
0,6,0,0.0586386,0,6,1,0.0586387,0,6,14,0.0504223,0,6,42,0.0431011,0,6,43,0.0586387,0,6,44,0.0504223,0,6,45,0.0504223,0,6,46,0.0586387,0,6,47,0.0504223,1,5,28,0.0504223,2,0,7,0.0504223,2,0,8,0.0504223,2,0,9,0.0586387,2,0,10,0.0586386,2,0,21,0.0504222,2,0,22,0.0504222,3,6,0,0.0504223,3,6,7,0.0504223,4,5,7,0.0504222,
g4h5 (capture)
WHITE
14,3,2,14,14,14,14,14,14,14,5,0,14,14,0,14,14,0,0,14,14,14,8,3,8,14,8,14,1,14,14,0,8,14,14,4,8,14,14,8,14,14,14,14,14,14,4,10,14,14,13,14,14,14,14,14,14,11,14,14,14,14,14,14,0,0,0,0,-1,
0,1,0,0.0133665,0,1,42,0.0133665,0,2,49,0.0133665,0,2,50,0.0203726,1,2,21,0.0133665,1,2,42,0.0133665,1,3,0,0.0133664,1,3,1,0.0133665,2,1,0,0.0133665,2,1,7,0.0203726,2,1,49,0.0203726,2,7,28,0.0133665,2,7,29,0.0133665,2,7,42,0.0133665,3,4,56,0.0133665,3,4,57,0.0133665,3,4,58,0.0133665,3,4,59,0.0133665,3,4,62,0.0133665,3,4,63,0.0203726,4,3,0,0.0203726,4,3,1,0.0133665,4,3,2,0.0133665,4,3,7,0.0133665,4,3,8,0.0203726,4,3,9,0.0133665,4,3,14,0.0203726,4,3,28,0.0133665,4,3,29,0.0133665,4,3,35,0.0133665,4,3,42,0.0133665,4,3,43,0.0133665,4,3,44,0.0133665,4,3,49,0.0203726,4,3,50,0.0203726,4,3,51,0.0133665,5,6,0,0.0133665,5,6,1,0.0133664,5,6,7,0.0133665,5,6,14,0.0203726,5,6,21,0.0133665,5,6,28,0.0133665,5,6,29,0.0133665,5,6,30,0.0133665,5,6,35,0.0203726,5,6,42,0.0133665,5,6,43,0.0133665,5,6,44,0.0203726,5,6,45,0.213864,5,6,46,0.0133665,5,6,47,0.0133665,5,6,49,0.0203726,5,6,50,0.0133665,
g8g7
BLACK
14,14,14,14,14,14,3,14,14,14,14,14,14,5,14,14,2,12,14,14,14,14,14,14,0,14,14,0,12,14,14,0,8,14,14,9,14,0,14,0,11,0,14,14,14,8,8,14,14,8,14,14,8,13,11,14,14,14,14,14,14,10,14,14,0,0,0,0,-1,
0,6,0,0.0478916,0,6,1,0.0478916,0,6,2,0.0400903,0,6,3,0.0478916,0,6,4,0.0478916,0,6,14,0.0478916,0,6,42,0.0332832,0,6,43,0.0478916,0,6,44,0.0478916,0,6,45,0.0478916,0,6,46,0.0478916,0,6,47,0.0400903,1,5,28,0.0478916,2,0,7,0.0478916,2,0,8,0.0478916,2,0,9,0.0478916,2,0,10,0.0478916,2,0,21,0.0478916,2,0,22,0.0400903,4,5,7,0.0400903,4,7,0,0.0400903,4,7,49,0.0478916,
g1c1
WHITE
14,14,2,14,14,14,14,14,14,3,5,0,14,14,0,14,14,0,0,14,14,14,8,3,8,14,8,14,1,14,14,0,8,14,14,4,8,14,14,8,14,14,14,14,14,14,4,10,14,14,13,14,14,14,14,14,14,14,14,14,14,11,14,14,0,0,0,0,-1,
1,1,28,0.0211788,1,1,42,0.0211787,1,2,21,0.0211788,1,2,35,0.0211788,1,3,0,0.0138954,1,3,1,0.0138954,2,1,0,0.0211787,2,1,7,0.0211788,2,1,49,0.0211788,2,7,28,0.0211788,2,7,29,0.0211788,2,7,42,0.0138955,3,4,56,0.0138954,3,4,57,0.0138954,3,4,58,0.0138954,3,4,59,0.0211788,3,4,62,0.0211788,3,4,63,0.0211788,4,3,0,0.0211788,4,3,1,0.0138954,4,3,2,0.0211788,4,3,7,0.0211788,4,3,8,0.0211788,4,3,9,0.0138954,4,3,14,0.0211788,4,3,28,0.0138955,4,3,29,0.0211788,4,3,35,0.0211788,4,3,42,0.0211788,4,3,43,0.0211788,4,3,44,0.0211788,4,3,49,0.0211787,4,3,50,0.0211788,4,3,51,0.0138954,5,6,0,0.0211787,5,6,1,0.0211788,5,6,7,0.0211788,5,6,14,0.0211788,5,6,21,0.0211788,5,6,28,0.0211788,5,6,29,0.0211788,5,6,30,0.0211788,5,6,35,0.0211788,5,6,42,0.0211788,5,6,43,0.0211788,5,6,44,0.0211788,5,6,45,0.0211788,5,6,46,0.0211788,5,6,47,0.0138954,5,6,49,0.0211788,5,6,50,0.0211788,
d5b6 (capture)
BLACK
14,14,3,14,14,14,14,14,14,14,14,14,14,5,14,14,2,12,14,14,14,14,14,14,0,14,14,0,12,14,14,0,8,14,14,14,14,0,14,0,11,9,14,14,14,8,8,14,14,8,14,14,8,13,11,14,14,14,14,14,14,10,14,14,0,0,0,0,-1,
0,2,0,0.040299,0,2,1,0.040299,0,2,2,0.040299,0,2,3,0.040299,0,2,4,0.040299,0,2,5,0.0402991,0,2,6,0.040299,0,2,14,0.0402991,0,2,15,0.040299,0,2,16,0.0328238,0,2,17,0.040299,0,2,18,0.040299,0,2,42,0.040299,0,2,43,0.040299,1,5,21,0.0402991,1,5,28,0.040299,2,0,7,0.040299,2,0,8,0.040299,2,0,9,0.040299,2,0,10,0.040299,2,0,21,0.0402991,3,3,0,0.040299,4,5,7,0.0402991,4,7,0,0.040299,4,7,49,0.040299,
c1c8
WHITE
14,14,2,14,14,11,14,14,14,3,5,0,14,14,0,14,14,0,0,14,14,14,1,3,8,14,8,14,14,14,14,0,8,14,14,4,8,14,14,8,14,14,14,14,14,14,4,10,14,14,13,14,14,14,14,14,14,14,14,14,14,14,14,14,0,0,0,0,-1,
1,1,28,0.0223324,1,1,42,0.0146523,1,2,35,0.0223323,1,3,0,0.0146523,1,3,1,0.0146523,2,1,0,0.0146523,2,1,7,0.0223323,2,1,49,0.0223323,2,6,57,0.0223323,2,6,58,0.0223323,2,6,59,0.0223323,2,6,60,0.0146523,2,6,61,0.0146523,2,6,62,0.0223323,2,7,28,0.0223323,2,7,29,0.0223324,4,3,0,0.0223323,4,3,1,0.0146523,4,3,2,0.0223323,4,3,7,0.0223324,4,3,8,0.0223323,4,3,9,0.0146523,4,3,14,0.0223323,4,3,21,0.0146523,4,3,22,0.0223324,4,3,28,0.0146523,4,3,29,0.0223324,4,3,35,0.0223323,4,3,42,0.0223323,4,3,43,0.0146523,4,3,44,0.0146523,4,3,49,0.0146523,4,3,50,0.0223323,4,3,51,0.0146523,5,6,0,0.0223324,5,6,1,0.0223323,5,6,7,0.0223323,5,6,14,0.0223323,5,6,21,0.0146523,5,6,28,0.0223323,5,6,29,0.0146523,5,6,35,0.0223323,5,6,36,0.0223323,5,6,37,0.0146523,5,6,42,0.0146523,5,6,43,0.0146523,5,6,44,0.0223323,5,6,45,0.0146523,5,6,46,0.0223323,5,6,47,0.0146523,5,6,49,0.0223323,5,6,50,0.0223323,
e4g4
BLACK
14,14,14,14,14,14,14,14,14,14,14,14,14,5,14,14,2,12,14,14,14,14,14,14,0,14,14,0,14,14,12,0,8,14,14,14,14,0,14,0,11,9,14,14,14,8,8,14,14,8,14,14,8,13,11,14,14,14,3,14,14,10,14,14,0,0,0,0,-1,
1,5,28,0.0432647,1,5,35,0.0432647,2,0,7,0.0432647,2,0,8,0.0432647,2,0,9,0.0432647,2,0,10,0.0432647,2,0,21,0.0432647,2,0,22,0.035594,3,3,0,0.0432647,4,5,7,0.035594,4,7,0,0.035594,4,7,49,0.0432647,7,2,14,0.0432647,7,2,15,0.035594,7,2,16,0.0432647,7,2,28,0.0432647,7,2,29,0.0432647,7,2,30,0.0432647,7,2,31,0.0432647,7,2,32,0.0432647,7,2,33,0.0432647,7,2,34,0.035594,7,2,42,0.0432647,7,2,43,0.0432647,
c8a8
WHITE
14,14,2,14,14,14,14,11,14,3,5,0,14,14,0,14,14,0,0,14,14,14,1,3,8,14,8,14,14,14,14,0,8,4,14,14,8,14,14,8,14,14,14,14,14,14,4,10,14,14,13,14,14,14,14,14,14,14,14,14,14,14,14,14,0,0,0,0,-1,
1,1,28,0.0176001,1,1,42,0.0176001,1,2,35,0.0257683,1,3,0,0.0176001,1,3,1,0.0176001,2,1,0,0.0176001,2,1,7,0.0257683,2,1,49,0.0257683,2,6,57,0.0257683,2,6,58,0.0257683,2,6,59,0.0176001,2,6,60,0.0176001,2,6,61,0.0176001,2,6,62,0.0257683,2,7,28,0.0257683,2,7,29,0.0176001,4,1,0,0.0257682,4,1,1,0.0257683,4,1,2,0.0176001,4,1,7,0.0176001,4,1,8,0.0176001,4,1,9,0.0176001,4,1,14,0.0176001,4,1,15,0.0257683,4,1,16,0.0257683,4,1,21,0.0257683,4,1,28,0.0176001,4,1,35,0.0176001,4,1,42,0.0176001,4,1,49,0.0257683,5,6,0,0.0176001,5,6,1,0.0257683,5,6,7,0.0176001,5,6,14,0.0257683,5,6,21,0.0176001,5,6,28,0.0176001,5,6,29,0.0176001,5,6,35,0.0257683,5,6,36,0.0257683,5,6,37,0.0176001,5,6,42,0.0176001,5,6,43,0.0176001,5,6,44,0.0257683,5,6,45,0.0176001,5,6,46,0.0176001,5,6,47,0.0176001,5,6,49,0.0257683,5,6,50,0.0176001,
b6a4 (capture)
BLACK
14,14,14,14,14,14,14,14,14,14,14,14,14,5,14,14,2,12,14,14,14,14,14,14,9,14,14,0,14,14,12,0,8,14,14,14,14,0,14,0,11,14,14,14,14,8,8,14,14,8,14,14,8,13,11,14,3,14,14,14,14,10,14,14,0,0,0,0,-1,
1,5,28,0.0504675,1,5,35,0.0504675,2,0,7,0.0586912,2,0,8,0.0586912,2,0,9,0.0586912,2,0,10,0.0586912,2,0,21,0.0504674,2,0,22,0.0504674,3,3,0,0.0504674,4,5,7,0.0504674,4,7,0,0.0504674,4,7,49,0.0504674,7,0,14,0.0504674,7,0,15,0.0504674,7,0,16,0.0504674,7,0,17,0.0504675,7,0,18,0.0504674,7,0,28,0.0586912,7,0,29,0.0504674,
h5g6 (capture)
WHITE
14,14,2,14,14,14,14,11,14,3,5,0,14,14,0,14,14,8,0,14,14,14,14,3,14,14,8,14,14,14,14,0,8,4,14,14,8,14,14,1,14,14,14,14,14,14,4,10,14,14,13,14,14,14,14,14,14,14,14,14,14,14,14,14,0,0,0,0,-1,
1,1,0,0.330653,1,2,35,0.338693,4,1,29,0.330653,
g7g6 (capture)
BLACK
14,14,14,14,14,14,14,14,14,14,14,14,14,5,14,14,2,12,14,14,14,14,14,14,9,14,14,0,14,14,12,0,8,14,14,14,14,0,14,14,11,14,14,14,14,8,11,14,14,8,14,14,8,13,14,14,3,14,14,14,14,10,14,14,0,0,0,0,-1,
1,5,28,0.0577264,1,5,35,0.0577265,2,0,7,0.0577265,2,0,8,0.0577265,2,0,9,0.0577265,2,0,10,0.0577265,2,0,21,0.0577265,2,0,22,0.0499112,3,3,0,0.0577264,3,7,0,0.0499112,4,5,7,0.0499112,7,0,14,0.0499112,7,0,15,0.0577264,7,0,16,0.0577264,7,0,17,0.0577264,7,0,18,0.0499112,7,0,28,0.0577265,7,0,29,0.0577265,
f2e1
WHITE
14,14,2,14,14,14,14,11,14,14,5,0,14,14,0,14,14,3,0,14,14,14,14,3,14,14,8,14,14,14,14,0,8,4,14,14,8,14,14,1,14,14,14,14,14,14,4,10,14,14,14,14,14,14,14,14,14,14,14,13,14,14,14,14,0,0,0,0,-1,
0,2,49,0.0163942,0,2,50,0.0249873,1,2,35,0.0163942,1,2,42,0.0163942,1,3,0,0.0163942,1,3,1,0.0163942,1,6,0,0.0163942,1,6,1,0.0163942,2,1,0,0.0163942,2,1,28,0.0163942,2,1,29,0.0163942,2,1,42,0.0249873,2,7,28,0.0163941,2,7,29,0.0163942,2,7,42,0.0163942,2,7,43,0.0163942,2,7,44,0.0163942,2,7,45,0.0163942,4,1,0,0.0163942,4,1,1,0.0163942,4,1,2,0.036584,4,1,7,0.0163942,4,1,8,0.0163942,4,1,9,0.0163942,4,1,14,0.0163942,4,1,15,0.0163942,4,1,16,0.0249873,4,1,21,0.0249873,4,1,28,0.0163941,4,1,35,0.0163942,4,1,42,0.0163942,4,1,49,0.0249873,4,7,58,0.0163942,4,7,59,0.0249873,4,7,60,0.0163942,4,7,61,0.0163942,5,6,0,0.0163941,5,6,1,0.0163942,5,6,7,0.0163941,5,6,14,0.0249873,5,6,28,0.0163942,5,6,29,0.0163942,5,6,30,0.0163942,5,6,35,0.0249873,5,6,36,0.0163942,5,6,37,0.0163942,5,6,42,0.0163941,5,6,43,0.0163942,5,6,44,0.0249873,5,6,45,0.0163942,5,6,46,0.0163941,5,6,47,0.0163942,5,6,49,0.0249873,5,6,50,0.0249873,
g6h6
BLACK
14,14,14,14,5,14,14,14,14,14,14,14,14,14,14,14,2,12,14,14,14,14,14,14,9,14,14,0,14,14,12,0,8,14,14,14,14,0,14,14,11,14,14,14,14,8,14,11,14,8,14,14,8,13,14,14,3,14,14,14,14,10,14,14,0,0,0,0,-1,
0,4,7,0.0577264,0,4,14,0.0499112,0,4,49,0.0577264,2,0,7,0.0577265,2,0,8,0.0577265,2,0,9,0.0577265,2,0,10,0.0577265,2,0,21,0.0577265,2,0,22,0.0499112,3,3,0,0.0577264,3,7,0,0.0499112,7,0,14,0.0499112,7,0,15,0.0577265,7,0,16,0.0577264,7,0,17,0.0577264,7,0,18,0.0499112,7,0,28,0.0577265,7,0,29,0.0577265,
a8c8
WHITE
14,14,2,14,14,11,14,14,14,14,5,0,14,14,0,14,3,14,0,14,14,14,14,3,14,14,8,14,14,14,14,0,8,4,14,14,8,14,14,1,14,14,14,14,14,14,4,10,14,14,14,14,14,14,14,14,14,14,14,13,14,14,14,14,0,0,0,0,-1,
0,2,49,0.0193274,1,2,35,0.0193274,1,2,42,0.0193273,1,3,0,0.0120659,1,3,1,0.0120659,1,6,0,0.0120659,1,6,1,0.0193274,2,0,0,0.0193274,2,0,1,0.0193274,2,0,14,0.0193274,2,0,28,0.0193273,2,0,29,0.0193274,2,7,28,0.0193274,2,7,29,0.0193274,2,7,42,0.0120659,2,7,43,0.0193274,2,7,44,0.0193273,2,7,45,0.0193273,4,1,0,0.0120659,4,1,1,0.0193274,4,1,2,0.0193273,4,1,7,0.0193273,4,1,8,0.0193273,4,1,9,0.0193273,4,1,14,0.0120659,4,1,15,0.0193274,4,1,16,0.0193274,4,1,21,0.0193274,4,1,28,0.0120659,4,1,29,0.0120659,4,1,30,0.0193273,4,1,31,0.0120659,4,1,35,0.0120659,4,1,42,0.0193273,4,1,49,0.0193274,4,7,58,0.012066,4,7,59,0.0193274,4,7,60,0.0193274,4,7,61,0.0120659,5,6,0,0.0193274,5,6,1,0.0193274,5,6,7,0.0193273,5,6,14,0.0193274,5,6,28,0.0193273,5,6,29,0.012066,5,6,30,0.0193273,5,6,35,0.0193274,5,6,36,0.0193274,5,6,37,0.0193273,5,6,42,0.0193273,5,6,43,0.0193274,5,6,44,0.0193274,5,6,45,0.0193274,5,6,46,0.0193273,5,6,47,0.012066,5,6,49,0.0193274,5,6,50,0.0193273,
a6c6
BLACK
14,14,14,14,5,14,14,14,14,14,14,14,14,14,14,14,2,12,14,14,14,14,14,14,9,14,14,0,14,14,12,0,8,14,14,14,14,0,14,14,14,14,11,14,14,8,14,11,14,8,14,14,8,13,14,14,14,14,3,14,14,10,14,14,0,0,0,0,-1,
0,4,7,0.0577265,0,4,14,0.0499112,0,4,49,0.0577265,2,0,7,0.0577265,2,0,8,0.0577265,2,0,9,0.0577265,2,0,10,0.0577265,2,0,21,0.0499112,2,0,22,0.0499112,3,3,0,0.0577264,3,7,0,0.0499112,7,2,14,0.0577265,7,2,15,0.0499112,7,2,16,0.0577264,7,2,28,0.0577264,7,2,29,0.0577264,7,2,42,0.0577265,7,2,43,0.0577264,
c8c7
WHITE
14,14,2,14,14,14,14,14,14,14,5,0,14,11,0,14,3,14,0,14,14,3,14,14,14,14,8,14,14,14,14,0,8,4,14,14,8,14,14,1,14,14,14,14,14,14,4,10,14,14,14,14,14,14,14,14,14,14,14,13,14,14,14,14,0,0,0,0,-1,
0,2,49,0.0139989,1,2,21,0.0139989,1,2,35,0.0224235,1,2,42,0.0139989,1,6,0,0.0139989,1,6,1,0.0139989,2,0,0,0.0139989,2,0,1,0.0139989,2,0,14,0.0139989,2,0,28,0.0139989,2,0,29,0.0224235,2,5,0,0.0224235,2,5,1,0.0139989,2,5,2,0.0224235,2,5,3,0.0139989,2,5,4,0.0139989,2,5,14,0.0139989,2,5,15,0.0139989,2,5,28,0.0224235,2,5,42,0.0139989,2,5,43,0.0224235,4,1,0,0.0139989,4,1,1,0.0224235,4,1,2,0.0139989,4,1,7,0.0139989,4,1,8,0.0139989,4,1,9,0.0139989,4,1,14,0.0139989,4,1,15,0.0224235,4,1,16,0.0224235,4,1,21,0.0224235,4,1,28,0.0139989,4,1,29,0.0139989,4,1,30,0.0139988,4,1,31,0.0139988,4,1,35,0.0139989,4,1,42,0.0139989,4,1,49,0.0224235,4,7,58,0.0139989,4,7,59,0.0224235,4,7,60,0.0224235,4,7,61,0.0139989,5,6,0,0.0139989,5,6,1,0.0224235,5,6,7,0.0139989,5,6,14,0.0224235,5,6,28,0.0139989,5,6,29,0.0139989,5,6,30,0.0139989,5,6,35,0.0224235,5,6,36,0.0139989,5,6,37,0.0224235,5,6,42,0.0139989,5,6,43,0.0139989,5,6,44,0.0224235,5,6,45,0.0139989,5,6,46,0.0139989,5,6,47,0.0139989,5,6,49,0.0224235,5,6,50,0.0139988,
a4b6
BLACK
14,14,14,14,5,14,14,14,14,14,14,14,14,14,14,14,2,12,14,14,14,14,14,14,14,14,14,0,14,14,12,0,8,14,14,14,14,0,14,14,14,9,11,14,14,8,14,11,14,8,3,14,8,13,14,14,14,14,14,14,14,10,14,14,0,0,0,0,-1,
0,4,7,0.0609524,0,4,14,0.0609524,0,4,49,0.0609525,2,0,7,0.0692061,2,0,8,0.0609525,2,0,9,0.0692061,2,0,10,0.0692061,2,0,21,0.0609524,2,0,22,0.0609524,3,3,0,0.0609525,3,7,0,0.0609524,6,2,0,0.0609525,6,2,14,0.0609525,6,2,15,0.0609524,6,2,28,0.0609524,6,2,42,0.0609524,
a3d6
WHITE
14,14,2,14,14,14,14,14,14,14,5,0,14,11,0,14,3,14,0,14,10,3,1,14,14,14,8,14,14,14,14,0,8,4,14,14,8,14,14,14,14,14,14,14,14,14,4,14,14,14,14,14,14,14,14,14,14,14,14,13,14,14,14,14,0,0,0,0,-1,
0,2,49,0.0126481,1,2,21,0.0202598,1,2,35,0.0202598,1,2,42,0.0126481,2,0,0,0.0126481,2,0,1,0.0202598,2,0,14,0.0202598,2,0,28,0.0126481,2,0,29,0.0202598,2,5,0,0.0202598,2,5,1,0.012648,2,5,2,0.0202598,2,5,3,0.0202598,2,5,4,0.0202598,2,5,28,0.0202598,2,5,42,0.0126481,2,6,57,0.0202598,2,6,58,0.0202598,2,6,59,0.0202599,2,6,60,0.0126481,2,6,61,0.0202598,2,6,62,0.0202598,3,7,0,0.0126481,4,1,0,0.012648,4,1,1,0.0202598,4,1,2,0.0202599,4,1,7,0.0202598,4,1,8,0.012648,4,1,9,0.0126481,4,1,14,0.0126481,4,1,15,0.0202598,4,1,16,0.0202598,4,1,21,0.0202598,4,1,28,0.0126481,4,1,29,0.0126481,4,1,30,0.0126481,4,1,31,0.0126481,4,1,35,0.012648,4,1,42,0.0126482,4,1,49,0.0202598,5,6,0,0.0202598,5,6,1,0.0202598,5,6,7,0.0202598,5,6,14,0.0202598,5,6,21,0.0126481,5,6,28,0.0202598,5,6,29,0.0126481,5,6,35,0.0202598,5,6,36,0.0202599,5,6,37,0.0202599,5,6,42,0.0202598,5,6,43,0.012648,5,6,44,0.0202598,5,6,45,0.0126481,5,6,46,0.0202598,5,6,47,0.0126481,5,6,49,0.0202598,5,6,50,0.0202598,
b3c2
BLACK
14,14,14,14,5,14,14,14,14,14,12,14,14,14,14,14,14,14,14,14,14,14,14,14,14,14,14,0,14,14,12,0,8,14,14,14,14,0,14,14,14,9,11,2,14,8,14,11,14,8,3,14,8,13,14,14,14,14,14,14,14,10,14,14,0,0,0,0,-1,
0,4,14,0.0688776,3,3,0,0.0688776,3,7,0,0.0532063,5,3,7,0.0532063,5,3,21,0.0606632,5,3,22,0.0532064,5,3,23,0.0606631,5,3,24,0.0688776,5,3,35,0.0606631,5,3,36,0.0606632,5,3,37,0.0606632,6,2,0,0.0606632,6,2,14,0.0606631,6,2,15,0.0877796,6,2,28,0.0606631,6,2,42,0.0606632,
h4h5
WHITE
14,14,2,14,14,14,14,14,14,14,5,0,14,11,0,14,3,14,0,14,10,3,1,14,8,14,8,14,14,14,14,0,14,4,14,14,8,14,14,14,14,14,14,14,14,14,14,14,14,14,14,14,14,4,14,14,14,14,14,13,14,14,14,14,0,0,0,0,-1,
0,2,49,0.00839669,1,2,21,0.0134499,1,2,35,0.0134498,1,2,42,0.0134499,2,0,0,0.00839669,2,0,14,0.0134499,2,0,28,0.00839669,2,0,29,0.0134499,2,5,0,0.0134499,2,5,1,0.0134499,2,5,2,0.0134499,2,5,28,0.0134499,2,5,42,0.00839669,2,6,57,0.0134499,2,6,58,0.0134499,2,6,59,0.0134499,2,6,60,0.0134499,2,6,61,0.0134499,2,6,62,0.0134499,3,7,0,0.00839669,4,1,0,0.00839669,4,1,1,0.0134499,4,1,2,0.10378,4,1,7,0.0134499,4,1,8,0.10378,4,1,9,0.10378,4,1,14,0.00839663,4,1,15,0.0134499,4,1,16,0.0134499,4,1,21,0.0134499,4,1,28,0.00839674,4,1,29,0.00839669,4,1,30,0.00839669,4,1,31,0.00839669,4,1,35,0.00839669,4,1,42,0.0134499,4,1,49,0.0134499,6,5,0,0.0134498,6,5,7,0.00839669,6,5,14,0.0134499,6,5,15,0.00839669,6,5,21,0.0134499,6,5,22,0.00839674,6,5,28,0.00839669,6,5,29,0.0134499,6,5,30,0.00839669,6,5,35,0.0134498,6,5,36,0.0134499,6,5,37,0.0134499,6,5,42,0.0134499,6,5,43,0.10378,6,5,44,0.0134499,6,5,45,0.00839669,6,5,46,0.00839674,6,5,49,0.00839669,
g4d1
BLACK
-1 WINNER!
