3,1,2,4,5,2,1,3,0,0,0,0,0,0,0,0,14,14,14,14,14,14,14,14,14,14,14,14,14,14,14,14,14,14,14,14,14,14,14,14,14,14,14,14,14,14,14,14,8,8,8,8,8,8,8,8,11,9,10,12,13,10,9,11,1,1,1,1,-1,
0,1,57,0.0501002,0,1,58,0.0501002,0,6,57,0.0501002,0,6,58,0.0501002,1,0,0,0.0501002,1,0,1,0.0501002,1,1,0,0.0501002,1,1,1,0.0501002,1,2,0,0.0501002,1,2,1,0.0501002,1,3,0,0.0501002,1,3,1,0.0501002,1,4,0,0.0480961,1,4,1,0.0501002,1,5,0,0.0501002,1,5,1,0.0501002,1,6,0,0.0501002,1,6,1,0.0501002,1,7,0,0.0501002,1,7,1,0.0501002,
g1h3
WHITE
3,1,2,5,4,2,1,3,0,0,0,0,0,0,0,0,14,14,14,14,14,14,14,14,14,14,14,14,14,14,14,14,14,14,14,14,14,14,14,14,9,14,14,14,14,14,14,14,8,8,8,8,8,8,8,8,11,14,10,13,12,10,9,11,1,1,1,1,-1,
0,1,57,0.0501002,0,1,58,0.0501002,0,6,57,0.0501002,0,6,58,0.0501002,1,0,0,0.0501002,1,0,1,0.0501002,1,1,0,0.0501002,1,1,1,0.0501002,1,2,0,0.0501002,1,2,1,0.0501002,1,3,0,0.0501002,1,3,1,0.0501002,1,4,0,0.0480961,1,4,1,0.0501002,1,5,0,0.0501002,1,5,1,0.0501002,1,6,0,0.0501002,1,6,1,0.0501002,1,7,0,0.0501002,1,7,1,0.0501002,
c7c6
BLACK
3,1,2,4,5,2,14,3,0,0,0,0,0,0,0,0,14,14,14,14,14,14,14,1,14,14,14,14,14,14,14,14,14,14,14,14,14,14,14,14,14,14,8,14,14,14,14,14,8,8,14,8,8,8,8,8,11,9,10,12,13,10,9,11,1,1,1,1,-1,
0,1,57,0.0501002,0,1,58,0.0501002,0,7,42,0.0501002,1,0,0,0.0501002,1,0,1,0.0501002,1,1,0,0.0501002,1,1,1,0.0501002,1,2,0,0.0501002,1,2,1,0.0501002,1,3,0,0.0501002,1,3,1,0.0501002,1,4,0,0.0480961,1,4,1,0.0501002,1,5,0,0.0501002,1,5,1,0.0501002,1,6,0,0.0501002,1,6,1,0.0501002,2,7,58,0.0501002,2,7,59,0.0501002,2,7,61,0.0501002,
a2a3
WHITE
3,1,2,5,4,2,1,3,0,0,0,0,0,14,0,0,14,14,14,14,14,0,14,14,14,14,14,14,14,14,14,14,14,14,14,14,14,14,14,14,9,14,14,14,14,14,14,8,8,8,8,8,8,8,8,14,11,14,10,13,12,10,9,11,1,1,1,1,-1,
0,1,57,0.0480962,0,1,58,0.0480962,0,4,7,0.0480962,0,4,8,0.0480962,0,4,9,0.0460922,0,6,57,0.0480962,1,0,0,0.0480962,1,0,1,0.0480962,1,1,0,0.0460922,1,1,1,0.0460922,1,2,0,0.0480962,1,2,1,0.0480962,1,3,0,0.0480962,1,3,1,0.0480962,1,4,0,0.0460922,1,4,1,0.0480962,1,6,0,0.0480962,1,6,1,0.0480962,1,7,0,0.0480962,1,7,1,0.0480962,2,5,0,0.0460922,
b8a6
BLACK
3,1,2,4,5,2,14,3,14,0,0,0,0,0,0,0,0,14,14,14,14,14,14,1,14,14,14,14,14,14,14,14,14,14,14,14,14,14,14,14,9,14,8,14,14,14,14,14,8,8,14,8,8,8,8,8,11,14,10,12,13,10,9,11,1,1,1,1,-1,
0,0,0,0.0541082,0,1,57,0.0521042,0,7,42,0.0521042,1,1,0,0.0521042,1,1,1,0.0521042,1,2,0,0.0521042,1,2,1,0.0521042,1,3,0,0.0521042,1,3,1,0.0521042,1,4,0,0.0521042,1,4,1,0.0521042,1,5,0,0.0541082,1,5,1,0.0521042,1,6,0,0.0521042,1,6,1,0.0541082,2,0,0,0.0521042,2,7,58,0.0541082,2,7,59,0.0541082,2,7,61,0.0521042,
g2g4
WHITE
3,1,2,5,4,2,14,3,0,0,0,0,0,14,0,0,14,14,14,14,14,0,14,1,14,14,14,14,14,14,14,14,14,8,14,14,14,14,14,14,9,14,14,14,14,14,14,8,8,14,8,8,8,8,8,14,11,14,10,13,12,10,9,11,1,1,1,1,41,
0,1,57,0.0440882,0,1,58,0.0420842,0,4,7,0.0440882,0,4,8,0.0440882,0,4,9,0.0420842,0,7,42,0.0440882,1,0,0,0.0440882,1,0,1,0.0440882,1,1,0,0.0420842,1,1,1,0.0420842,1,2,0,0.0440882,1,2,1,0.0440882,1,3,0,0.0440882,1,3,1,0.0440882,1,4,0,0.0420842,1,4,1,0.0440882,1,6,0,0.0440882,1,6,1,0.0440882,2,5,0,0.0420842,2,7,58,0.0440882,2,7,59,0.0440882,2,7,60,0.0440882,2,7,61,0.0420842,
e7e6
BLACK
3,1,2,4,5,2,14,3,14,0,0,0,0,0,14,0,0,14,14,14,14,14,14,1,14,14,14,14,14,14,0,14,14,14,14,14,14,14,14,14,9,14,8,14,8,14,14,14,8,8,14,8,14,8,8,8,11,14,10,12,13,10,9,11,1,1,1,1,-1,
0,0,0,0.0541082,0,1,57,0.0521042,0,5,7,0.0521042,0,7,42,0.0521042,1,1,0,0.0521042,1,1,1,0.0521042,1,2,0,0.0521042,1,2,1,0.0521042,1,3,0,0.0521042,1,3,1,0.0521042,1,4,0,0.0521042,1,4,1,0.0541082,1,5,0,0.0541082,1,5,1,0.0521042,2,0,0,0.0521042,2,7,58,0.0541082,2,7,59,0.0541082,2,7,61,0.0521042,3,6,0,0.0521042,
b2b3
WHITE
3,1,2,5,4,2,14,3,0,0,0,14,0,14,0,0,14,14,14,0,14,0,14,1,14,14,14,14,14,14,14,14,14,8,14,14,14,14,14,14,9,14,14,14,14,14,8,8,8,14,8,8,8,8,14,14,11,14,10,13,12,10,9,11,1,1,1,1,-1,
0,1,56,0.0300601,0,1,57,0.0300601,0,1,58,0.0300601,0,2,7,0.0300601,0,2,8,0.0300601,0,2,9,0.0320641,0,2,10,0.0300601,0,2,11,0.0300601,0,3,0,0.0300601,0,4,7,0.0300601,0,4,8,0.0300601,0,4,9,0.0300601,0,4,49,0.0300601,0,4,50,0.0300601,0,4,51,0.0300601,0,4,52,0.0300601,0,7,42,0.0300601,1,0,0,0.0300601,1,0,1,0.0300601,1,1,0,0.0300601,1,1,1,0.0300601,1,2,0,0.0300601,1,2,1,0.0300601,1,4,0,0.0300601,1,4,1,0.0300601,1,6,0,0.0300601,1,6,1,0.0320642,2,3,0,0.0300601,2,5,0,0.0300601,2,7,58,0.0320641,2,7,59,0.0300601,2,7,60,0.0320641,2,7,61,0.0300601,
c6c5
BLACK
3,1,2,4,5,2,14,3,14,14,0,0,0,0,14,0,0,0,14,14,14,14,14,1,14,14,14,14,14,14,0,14,14,14,8,14,14,14,14,14,9,14,14,14,8,14,14,14,8,8,14,8,14,8,8,8,11,14,10,12,13,10,9,11,1,1,1,1,-1,
0,0,0,0.0541082,0,1,57,0.0521042,0,2,49,0.0521042,0,5,7,0.0521042,0,7,42,0.0521042,1,2,0,0.0521042,1,2,1,0.0521042,1,3,0,0.0521042,1,3,1,0.0521042,1,4,0,0.0521042,1,4,1,0.0541082,1,5,0,0.0541082,1,5,1,0.0521042,2,0,0,0.0521042,2,1,0,0.0521042,2,7,58,0.0541082,2,7,59,0.0541082,2,7,61,0.0521042,3,6,0,0.0521042,
a1a2
WHITE
3,1,2,5,4,2,14,3,0,0,0,14,0,14,0,0,14,14,14,0,14,14,14,1,14,14,14,14,14,0,14,14,14,8,14,14,14,14,14,14,9,14,14,14,14,14,8,8,8,14,8,8,8,8,14,11,11,14,10,13,12,10,9,14,1,1,1,0,-1,
0,1,56,0.0360722,0,1,57,0.0340682,0,1,58,0.0340682,0,2,7,0.0340681,0,2,8,0.0340682,0,3,0,0.0340681,0,4,7,0.0340682,0,4,8,0.0360721,0,4,9,0.0340681,0,4,49,0.0340682,0,4,50,0.0340682,0,4,51,0.0340681,0,4,52,0.0340681,0,7,42,0.0340681,1,0,0,0.0360721,1,0,1,0.0340682,1,1,0,0.0340681,1,1,1,0.0340681,1,2,0,0.0340682,1,2,1,0.0340681,1,4,0,0.0340681,1,4,1,0.0340681,1,6,0,0.0340681,1,6,1,0.0360721,2,3,0,0.0340681,2,7,58,0.0360722,2,7,60,0.0360722,2,7,61,0.0340682,3,5,0,0.0340681,
a6b8
BLACK
14,1,2,4,5,2,14,3,3,14,0,0,0,0,14,0,0,0,14,14,14,14,14,1,14,14,14,14,14,14,0,14,14,14,8,14,14,14,14,14,14,14,14,14,8,14,14,14,8,8,14,8,14,8,8,8,11,9,10,12,13,10,9,11,1,0,1,1,-1,
0,1,57,0.0501002,0,2,49,0.0501002,0,5,7,0.0501002,0,7,42,0.0501002,1,0,14,0.0501002,1,0,28,0.0501002,1,2,0,0.0501002,1,2,1,0.0501002,1,3,0,0.0501002,1,3,1,0.0501002,1,4,0,0.0480961,1,4,1,0.0501002,1,5,0,0.0501002,1,5,1,0.0501002,2,0,0,0.0501002,2,1,0,0.0501002,2,7,58,0.0501002,2,7,59,0.0501002,2,7,61,0.0501002,3,6,0,0.0501002,
h1g1
WHITE
3,1,2,5,4,2,1,3,0,0,0,14,0,14,0,0,14,14,14,0,14,14,14,14,14,14,14,14,14,0,14,14,14,8,14,14,14,14,14,14,9,14,14,14,14,14,8,8,8,14,8,8,8,8,14,11,14,11,10,13,12,10,9,14,1,1,0,0,-1,
0,1,56,0.0360722,0,1,57,0.0340682,0,1,58,0.0340681,0,2,7,0.0340681,0,2,8,0.0360721,0,3,0,0.0340682,0,4,7,0.0340682,0,4,8,0.0360722,0,4,9,0.0340681,0,4,49,0.0340681,0,4,50,0.0340682,0,4,51,0.0340682,0,4,52,0.0340682,0,6,57,0.0340681,0,6,58,0.0340681,1,0,0,0.0360721,1,0,1,0.0360721,1,1,0,0.0340681,1,1,1,0.0340682,1,2,0,0.0340681,1,2,1,0.0340682,1,4,0,0.0340681,1,4,1,0.0340681,1,6,0,0.0340682,1,6,1,0.0360722,1,7,0,0.0340681,1,7,1,0.0340681,2,3,0,0.0340681,3,5,0,0.0340681,
h7h5
BLACK
14,1,2,4,5,2,3,14,3,14,0,0,0,0,14,0,0,0,14,14,14,14,14,1,14,14,14,14,14,14,0,14,14,14,8,14,14,14,14,8,14,14,14,14,8,14,14,14,8,8,14,8,14,8,8,14,11,9,10,12,13,10,9,11,0,0,1,1,47,
0,1,57,0.0460922,0,2,49,0.0460922,0,5,7,0.0460922,0,6,0,0.0440882,0,6,1,0.0460922,0,6,14,0.0440882,1,0,14,0.0460922,1,0,28,0.0460922,1,2,0,0.0460922,1,2,1,0.0440882,1,3,0,0.0460922,1,3,1,0.0440882,1,4,0,0.0440881,1,4,1,0.0460922,1,5,0,0.0460922,1,5,1,0.0440882,2,0,0,0.0460922,2,1,0,0.0460922,2,7,58,0.0460922,2,7,59,0.0460922,3,6,0,0.0440882,3,6,7,0.0460922,
a2b2
WHITE
3,1,2,5,4,2,1,3,14,0,0,14,0,14,0,0,14,14,14,0,14,14,14,14,0,14,14,14,14,0,14,14,14,8,14,14,14,14,14,14,9,14,14,14,14,14,8,8,8,14,8,8,8,8,11,14,14,11,10,13,12,10,9,14,1,1,0,0,-1,
0,0,0,0.0320641,0,0,1,0.0340681,0,1,56,0.0340681,0,1,57,0.0320641,0,1,58,0.0320641,0,2,7,0.0320641,0,2,8,0.0320641,0,3,0,0.0320641,0,4,7,0.0320641,0,4,8,0.0320641,0,4,9,0.0320641,0,4,49,0.0320641,0,4,50,0.0320641,0,4,51,0.0320641,0,4,52,0.0320641,0,6,57,0.0320641,0,6,58,0.0320641,1,1,0,0.0320641,1,1,1,0.0320641,1,2,0,0.0320641,1,2,1,0.0320641,1,4,0,0.0320641,1,4,1,0.0320641,1,6,0,0.0320641,1,6,1,0.0340681,1,7,0,0.0320641,1,7,1,0.0320641,2,3,0,0.0320641,3,0,0,0.0320641,3,0,7,0.0320641,3,5,0,0.0320641,
d8h4
BLACK
14,1,2,4,5,2,3,14,14,3,0,0,0,0,14,0,0,0,14,14,14,14,14,1,14,14,14,14,14,14,0,12,14,14,8,14,14,14,14,8,14,14,14,14,8,14,14,14,8,8,14,8,14,8,8,14,11,9,10,14,13,10,9,11,0,0,1,1,-1,
0,1,57,0.0561122,0,5,7,0.0561122,0,6,0,0.0541082,0,6,1,0.0561122,0,6,14,0.0541082,1,1,42,0.0561122,1,2,0,0.0561122,1,2,1,0.0561122,1,3,0,0.0561122,1,3,1,0.0541083,1,4,0,0.0541083,1,4,1,0.0561122,2,0,0,0.0561122,2,1,0,0.0561122,2,7,58,0.0561122,2,7,59,0.0561122,3,6,0,0.0541083,3,6,7,0.0561122,
b3b4
WHITE
3,1,2,5,14,2,1,3,14,0,0,14,0,14,0,0,14,14,14,0,14,14,14,14,0,14,14,14,14,0,14,14,4,8,14,14,14,14,8,14,9,14,14,14,14,14,14,8,8,14,8,8,8,8,11,14,14,11,10,13,12,10,9,14,1,1,0,0,-1,
0,0,0,0.0300601,0,0,1,0.0320641,0,1,56,0.0320641,0,1,57,0.0300601,0,1,58,0.0300601,0,2,7,0.0300601,0,2,8,0.0300601,0,3,0,0.0300601,0,3,14,0.0300601,0,6,57,0.0300601,0,6,58,0.0300601,1,1,0,0.0300601,1,1,1,0.0300601,1,2,0,0.0300601,1,2,1,0.0300601,1,4,0,0.0300601,1,4,1,0.0300601,1,6,0,0.0300601,1,6,1,0.0320641,1,7,0,0.0300601,1,7,1,0.0300601,2,3,0,0.0300601,3,0,7,0.0320642,3,5,0,0.0300601,3,5,7,0.0300601,4,0,0,0.0300601,4,0,7,0.0300601,4,0,8,0.0300601,4,0,14,0.0300601,4,0,21,0.0300601,4,0,22,0.0300601,4,0,23,0.0300601,4,0,24,0.0300601,
c5c4
BLACK
14,1,2,4,5,2,3,14,14,3,0,0,0,0,14,0,0,14,14,14,14,14,14,1,14,0,8,14,14,14,0,12,14,14,14,14,14,14,14,8,14,14,14,14,8,14,14,14,8,8,14,8,14,8,8,14,11,9,10,14,13,10,9,11,0,0,1,1,-1,
0,1,57,0.0561122,0,5,7,0.0561122,0,6,0,0.0541083,0,6,1,0.0561122,0,6,14,0.0541083,1,1,0,0.0541082,1,1,42,0.0561122,1,2,0,0.0561122,1,3,0,0.0561122,1,3,1,0.0561122,1,4,0,0.0541083,1,4,1,0.0561122,2,0,0,0.0561122,2,7,58,0.0561122,2,7,59,0.0561122,3,1,0,0.0561122,3,6,0,0.0541082,3,6,7,0.0561122,
g1g2
WHITE
3,1,2,5,14,2,1,3,14,0,0,14,0,14,0,0,14,14,14,0,14,14,14,14,0,14,14,14,14,14,14,14,4,8,14,14,14,0,8,14,9,14,14,14,14,14,14,8,8,11,8,8,8,8,11,14,14,14,10,13,12,10,9,14,1,1,0,0,-1,
0,0,0,0.0300601,0,0,1,0.0300601,0,1,56,0.0300601,0,1,57,0.0300601,0,1,58,0.0280561,0,2,7,0.0280561,0,2,8,0.0300601,0,2,9,0.0300601,0,2,10,0.0300601,0,3,0,0.0280561,0,3,14,0.0300601,0,6,57,0.0300601,0,6,58,0.0280561,1,1,0,0.0280561,1,1,1,0.0280561,1,2,0,0.0300601,1,2,1,0.0300601,1,4,0,0.0280561,1,4,1,0.0300601,1,6,0,0.0300601,1,6,1,0.0300601,1,7,0,0.0280561,1,7,1,0.0280561,2,3,0,0.0300601,3,0,7,0.0300601,4,0,0,0.0300601,4,0,7,0.0280561,4,0,8,0.0300601,4,0,14,0.0300601,4,0,21,0.0300601,4,0,22,0.0280561,4,0,23,0.0300601,4,0,24,0.0300601,4,5,0,0.0300601,
d7d6
BLACK
14,1,2,4,5,2,14,14,14,3,0,0,0,0,3,0,0,14,14,14,14,14,14,1,14,0,8,14,14,14,0,12,14,14,14,14,14,14,14,8,14,14,14,8,8,14,14,14,8,8,14,14,14,8,8,14,11,9,10,14,13,10,9,11,0,0,1,1,-1,
0,1,57,0.0581163,1,1,0,0.0581163,1,1,42,0.0601202,1,2,0,0.0581163,1,3,0,0.0581163,1,3,1,0.0581162,1,4,0,0.0581162,1,4,1,0.0581162,1,6,0,0.0581163,1,6,28,0.0601202,2,0,0,0.0581162,2,7,58,0.0601202,2,7,59,0.0601202,2,7,61,0.0581163,3,1,0,0.0601202,3,6,0,0.0581163,3,6,7,0.0601202,
d2d3
WHITE
3,1,2,5,14,2,1,3,14,0,0,14,14,14,0,0,14,14,14,0,0,14,14,14,0,14,14,14,14,14,14,14,4,8,14,14,14,0,8,14,9,14,14,14,8,14,14,8,8,11,8,8,14,8,11,14,14,14,10,13,12,10,9,14,1,1,0,0,-1,
0,0,0,0.0300601,0,0,1,0.0300601,0,1,56,0.0300601,0,1,57,0.0300601,0,1,58,0.0280561,0,2,7,0.0280561,0,3,0,0.0280561,0,3,7,0.0280561,0,3,14,0.0300601,0,5,49,0.0300601,0,6,57,0.0300601,0,6,58,0.0280561,0,6,59,0.0300601,1,1,0,0.0280561,1,1,1,0.0280561,1,2,0,0.0300601,1,2,1,0.0300601,1,6,0,0.0300601,1,6,1,0.0300601,1,7,0,0.0280561,1,7,1,0.0280561,2,3,0,0.0300601,2,4,0,0.0300601,3,0,7,0.0300601,4,0,0,0.0300601,4,0,7,0.0280561,4,0,8,0.0300601,4,0,14,0.0300601,4,0,21,0.0300601,4,0,22,0.0280561,4,0,23,0.0300601,4,0,24,0.0300601,4,5,0,0.0300601,4,5,49,0.0300601,
b8a6
BLACK
14,1,2,4,5,2,14,14,14,3,0,14,0,0,3,0,0,14,14,0,14,14,14,1,14,0,8,14,14,14,0,12,14,14,14,14,14,14,14,8,9,14,14,8,8,14,14,14,8,8,14,14,14,8,8,14,11,14,10,14,13,10,9,11,0,0,1,1,-1,
0,1,56,0.0400801,0,1,57,0.0400801,0,2,7,0.0400802,0,2,8,0.0400801,0,2,9,0.0400802,0,2,10,0.0400802,0,2,11,0.0400802,0,3,0,0.0400801,0,4,49,0.0400801,1,1,0,0.0400801,1,1,42,0.0400802,1,2,0,0.0400802,1,4,0,0.0380762,1,4,1,0.0400802,1,6,0,0.0400802,1,6,28,0.0400802,2,0,0,0.0400801,2,3,0,0.0400802,2,3,49,0.0400801,2,7,58,0.0400802,2,7,59,0.0400802,2,7,61,0.0400802,3,1,0,0.0400802,3,6,0,0.0400802,3,6,7,0.0400802,
h3g1
WHITE
3,1,2,5,14,2,14,3,14,0,0,14,14,14,0,0,14,14,14,0,0,14,14,1,0,14,14,14,14,14,14,14,4,8,14,14,14,0,8,14,14,14,14,14,8,14,14,8,8,11,8,8,14,8,11,14,14,9,10,13,12,10,9,14,1,1,0,0,-1,
0,0,0,0.0280561,0,0,1,0.0300601,0,1,56,0.0300601,0,1,57,0.0280561,0,1,58,0.0280561,0,2,7,0.0280561,0,3,0,0.0280561,0,3,7,0.0280561,0,3,14,0.0280561,0,5,49,0.0280561,0,7,42,0.0280561,1,1,0,0.0280561,1,1,1,0.0280561,1,2,0,0.0280561,1,2,1,0.0280561,1,6,0,0.0280561,1,6,1,0.0300601,2,3,0,0.0280561,2,4,0,0.0280561,2,7,58,0.0300601,2,7,59,0.0300601,2,7,60,0.0300601,2,7,61,0.0280561,3,0,7,0.0300601,4,0,0,0.0280561,4,0,1,0.0280561,4,0,7,0.0280561,4,0,8,0.0280561,4,0,14,0.0300601,4,0,21,0.0280561,4,0,22,0.0280561,4,0,23,0.0280561,4,0,24,0.0280561,4,5,0,0.0300601,4,5,49,0.0280561,
d6d5
BLACK
14,1,2,4,5,2,1,14,14,3,0,14,0,0,3,0,0,14,14,0,14,14,14,14,14,0,8,14,14,14,0,12,14,14,14,8,14,14,14,8,9,14,14,14,8,14,14,14,8,8,14,14,14,8,8,14,11,14,10,14,13,10,9,11,0,0,1,1,-1,
0,1,56,0.0420842,0,1,57,0.0420842,0,2,7,0.0420842,0,2,8,0.0420841,0,2,9,0.0420842,0,2,10,0.0420842,0,2,11,0.0400801,0,3,0,0.0420842,0,4,49,0.0420842,0,6,57,0.0420842,0,6,58,0.0400802,1,1,0,0.0400802,1,1,42,0.0420842,1,2,0,0.0420842,1,4,0,0.0400802,1,4,1,0.0420842,1,6,0,0.0420842,1,7,0,0.0400802,2,0,0,0.0420842,2,3,0,0.0420842,2,3,49,0.0420842,3,1,0,0.0420842,3,6,0,0.0420842,3,6,7,0.0420842,
b1c3
WHITE
3,1,2,5,14,2,14,3,14,0,0,14,14,14,0,0,14,14,14,0,14,14,14,1,0,14,14,14,0,14,14,14,4,8,14,14,14,0,8,14,14,14,14,14,8,9,14,8,8,11,8,8,14,8,11,14,14,9,10,13,12,10,14,14,1,1,0,0,-1,
0,0,0,0.0280561,0,0,1,0.0280561,0,1,56,0.0280561,0,1,57,0.0260521,0,1,58,0.0260521,0,2,7,0.0260521,0,2,8,0.0280561,0,2,9,0.0280561,0,2,10,0.0260521,0,3,0,0.0260521,0,3,7,0.0260521,0,3,14,0.0260521,0,5,49,0.0280561,0,7,42,0.0280561,1,1,0,0.0260521,1,1,1,0.0260521,1,2,0,0.0260521,1,2,1,0.0260521,1,6,0,0.0260521,1,6,1,0.0280561,2,3,0,0.0260521,2,7,58,0.0280561,2,7,59,0.0280561,2,7,60,0.0280561,2,7,61,0.0260521,3,0,7,0.0280561,3,4,0,0.0280561,4,0,0,0.0280561,4,0,1,0.0260521,4,0,7,0.0260521,4,0,8,0.0280561,4,0,14,0.0280561,4,0,21,0.0260521,4,0,22,0.0260521,4,0,23,0.0280561,4,0,24,0.0280561,4,5,49,0.0260521,
c8d7
BLACK
14,14,2,4,5,2,1,14,14,3,0,14,0,0,3,0,0,14,1,0,14,14,14,14,14,0,8,14,14,14,0,12,14,14,14,8,14,14,14,8,9,14,14,14,8,14,14,14,8,8,14,10,14,8,8,14,11,14,14,14,13,10,9,11,0,0,1,1,-1,
0,2,7,0.0360721,0,2,8,0.0360721,0,2,9,0.0360721,0,2,10,0.0360721,0,2,11,0.0340681,0,3,0,0.0360721,0,4,49,0.0360722,0,6,57,0.0360721,0,6,58,0.0340682,1,1,0,0.0340681,1,1,28,0.0360721,1,1,42,0.0360721,1,4,0,0.0340681,1,4,1,0.0360722,1,6,0,0.0360721,1,7,0,0.0360721,2,0,0,0.0360722,2,2,56,0.0340681,2,2,57,0.0360721,2,2,58,0.0360722,2,2,59,0.0360722,2,2,60,0.0360721,2,2,61,0.0360721,2,3,0,0.0360722,2,3,49,0.0360722,3,1,0,0.0360721,3,6,0,0.0360721,3,6,7,0.0360721,
e1d2
WHITE
3,1,2,5,14,14,14,3,14,0,0,14,2,14,0,0,14,14,14,0,14,14,14,1,0,14,14,14,0,14,14,14,4,8,14,14,14,0,8,14,14,14,14,14,8,9,14,8,8,11,8,8,13,8,11,14,14,9,10,14,12,10,14,14,1,1,0,0,-1,
0,0,0,0.0240481,0,0,1,0.0240481,0,1,56,0.0240481,0,1,57,0.0240481,0,1,58,0.0240481,0,2,7,0.0240481,0,2,8,0.0240481,0,2,9,0.0240481,0,2,10,0.0240481,0,3,0,0.0240481,0,3,14,0.0240481,0,3,15,0.0240481,0,7,42,0.0240481,0,7,43,0.0240481,0,7,44,0.0240481,1,1,0,0.0220441,1,1,1,0.0240481,1,2,0,0.0240481,1,2,1,0.0240481,1,4,7,0.0240481,1,4,8,0.0240481,1,4,9,0.0220441,1,4,21,0.0240481,1,6,0,0.0240481,1,6,1,0.0240481,2,3,0,0.0240481,2,7,58,0.0240481,2,7,59,0.0240481,2,7,60,0.0240481,2,7,61,0.0240481,3,0,7,0.0240481,3,4,0,0.0240481,4,0,0,0.0240481,4,0,1,0.0220441,4,0,7,0.0220441,4,0,8,0.0240481,4,0,14,0.0240481,4,0,21,0.0240481,4,0,22,0.0220441,4,0,23,0.0240481,4,0,24,0.0240481,4,5,49,0.0240481,
e8e7
BLACK
14,14,2,4,14,2,1,14,14,3,0,5,0,0,3,0,0,14,1,0,14,14,14,14,14,0,8,14,14,14,0,12,14,14,14,8,14,14,14,8,9,14,14,14,8,14,14,14,8,8,14,10,13,8,8,14,11,14,14,14,14,10,9,11,0,0,0,0,-1,
0,3,14,0.0380761,0,6,57,0.0380761,0,6,58,0.0380762,1,1,0,0.0380761,1,1,28,0.0380762,1,1,42,0.0400802,1,3,7,0.0380762,1,3,21,0.0380762,1,4,0,0.0380761,1,4,1,0.0380761,1,5,0,0.0400802,1,5,1,0.0380762,1,6,0,0.0380762,1,7,0,0.0380762,2,0,0,0.0380762,2,2,56,0.0380762,2,2,57,0.0400802,2,2,58,0.0380762,2,2,59,0.0380761,2,2,60,0.0380762,2,2,61,0.0380762,2,3,0,0.0380762,2,3,49,0.0380762,3,1,0,0.0400802,3,6,0,0.0380761,3,6,7,0.0400802,
c3a4
WHITE
3,1,2,14,14,14,14,3,14,0,0,5,2,14,0,0,14,14,14,0,14,14,14,1,0,14,14,14,0,14,14,14,4,8,14,14,14,0,8,9,14,14,14,14,8,14,14,8,8,11,8,8,13,8,11,14,14,9,10,14,12,10,14,14,0,0,0,0,-1,
0,0,0,0.0260521,0,0,1,0.0260521,0,1,57,0.0260521,0,1,58,0.0260522,0,7,42,0.0260521,0,7,43,0.0260521,0,7,44,0.0260521,0,7,45,0.0260521,1,1,0,0.0240481,1,1,1,0.0260521,1,2,0,0.0260521,1,2,1,0.0260521,1,3,7,0.0260521,1,3,21,0.0240481,1,3,28,0.0260521,1,3,49,0.0260522,1,4,7,0.0260521,1,4,8,0.0260521,1,4,9,0.0240481,1,4,21,0.0260521,1,4,35,0.0240481,1,6,0,0.0260521,1,6,1,0.0260521,2,3,0,0.0260521,2,7,58,0.0260521,2,7,59,0.0260521,2,7,60,0.0260521,2,7,61,0.0240481,3,0,7,0.0260521,3,4,0,0.0260521,4,0,0,0.0260521,4,0,1,0.0240481,4,0,7,0.0240481,4,0,8,0.0260521,4,0,14,0.0260521,4,0,21,0.0260521,4,0,22,0.024048,4,5,0,0.0260521,4,5,49,0.0260521,
d7b5
BLACK
14,14,2,4,14,2,1,14,14,3,0,5,0,0,3,0,0,14,14,0,14,14,14,14,1,0,8,14,14,14,0,12,14,10,14,8,14,14,14,8,9,14,14,14,8,14,14,14,8,8,14,14,13,8,8,14,11,14,14,14,14,10,9,11,0,0,0,0,-1,
0,3,14,0.0440882,0,6,57,0.0440882,0,6,58,0.0420842,1,1,0,0.0420842,1,1,28,0.0440882,1,1,42,0.0440882,1,2,0,0.0440882,1,3,7,0.0440882,1,3,21,0.0420842,1,3,49,0.0440882,1,4,0,0.0420842,1,4,1,0.0440882,1,5,0,0.0440882,1,5,1,0.0420842,1,6,0,0.0440882,1,7,0,0.0420842,2,3,0,0.0440882,2,3,49,0.0440882,3,0,56,0.0420842,3,0,57,0.0440882,3,0,63,0.0440882,3,6,0,0.0440882,3,6,7,0.0440882,
a4c3
WHITE
3,1,2,14,14,14,14,3,14,0,0,5,14,14,0,0,14,14,14,0,14,14,14,1,0,14,14,14,0,14,2,14,4,8,14,14,14,0,8,14,14,14,14,14,8,9,14,8,8,11,8,8,13,8,11,14,14,9,10,14,12,10,14,14,0,0,0,0,-1,
0,0,0,0.0280561,0,0,1,0.0280561,0,1,57,0.0280561,0,1,58,0.0260521,0,7,42,0.0280561,0,7,43,0.0260521,0,7,44,0.0260521,0,7,45,0.0280561,1,1,0,0.0260521,1,1,1,0.0260521,1,2,0,0.0280561,1,2,1,0.0260521,1,3,7,0.0280561,1,3,14,0.0260521,1,3,21,0.0260521,1,3,28,0.0260521,1,3,49,0.0260521,1,6,0,0.0260521,2,3,0,0.0260521,2,7,58,0.0280561,2,7,59,0.0280561,2,7,60,0.0280561,2,7,61,0.0260521,3,0,7,0.0280561,3,4,0,0.0280561,3,6,7,0.0280561,3,6,35,0.0280561,3,6,36,0.0280561,3,6,37,0.0260521,4,0,0,0.0280561,4,0,1,0.0260521,4,0,7,0.0260521,4,0,8,0.0280561,4,0,14,0.0280561,4,0,21,0.0260521,4,0,22,0.0260521,4,5,49,0.0260521,
e6e5
BLACK
14,14,2,4,14,2,1,14,14,3,0,5,0,0,3,0,0,14,1,0,14,14,14,14,14,0,8,14,14,14,0,12,14,10,14,8,8,14,14,8,9,14,14,14,14,14,14,14,8,8,14,14,13,8,8,14,11,14,14,14,14,10,9,11,0,0,0,0,-1,
0,3,14,0.0400801,0,6,57,0.0400801,0,6,58,0.0400801,1,1,0,0.0400802,1,1,28,0.0400801,1,1,42,0.0400802,1,3,7,0.0400802,1,3,21,0.0400801,1,4,0,0.0380762,1,4,1,0.0400802,1,5,0,0.0400802,1,5,1,0.0400802,1,6,0,0.0400801,1,7,0,0.0400802,2,0,0,0.0400801,2,2,56,0.0400802,2,2,57,0.0400802,2,2,58,0.0400802,2,2,59,0.0400802,2,2,60,0.0400802,2,2,61,0.0400802,2,3,0,0.0400802,2,3,49,0.0400802,3,6,0,0.0400801,3,6,7,0.0400802,
d2e3
WHITE
3,1,2,14,14,14,14,3,14,0,0,5,14,14,0,0,14,14,14,14,14,14,14,1,0,14,14,0,0,14,2,14,4,8,14,14,14,0,8,14,14,14,14,13,8,9,14,8,8,11,8,8,14,8,11,14,14,9,10,14,12,10,14,14,0,0,0,0,-1,
0,0,0,0.0260521,0,0,1,0.0280561,0,1,57,0.0260521,0,1,58,0.0260521,0,7,42,0.0260521,0,7,43,0.0260521,0,7,44,0.0260521,0,7,45,0.0260521,1,1,0,0.0260521,1,1,1,0.0260521,1,2,0,0.0260521,1,2,1,0.0260522,1,3,0,0.0260521,1,3,7,0.0260521,1,3,14,0.0260521,1,3,21,0.0260521,1,3,28,0.0260521,1,3,49,0.0260521,1,6,0,0.0260521,2,7,58,0.0280561,2,7,59,0.0280561,2,7,60,0.0280561,2,7,61,0.0260521,3,0,7,0.0280561,3,3,0,0.0260521,3,4,0,0.0260521,3,6,7,0.0260521,3,6,35,0.0260521,3,6,36,0.0260521,3,6,37,0.0260521,4,0,0,0.0260521,4,0,1,0.0260521,4,0,7,0.0260521,4,0,8,0.0260521,4,0,14,0.0260521,4,0,21,0.0260521,4,0,22,0.0260521,4,5,49,0.0260521,
g7g6
BLACK
14,14,2,4,14,2,1,14,14,3,0,14,0,0,3,0,0,14,1,0,5,14,14,14,14,0,8,14,14,14,0,12,14,10,14,8,8,14,14,8,9,14,14,14,14,14,8,14,8,8,14,14,13,8,14,14,11,14,14,14,14,10,9,11,0,0,0,0,-1,
0,2,7,0.0400801,0,3,0,0.0400802,0,3,14,0.0400802,0,6,57,0.0400802,0,6,58,0.0400802,1,1,0,0.0400802,1,1,28,0.0400801,1,1,42,0.0400802,1,5,0,0.0400802,1,5,1,0.0400801,1,6,0,0.0400801,1,7,0,0.0400802,2,0,0,0.0400802,2,2,56,0.0400802,2,2,57,0.0400802,2,2,58,0.0400802,2,2,59,0.0400801,2,2,60,0.0400801,2,2,61,0.0400801,2,3,0,0.0400802,2,3,49,0.0400802,2,4,14,0.0400801,2,4,35,0.0400802,3,6,0,0.0380762,3,6,7,0.0400802,
g1h3
WHITE
3,1,2,14,14,14,14,3,14,14,0,5,14,14,0,0,14,0,14,14,14,14,14,1,0,14,14,0,0,14,2,14,4,8,14,14,14,0,8,14,9,14,14,13,8,9,14,8,8,11,8,8,14,8,11,14,14,14,10,14,12,10,14,14,0,0,0,0,-1,
0,0,0,0.0260521,0,0,1,0.0280561,0,1,57,0.0260521,0,1,58,0.0260521,0,2,49,0.0260521,0,2,50,0.0260521,0,7,42,0.0260521,0,7,43,0.0260521,0,7,44,0.0260521,0,7,45,0.0260521,1,2,0,0.0260521,1,2,1,0.0260521,1,3,0,0.0260521,1,3,7,0.0260521,1,3,14,0.0260521,1,3,21,0.0260521,1,3,28,0.0260521,1,3,49,0.0260521,1,6,0,0.0260521,2,1,0,0.0260521,2,7,58,0.0280561,2,7,59,0.0280561,2,7,60,0.0280561,2,7,61,0.0260521,3,0,7,0.0280561,3,3,0,0.0260521,3,4,0,0.0260521,3,6,7,0.0260521,3,6,35,0.0260521,3,6,36,0.0260521,3,6,37,0.0260521,4,0,0,0.0260521,4,0,7,0.0260521,4,0,8,0.0260521,4,0,14,0.0260521,4,0,21,0.0260522,4,0,22,0.0260521,4,5,49,0.0260521,
b5e8
BLACK
14,14,2,4,14,2,14,14,14,3,0,14,0,0,3,0,0,14,1,0,5,14,14,1,14,0,8,14,14,14,0,12,14,14,14,8,8,14,14,8,9,14,14,14,14,14,8,14,8,8,14,14,13,8,14,14,11,14,14,14,10,10,9,11,0,0,0,0,-1,
0,2,7,0.0360721,0,3,0,0.0360722,0,3,14,0.0360722,1,1,0,0.0360721,1,1,28,0.0380761,1,1,42,0.0380762,1,5,0,0.0380761,1,5,1,0.0360721,1,6,0,0.0380762,1,6,28,0.0380762,2,0,0,0.0380761,2,2,56,0.0360721,2,2,57,0.0380761,2,2,58,0.0360721,2,2,59,0.0380761,2,2,60,0.0360721,2,2,61,0.0360721,2,3,0,0.0360722,2,3,49,0.0380761,2,4,14,0.0360721,2,4,35,0.0360721,2,7,58,0.0380761,2,7,59,0.0380761,2,7,61,0.0360722,3,1,0,0.0380761,3,6,0,0.0360721,3,6,7,0.0380762,
a3a4
WHITE
3,1,2,2,14,14,14,3,14,14,0,5,14,14,0,0,14,0,14,14,14,14,14,1,0,14,14,0,0,14,14,14,4,8,14,14,14,0,8,8,9,14,14,13,8,9,14,14,8,11,8,8,14,8,11,14,14,14,10,14,12,10,14,14,0,0,0,0,-1,
0,0,0,0.0280561,0,0,1,0.0280561,0,1,57,0.0280561,0,1,58,0.0260521,0,2,49,0.0280561,0,2,50,0.0280561,0,3,7,0.0260521,0,3,8,0.0260521,0,3,9,0.0260521,0,3,10,0.0260521,0,7,42,0.0280561,0,7,43,0.0260521,0,7,44,0.0260521,1,2,0,0.0280561,1,2,1,0.0260521,1,3,0,0.0260521,1,3,7,0.0280561,1,3,14,0.0260521,1,3,21,0.0260521,1,3,49,0.0260521,1,6,0,0.0260521,1,6,1,0.0280561,2,1,0,0.0280561,2,7,58,0.0280561,2,7,59,0.0280561,2,7,60,0.0280561,2,7,61,0.0260521,3,0,7,0.0280561,3,3,0,0.0260521,3,4,0,0.0280561,4,0,0,0.0280561,4,0,7,0.0260521,4,0,8,0.0280561,4,0,14,0.0280561,4,0,21,0.0260521,4,0,22,0.0260521,4,5,49,0.0260521,
h4g3
BLACK
14,14,2,4,14,2,14,14,14,3,0,14,0,0,3,0,14,14,1,0,5,14,12,1,0,0,8,14,14,14,0,14,14,14,14,8,8,14,14,8,9,14,14,14,14,14,8,14,8,8,14,14,13,8,14,14,11,14,14,14,10,10,9,11,0,0,0,0,-1,
1,5,0,0.200401,1,5,7,0.200401,1,6,0,0.200401,1,7,49,0.200401,2,4,35,0.198397,
f2g3 (capture)
WHITE
3,1,2,2,14,14,14,3,14,14,0,5,14,14,0,0,14,0,14,14,14,14,14,1,0,14,14,0,0,14,14,14,14,8,14,14,14,0,8,8,9,8,14,13,8,9,14,14,8,11,14,8,14,8,11,14,14,14,10,14,12,10,14,14,0,0,0,0,-1,
0,0,0,0.0320641,0,0,1,0.0320641,0,1,57,0.0320641,0,1,58,0.0300601,0,2,49,0.0320642,0,2,50,0.0320641,0,3,7,0.0300601,0,3,8,0.0300601,0,3,9,0.0320641,0,3,10,0.0300601,0,7,42,0.0320641,0,7,43,0.0300601,0,7,44,0.0300601,1,2,0,0.0320641,1,2,1,0.0320641,1,3,0,0.0320641,1,3,7,0.0320641,1,3,14,0.0300601,1,3,21,0.0300601,1,3,49,0.0320641,1,6,0,0.0300601,1,6,1,0.0320642,2,1,0,0.0320641,2,7,58,0.0320641,2,7,59,0.0320641,2,7,60,0.0320641,2,7,61,0.0300601,3,0,0,0.0300601,3,0,7,0.0320641,3,3,0,0.0300601,3,4,0,0.0320642,4,5,49,0.0300601,
g8h6
BLACK
14,14,2,4,14,2,14,14,14,3,0,14,0,14,3,0,14,14,1,0,5,14,0,1,0,0,8,14,14,14,0,14,14,14,14,8,8,14,14,8,9,14,14,14,14,14,8,9,8,8,14,14,13,8,14,14,11,14,14,14,10,10,14,11,0,0,0,0,-1,
0,2,7,0.0380762,0,3,0,0.0380762,0,3,14,0.0380762,1,1,0,0.0380762,1,1,28,0.0380762,1,1,42,0.0400802,1,6,28,0.0400802,1,6,42,0.0380762,2,2,56,0.0380761,2,2,57,0.0380761,2,2,58,0.0380762,2,2,60,0.0380762,2,2,61,0.0380761,2,3,0,0.0380762,2,3,49,0.0380761,2,4,14,0.0380762,2,4,21,0.0380762,2,4,35,0.0380761,2,7,58,0.0400802,2,7,59,0.0400802,2,7,60,0.0400802,2,7,61,0.0380762,3,0,0,0.0380761,3,1,0,0.0380762,3,6,0,0.0380761,3,6,7,0.0380762,
d1d2
WHITE
3,14,2,2,14,14,14,3,14,14,0,5,14,14,0,0,1,0,14,14,14,14,14,1,0,14,14,0,0,14,14,14,14,8,14,14,14,0,8,8,9,8,14,13,8,9,14,14,8,11,14,8,12,8,11,14,14,14,10,14,14,10,14,14,0,0,0,0,-1,
0,0,0,0.0344327,0,0,14,0.0265984,0,2,49,0.0344326,0,3,7,0.0265984,0,3,8,0.0265984,0,3,9,0.0344326,0,3,10,0.0265984,0,7,42,0.0344327,0,7,43,0.0265984,0,7,44,0.0265985,1,2,0,0.0344326,1,2,1,0.0344327,1,3,0,0.0344326,1,3,7,0.0344327,1,3,14,0.0265984,1,3,21,0.0265984,1,3,49,0.0344327,1,6,0,0.0265984,1,6,1,0.0344327,2,0,56,0.0344327,2,0,57,0.0344327,2,0,62,0.0344327,2,1,0,0.0344327,2,7,58,0.0344327,2,7,59,0.0344327,2,7,60,0.0344327,2,7,61,0.0265984,3,0,0,0.0265984,3,0,7,0.0344327,3,3,0,0.0265984,3,4,0,0.0344327,4,5,49,0.0265984,
h8g8
BLACK
14,14,2,14,14,2,14,14,14,3,0,4,0,14,3,0,14,14,1,0,5,14,0,1,0,0,8,14,14,14,0,14,14,14,14,8,8,14,14,8,9,14,14,14,14,14,8,9,8,8,14,14,13,8,14,14,11,14,14,14,10,10,11,14,0,0,0,0,-1,
1,1,0,0.040299,1,1,28,0.040299,1,1,42,0.040299,1,3,21,0.0328238,1,3,28,0.040299,1,6,28,0.040299,1,6,42,0.040299,2,2,56,0.0402991,2,2,57,0.040299,2,2,58,0.040299,2,2,60,0.040299,2,2,61,0.0402991,2,2,62,0.040299,2,3,0,0.0402991,2,3,49,0.040299,2,4,14,0.0402991,2,4,21,0.040299,2,7,58,0.040299,2,7,59,0.040299,2,7,60,0.040299,2,7,61,0.0402991,3,0,0,0.040299,3,1,0,0.040299,3,6,0,0.040299,3,6,7,0.040299,
d2e1
WHITE
14,3,2,2,14,14,14,3,14,14,0,5,14,14,0,0,1,0,14,14,14,14,14,1,0,14,14,0,0,14,14,14,14,8,14,14,14,0,8,8,9,8,14,13,8,9,14,14,8,11,14,8,14,8,11,14,14,14,10,12,14,10,14,14,0,0,0,0,-1,
0,1,0,0.0314235,0,1,42,0.0314235,0,2,49,0.0314235,0,3,7,0.0314236,0,3,8,0.0314234,0,3,9,0.0314236,0,3,10,0.0314235,0,7,42,0.0314235,0,7,43,0.0314236,0,7,44,0.0314235,1,2,0,0.0314235,1,2,1,0.0314235,1,3,0,0.0314235,1,3,7,0.0314235,1,3,14,0.0314236,1,3,21,0.0314235,1,3,49,0.0314235,1,6,0,0.0314235,1,6,1,0.0314235,2,0,56,0.0314235,2,0,57,0.0400471,2,1,0,0.0314235,2,7,58,0.0400471,2,7,59,0.0314235,2,7,60,0.0400471,2,7,61,0.0314235,3,0,0,0.0314236,3,0,7,0.0314235,3,3,0,0.0314235,3,4,0,0.0314235,4,5,49,0.0314235,
e7d6
BLACK
14,14,2,14,4,2,14,14,14,3,0,14,0,14,3,0,14,14,1,0,5,14,0,1,0,0,8,14,14,14,0,14,14,14,14,8,8,14,14,8,9,14,14,13,14,14,8,9,8,8,14,14,14,8,14,14,11,14,14,14,10,10,11,14,0,0,0,0,-1,
0,2,7,0.0370671,0,4,7,0.0370671,0,4,42,0.0370671,0,4,49,0.0370671,1,1,0,0.0294913,1,1,28,0.0370671,1,1,42,0.0370671,1,6,28,0.0370671,1,6,42,0.0370671,2,2,56,0.0294913,2,2,57,0.0370671,2,2,58,0.0370671,2,2,60,0.0370671,2,2,61,0.0370671,2,2,62,0.0294913,2,3,0,0.0370671,2,3,49,0.0370671,2,4,14,0.0370671,2,4,21,0.0370671,2,4,35,0.0294913,2,7,58,0.0370671,2,7,59,0.0370671,2,7,60,0.0370671,2,7,61,0.0294913,3,0,0,0.0370671,3,1,0,0.0370671,3,6,0,0.0370671,3,6,7,0.0370671,
h3f2
WHITE
14,3,2,2,14,14,14,3,14,14,0,14,14,14,0,0,1,0,14,14,5,14,14,1,0,14,14,0,0,14,14,14,14,8,14,14,14,0,8,8,14,8,14,13,8,9,14,14,8,11,9,8,14,8,11,14,14,14,10,12,14,10,14,14,0,0,0,0,-1,
0,1,0,0.0344326,0,1,42,0.0344327,0,2,7,0.0265984,0,2,49,0.0344327,0,3,7,0.0265984,0,3,8,0.0265984,0,3,9,0.0344326,0,3,10,0.0265984,0,7,42,0.0344327,0,7,43,0.0265984,0,7,44,0.0265985,1,2,0,0.0344326,1,2,1,0.0344327,1,6,0,0.0265984,1,6,1,0.0344327,2,0,56,0.0344327,2,0,57,0.0344327,2,1,0,0.0344327,2,4,14,0.0265984,2,4,21,0.0344327,2,4,28,0.0344326,2,4,35,0.0265984,2,4,42,0.0344327,2,7,58,0.0344327,2,7,59,0.0344327,2,7,60,0.0344327,2,7,61,0.0265984,3,0,0,0.0265984,3,0,7,0.0344327,3,3,0,0.0265984,3,4,0,0.0344327,4,5,49,0.0265984,
a6c7
BLACK
14,14,2,14,4,2,14,14,14,3,0,14,0,1,3,0,14,14,1,0,5,14,0,14,0,0,8,14,14,14,0,14,14,14,14,8,8,14,14,8,14,14,14,13,14,14,8,9,8,8,9,14,14,8,14,14,11,14,14,14,10,10,11,14,0,0,0,0,-1,
0,2,7,0.0331799,0,4,42,0.0411908,0,4,49,0.0411909,1,1,0,0.0331799,1,1,28,0.0411908,1,1,42,0.0411908,1,5,56,0.0411908,1,5,58,0.03318,1,5,60,0.0411908,1,5,63,0.0411908,1,6,28,0.0411908,1,7,0,0.0331799,1,7,1,0.0331799,2,2,56,0.0331799,2,2,57,0.0411908,2,2,58,0.0331799,2,2,60,0.03318,2,2,61,0.0331799,2,2,62,0.0331799,2,3,0,0.0331799,2,3,49,0.0411909,2,4,14,0.0331799,2,4,35,0.0331799,3,0,0,0.0411908,3,1,0,0.0411908,3,6,0,0.0331799,3,6,7,0.0411908,
c3a2
WHITE
14,3,2,2,14,14,14,3,14,14,0,14,14,1,0,0,1,0,14,14,5,14,14,14,0,14,14,0,0,14,14,14,14,8,14,14,14,0,8,8,14,8,14,13,8,14,14,14,8,11,9,8,14,8,11,9,14,14,10,12,14,10,14,14,0,0,0,0,-1,
0,1,0,0.0292584,0,1,42,0.0292585,0,2,7,0.0292585,0,2,49,0.0292585,0,3,7,0.0292584,0,3,8,0.0292584,0,3,9,0.0292585,0,3,10,0.0292585,0,7,42,0.0292585,0,7,43,0.0292584,0,7,44,0.0292584,1,2,0,0.0292585,1,2,1,0.0292584,1,5,56,0.0292585,1,5,57,0.0292585,1,5,59,0.0378762,1,6,0,0.0292585,1,6,1,0.0378762,1,7,0,0.0292584,1,7,1,0.0292584,2,0,56,0.0292585,2,0,57,0.0378762,2,1,0,0.0292585,2,4,14,0.0292584,2,4,28,0.0292585,2,4,35,0.0292584,2,4,42,0.0292585,3,0,0,0.0292584,3,0,7,0.0292585,3,3,0,0.0292584,3,4,0,0.0292584,4,5,0,0.0378762,4,5,49,0.0292584,
f8g7
BLACK
14,14,2,14,4,2,14,14,1,3,0,14,0,1,3,0,14,14,14,0,5,14,0,14,0,0,8,14,14,14,0,14,14,14,14,8,8,14,14,8,14,14,14,13,14,14,8,9,8,8,9,14,14,8,10,14,11,14,14,14,10,14,11,14,0,0,0,0,-1,
0,2,7,0.0380629,0,4,42,0.0458475,0,4,49,0.0458475,0,4,50,0.0458475,1,0,56,0.0458475,1,1,0,0.0380629,1,1,28,0.0458475,1,2,0,0.0458475,1,5,56,0.0458475,1,5,58,0.0380629,1,5,60,0.0458475,1,5,63,0.0458475,1,6,28,0.0458475,1,7,0,0.0380629,1,7,1,0.0380629,2,3,0,0.0458475,2,3,49,0.0458475,2,4,14,0.0380629,2,4,35,0.0380629,3,0,0,0.0458475,3,1,0,0.0458475,3,6,0,0.0458475,3,6,7,0.0458475,
f2d1
WHITE
14,3,14,2,14,14,14,3,14,2,0,14,14,1,0,0,1,0,14,14,5,14,14,14,0,14,14,0,0,14,14,14,14,8,14,14,14,0,8,8,14,8,14,13,8,14,14,14,8,11,14,8,14,8,11,9,14,14,10,12,9,10,14,14,0,0,0,0,-1,
0,1,14,0.0319008,0,1,42,0.0319008,0,3,7,0.0242075,0,3,8,0.0242075,0,3,9,0.0319008,0,3,10,0.0242074,0,7,42,0.0319008,0,7,43,0.0242074,0,7,44,0.0242075,1,1,7,0.0319008,1,1,21,0.0242074,1,1,35,0.0319008,1,2,0,0.0319008,1,2,1,0.0319008,1,5,56,0.0319008,1,5,57,0.0319008,1,5,59,0.0319008,1,6,0,0.0319008,1,6,1,0.0319008,1,7,0,0.0242075,1,7,1,0.0242074,2,0,56,0.0319008,2,0,57,0.0319008,2,1,0,0.0319008,2,4,14,0.0242074,2,4,28,0.0319008,2,4,35,0.0242074,2,4,42,0.0319008,3,0,0,0.0319008,3,0,7,0.0319008,3,3,0,0.0319008,3,4,0,0.0319008,4,5,0,0.0319008,4,5,49,0.0242075,
f7f5
BLACK
14,14,2,1,4,2,14,14,1,3,0,14,0,14,3,0,14,14,14,0,5,14,0,14,0,0,8,14,14,14,0,14,14,14,14,8,8,8,14,8,14,14,14,13,14,14,8,9,8,8,9,14,14,14,10,14,11,14,14,14,10,14,11,14,0,0,0,0,45,
0,2,7,0.0432647,0,3,56,0.0432647,0,3,58,0.0432647,0,4,7,0.0432647,0,4,49,0.0432647,0,4,50,0.0432647,1,0,56,0.0432647,1,1,0,0.035594,1,1,28,0.0432647,1,2,0,0.0432647,1,6,28,0.0432647,1,6,42,0.0432647,1,7,0,0.035594,1,7,1,0.035594,2,3,0,0.0432647,2,3,49,0.0432647,2,4,14,0.0432647,2,4,21,0.0432647,2,4,35,0.035594,3,0,0,0.0432647,3,1,0,0.0432647,3,6,0,0.0432647,3,6,7,0.0432647,3,6,49,0.035594,
e3f3
WHITE
14,3,14,2,14,14,14,3,14,2,14,14,14,1,0,0,1,0,14,14,5,14,14,14,0,14,0,0,0,14,14,14,14,8,14,14,14,0,8,8,14,8,13,14,8,14,14,14,8,11,14,8,14,8,11,9,14,14,10,12,9,10,14,14,0,0,0,0,-1,
0,1,14,0.0264129,0,1,42,0.0348072,0,3,7,0.0264129,0,3,8,0.0264129,0,3,9,0.0264129,0,3,10,0.0264129,0,3,49,0.0264129,0,7,42,0.0264129,0,7,43,0.0264129,0,7,44,0.0264129,1,1,7,0.0264129,1,1,21,0.0264129,1,1,35,0.0264129,1,5,56,0.0264129,1,5,57,0.0264129,1,5,59,0.0348072,1,6,0,0.0264129,1,6,1,0.0348072,1,7,0,0.0264129,1,7,1,0.0264128,2,0,57,0.0348072,2,0,63,0.0264129,2,1,0,0.0264129,2,4,14,0.0264129,2,4,28,0.0264129,2,4,35,0.0264129,2,4,42,0.0348072,3,0,0,0.0264129,3,0,7,0.0348072,3,2,0,0.0348072,3,2,49,0.0264129,3,3,0,0.0264129,3,4,0,0.0348072,4,5,0,0.0348072,4,5,49,0.0264129,
d6c6
BLACK
14,14,2,1,4,2,14,14,1,3,0,14,0,14,3,0,14,14,14,0,14,5,0,14,0,0,8,14,14,14,0,14,14,14,14,8,8,8,14,8,14,14,13,14,14,14,8,9,8,8,9,14,14,14,10,14,11,14,14,14,10,14,11,14,0,0,0,0,-1,
0,2,7,0.0283977,0,2,8,0.0361908,0,2,9,0.0361908,0,2,10,0.0361909,0,2,11,0.0283977,0,3,56,0.0361909,0,3,57,0.0361908,0,3,58,0.0283977,0,4,7,0.0361908,0,4,49,0.0361909,0,4,50,0.0361909,1,0,56,0.0361908,1,1,0,0.0283976,1,1,28,0.0361908,1,2,0,0.0361908,1,4,0,0.0283977,1,4,1,0.0361908,1,6,28,0.0361908,1,6,42,0.0283977,1,7,0,0.0283976,1,7,1,0.0283976,2,3,0,0.0361908,2,3,49,0.0361908,2,5,28,0.0283976,2,5,42,0.0361908,3,0,0,0.0361908,3,1,0,0.0361908,3,6,0,0.0283977,3,6,7,0.0361908,3,6,49,0.0283976,
e1d2
WHITE
14,3,14,2,14,14,14,3,14,2,14,14,14,1,0,0,1,0,14,14,14,5,14,14,0,14,0,0,0,14,14,14,14,8,14,14,14,0,8,8,14,8,13,14,8,14,14,14,8,11,14,8,12,8,11,9,14,14,10,14,9,10,14,14,0,0,0,0,-1,
0,1,14,0.0314235,0,1,42,0.0314235,0,3,7,0.0314236,0,3,49,0.0314235,0,7,42,0.0314235,0,7,43,0.0314235,0,7,44,0.0314236,1,1,7,0.0314235,1,1,21,0.0314235,1,1,35,0.0314235,1,5,56,0.0314235,1,5,57,0.0314235,1,5,59,0.0314235,1,6,0,0.0314235,1,6,1,0.0314235,1,7,0,0.0314235,1,7,1,0.0314235,2,0,57,0.0400471,2,0,63,0.0314236,2,1,0,0.0314235,2,5,14,0.0314235,2,5,35,0.0314234,2,5,42,0.0314235,3,0,0,0.0314235,3,0,7,0.0314235,3,2,0,0.0400471,3,2,49,0.0314235,3,3,0,0.0314236,3,4,0,0.0314235,4,5,0,0.0400471,4,5,49,0.0314236,
b7b5
BLACK
14,14,2,1,14,2,14,14,1,3,0,4,0,14,3,0,14,14,14,0,14,5,0,14,0,0,8,14,14,14,0,14,14,8,14,8,8,8,14,8,14,14,13,14,14,14,8,9,8,14,9,14,14,14,10,14,11,14,14,14,10,14,11,14,0,0,0,0,41,
0,3,56,0.0370671,0,3,57,0.0370671,0,3,58,0.0370671,1,0,56,0.0370671,1,1,0,0.0294913,1,1,28,0.0370671,1,2,0,0.0370671,1,3,7,0.0370671,1,3,8,0.0370671,1,3,9,0.0370671,1,3,10,0.0370671,1,3,21,0.0294913,1,3,49,0.0370671,1,4,0,0.0294913,1,4,1,0.0370671,1,6,28,0.0370671,1,6,42,0.0370671,1,7,0,0.0370671,1,7,1,0.0294913,2,3,0,0.0370671,2,3,49,0.0370671,2,5,28,0.0370671,2,5,42,0.0370671,3,0,0,0.0370671,3,0,7,0.0370671,3,6,0,0.0370671,3,6,7,0.0370671,3,6,49,0.0294913,
d3c4 (capture)
WHITE
14,3,14,2,14,14,14,3,14,2,14,14,14,1,14,0,1,0,14,14,14,5,14,14,0,14,0,0,0,14,0,14,14,8,14,14,14,8,8,8,14,8,13,14,14,14,14,14,8,11,14,8,12,8,11,9,14,14,10,14,9,10,14,14,0,0,0,0,-1,
0,1,14,0.0361908,0,1,42,0.0361908,0,3,7,0.0283976,0,3,49,0.0361909,0,7,42,0.0361908,0,7,43,0.0283977,0,7,44,0.0283977,1,1,7,0.0361908,1,1,21,0.0283977,1,1,35,0.0361908,1,5,56,0.0361908,1,5,59,0.0361908,1,7,0,0.0283976,1,7,1,0.0283977,2,0,57,0.0361908,2,0,63,0.0361909,2,1,0,0.0361909,2,5,14,0.0361908,2,5,21,0.0283976,2,5,35,0.0283976,2,5,42,0.0361908,3,0,0,0.0283977,3,0,7,0.0361908,3,2,0,0.0361908,3,2,49,0.0361909,3,3,0,0.0283977,3,4,0,0.0361908,3,4,7,0.0361908,3,6,7,0.0361908,3,6,49,0.0283976,
e8d7
BLACK
14,14,2,1,14,2,14,14,1,3,0,4,0,14,3,0,14,14,14,14,14,5,0,14,0,0,0,14,14,14,0,14,14,8,14,8,8,8,14,8,14,14,13,14,14,14,8,9,8,14,9,10,14,14,10,14,11,14,14,14,14,14,11,14,0,0,0,0,-1,
0,3,56,0.0344326,0,3,57,0.0344327,0,3,58,0.0265985,1,0,56,0.0344327,1,1,0,0.0265984,1,1,28,0.0344327,1,2,0,0.0344326,1,3,0,0.0344327,1,3,1,0.0265984,1,3,2,0.0265984,1,3,7,0.0344327,1,3,8,0.0265984,1,3,9,0.0344327,1,3,10,0.0344327,1,3,21,0.0265984,1,3,49,0.0344326,1,4,0,0.0265984,1,4,1,0.0344327,1,6,28,0.0344327,1,6,42,0.0265984,1,7,0,0.0265984,1,7,1,0.0265984,2,5,28,0.0265984,2,5,42,0.0344327,3,0,0,0.0344327,3,0,7,0.0344327,3,2,0,0.0344327,3,2,7,0.0344326,3,2,49,0.0344327,3,6,0,0.0265984,3,6,7,0.0344327,3,6,49,0.0265984,
d2d3
WHITE
14,3,14,14,14,14,14,3,14,2,14,14,2,1,14,0,1,0,14,14,14,5,14,14,0,14,0,0,0,14,0,14,14,8,14,14,14,8,8,8,14,8,13,14,12,14,14,14,8,11,14,8,14,8,11,9,14,14,10,14,9,10,14,14,0,0,0,0,-1,
0,1,14,0.0311276,0,1,15,0.0231423,0,1,16,0.0231423,0,1,17,0.0231423,0,1,18,0.0231423,0,1,42,0.0311276,0,7,42,0.0231423,0,7,43,0.0231423,0,7,44,0.0231423,0,7,45,0.0311276,0,7,46,0.0311276,1,1,7,0.0311276,1,1,21,0.0231423,1,1,35,0.0231423,1,4,21,0.0311276,1,4,35,0.0231423,1,4,49,0.0231423,1,5,56,0.0311276,1,5,59,0.0311276,1,5,60,0.0311276,1,7,0,0.0231423,1,7,1,0.0231423,2,0,57,0.0311276,2,0,63,0.0231423,2,1,0,0.0311276,2,5,14,0.0311276,2,5,21,0.0231423,2,5,42,0.0311276,3,0,0,0.0231423,3,0,7,0.0311276,3,2,0,0.0311276,3,2,49,0.0231423,3,3,0,0.0231423,3,4,0,0.0311276,3,4,7,0.0311276,3,6,7,0.0311276,3,6,49,0.0231423,
g6g5
BLACK
14,14,2,1,14,2,14,14,1,3,0,14,0,14,3,0,14,14,14,4,14,5,0,14,0,0,0,14,14,14,0,14,14,8,14,8,8,8,8,8,14,14,13,14,14,14,14,9,8,14,9,10,14,14,10,14,11,14,14,14,14,14,11,14,0,0,0,0,-1,
0,2,7,0.0264129,0,2,8,0.0264129,0,2,9,0.0348072,0,2,10,0.0264129,0,3,56,0.0264129,0,3,57,0.0264129,0,3,58,0.0264129,1,0,56,0.0348072,1,1,0,0.0264129,1,1,28,0.0348072,1,2,0,0.0264129,1,4,0,0.0264129,1,4,1,0.0264129,1,6,28,0.0348072,1,6,42,0.0264129,1,7,0,0.0264129,1,7,1,0.0264129,2,3,0,0.0264129,2,3,1,0.0348072,2,3,7,0.0264128,2,3,8,0.0264129,2,3,14,0.0264129,2,3,28,0.0264129,2,3,42,0.0264129,2,3,43,0.0264129,2,3,44,0.0264129,2,5,28,0.0264129,2,5,42,0.0348072,3,0,0,0.0264129,3,0,7,0.0348072,3,2,0,0.0348072,3,2,7,0.0264129,3,2,49,0.0264129,3,6,7,0.0348072,3,6,49,0.0264129,
g2f2
WHITE
14,3,14,14,14,14,14,3,14,2,14,14,2,1,14,0,1,14,14,14,14,5,14,14,0,0,0,0,0,14,0,14,14,8,14,14,14,8,8,8,14,8,13,14,12,14,14,14,8,14,11,8,14,8,11,9,14,14,10,14,9,10,14,14,0,0,0,0,-1,
0,1,14,0.0288041,0,1,15,0.0214148,0,1,16,0.0288041,0,1,17,0.0288041,0,1,18,0.0288041,0,1,42,0.028804,0,7,42,0.0288041,0,7,43,0.0288041,0,7,44,0.0288041,0,7,45,0.0288041,0,7,46,0.028804,1,1,7,0.028804,1,1,21,0.0214148,1,1,35,0.0288041,1,4,21,0.028804,1,4,35,0.0214148,1,4,49,0.0288041,1,5,56,0.0288041,1,5,59,0.028804,1,5,60,0.0288041,1,7,0,0.0288041,1,7,1,0.0288041,2,0,57,0.028804,2,0,63,0.0288041,2,5,14,0.0288041,2,5,21,0.0214148,2,5,42,0.028804,3,0,0,0.0288041,3,0,7,0.028804,3,2,0,0.028804,3,2,49,0.0288041,3,3,0,0.0288041,3,4,0,0.0288041,3,4,7,0.0288041,3,6,7,0.028804,3,6,49,0.0214148,
g8h8
BLACK
14,14,2,1,14,2,14,14,1,3,0,14,0,3,14,0,14,14,14,4,14,5,0,14,0,0,0,14,14,14,0,14,14,8,14,8,8,8,8,8,14,14,13,14,14,14,14,9,8,14,9,10,14,14,10,14,11,14,14,14,14,14,14,11,0,0,0,0,-1,
0,2,7,0.0264129,0,2,8,0.0264129,0,2,9,0.0348072,0,2,10,0.0264129,0,3,57,0.0264129,0,3,58,0.0264129,0,5,7,0.0264129,0,5,8,0.0264129,1,0,56,0.0348072,1,1,0,0.0264129,1,1,28,0.0348072,1,2,0,0.0264129,1,4,0,0.0264129,1,4,1,0.0264129,1,5,14,0.0348072,1,7,0,0.0264129,1,7,1,0.0264129,2,3,0,0.0264129,2,3,1,0.0348072,2,3,7,0.0264128,2,3,8,0.0264129,2,3,14,0.0264129,2,3,28,0.0264129,2,3,42,0.0264129,2,3,43,0.0264129,2,3,44,0.0264129,2,5,21,0.0264129,2,5,42,0.0348072,3,0,0,0.0264129,3,0,7,0.0348072,3,2,0,0.0348072,3,2,7,0.0264129,3,2,49,0.0264129,3,6,7,0.0348072,3,6,49,0.0264129,
b2b3
WHITE
3,14,14,14,14,14,14,3,14,2,14,14,2,1,14,0,1,14,14,14,14,5,14,14,0,0,0,0,0,14,0,14,14,8,14,14,14,8,8,8,14,8,13,14,12,14,11,14,8,14,11,8,14,8,14,9,14,14,10,14,9,10,14,14,0,0,0,0,-1,
0,0,0,0.0251729,0,0,14,0.0251729,0,0,15,0.0251729,0,0,16,0.0251729,0,0,17,0.0251729,0,0,18,0.0251729,0,0,19,0.0251729,0,7,42,0.0251729,0,7,43,0.0251729,0,7,44,0.0251729,0,7,45,0.0251729,0,7,46,0.0251729,0,7,47,0.0251729,1,1,7,0.0251729,1,1,21,0.0251729,1,4,21,0.0338589,1,4,35,0.0251729,1,4,49,0.0251729,1,5,56,0.0251729,1,5,59,0.0338589,1,5,60,0.0251729,1,7,0,0.0251729,1,7,1,0.0251729,2,0,57,0.0338589,2,0,62,0.0251729,2,0,63,0.0251729,2,5,14,0.0251729,2,5,21,0.0251729,2,5,42,0.0251729,3,0,0,0.0251729,3,0,7,0.0338589,3,2,0,0.0338589,3,2,49,0.0251729,3,3,0,0.0251729,3,4,0,0.0251729,3,4,7,0.0251729,3,6,7,0.0251729,3,6,49,0.0251729,
g7f6
BLACK
14,14,2,1,14,2,14,14,1,14,0,14,0,3,14,0,14,3,14,4,14,5,0,14,0,0,0,14,14,14,0,14,14,8,14,8,8,8,8,8,14,14,13,14,14,10,14,9,8,14,9,10,14,14,14,14,11,14,14,14,14,14,14,11,0,0,0,0,-1,
0,2,7,0.0251729,0,2,8,0.0251729,0,2,9,0.0338589,0,2,10,0.0251729,0,2,49,0.0251729,0,2,50,0.0251729,0,3,57,0.0251729,0,3,58,0.0251729,0,3,59,0.0338589,0,5,7,0.0251729,0,5,8,0.0251729,1,0,56,0.0251729,1,2,0,0.0251729,1,4,0,0.0251729,1,4,1,0.0251729,1,5,14,0.0251729,1,7,0,0.0251729,1,7,1,0.0251729,2,1,14,0.0251729,2,1,28,0.0251729,2,1,29,0.0251729,2,1,42,0.0251729,2,3,0,0.0251729,2,3,1,0.0338589,2,3,7,0.0251729,2,3,8,0.0251729,2,3,14,0.0251729,2,3,28,0.0251729,2,3,42,0.0251729,2,5,21,0.0251729,2,5,42,0.0251729,3,0,0,0.0251729,3,0,7,0.0338589,3,2,0,0.0338589,3,2,7,0.0251729,3,2,49,0.0251729,3,6,7,0.0251729,3,6,49,0.0251729,
c4b5 (capture)
WHITE
3,14,14,14,14,14,14,3,14,14,14,14,2,1,14,0,1,14,2,14,14,5,14,14,0,0,0,0,0,14,8,14,14,8,14,14,14,14,8,8,14,8,13,14,12,14,11,14,8,14,11,8,14,8,14,9,14,14,10,14,9,10,14,14,0,0,0,0,-1,
1,5,57,0.251992,2,5,14,0.251992,2,5,21,0.244024,2,5,42,0.251992,
c7b5 (capture)
BLACK
14,14,2,1,14,2,14,14,1,14,0,14,0,3,14,0,14,3,14,4,14,5,0,14,0,0,14,14,14,14,0,14,14,9,14,8,8,8,8,8,14,14,13,14,14,10,14,9,8,14,14,10,14,14,14,14,11,14,14,14,14,14,14,11,0,0,0,0,-1,
0,2,7,0.0251729,0,2,8,0.0251729,0,2,9,0.0338589,0,2,10,0.0251729,0,2,49,0.0251729,0,2,50,0.0251729,0,3,57,0.0251729,0,3,58,0.0251729,0,3,59,0.0338589,0,5,7,0.0251729,0,5,8,0.0251729,1,0,56,0.0251729,1,2,0,0.0251729,1,2,1,0.0251729,1,4,0,0.0251729,1,4,1,0.0251729,1,5,14,0.0251729,1,7,0,0.0251729,1,7,1,0.0251729,2,1,14,0.0251729,2,1,28,0.0251729,2,1,29,0.0251729,2,1,42,0.0251729,2,3,0,0.0251729,2,3,1,0.0338589,2,3,7,0.0251729,2,3,8,0.0251729,2,3,14,0.0251729,2,3,28,0.0251729,2,3,42,0.0251729,2,3,49,0.0251729,2,3,50,0.0338589,2,5,21,0.0251729,2,5,42,0.0251729,3,0,0,0.0251729,3,0,7,0.0338589,3,6,7,0.0251729,3,6,49,0.0251729,
b3b2
WHITE
3,14,14,14,14,14,14,3,14,14,14,14,2,14,14,0,1,14,2,14,14,5,14,14,0,0,0,0,0,14,1,14,14,8,14,14,14,14,8,8,14,8,13,14,12,14,14,14,8,14,11,8,14,8,11,9,14,14,10,14,9,10,14,14,0,0,0,0,-1,
0,0,0,0.0271679,0,0,14,0.0197246,0,0,15,0.0271679,0,0,16,0.0271679,0,0,17,0.0271679,0,0,18,0.0271678,0,0,19,0.0271679,0,7,42,0.0271679,0,7,43,0.0271679,0,7,44,0.0271678,0,7,45,0.0271679,0,7,46,0.0271679,0,7,47,0.0271679,1,4,21,0.0271679,1,4,35,0.0197245,1,4,49,0.0271679,1,7,0,0.0271679,1,7,1,0.0271679,2,0,57,0.0271679,2,0,62,0.0271679,2,0,63,0.0271679,2,2,21,0.0197245,2,2,22,0.0271679,2,2,35,0.0197245,2,5,14,0.0271679,2,5,21,0.0197245,2,5,28,0.0271678,2,5,42,0.0271679,3,0,0,0.0271679,3,0,7,0.0271679,3,2,0,0.0271679,3,2,49,0.0271678,3,3,0,0.0271679,3,4,0,0.0271679,3,6,57,0.0271679,3,6,58,0.0197246,3,6,59,0.0197245,3,6,60,0.0271678,3,6,61,0.0197246,
b5a3
BLACK
14,14,2,1,14,2,14,14,1,3,0,14,0,3,14,0,9,14,14,4,14,5,0,14,0,0,14,14,14,14,0,14,14,14,14,8,8,8,8,8,14,14,13,14,14,10,14,9,8,14,14,10,14,14,14,14,11,14,14,14,14,14,14,11,0,0,0,0,-1,
0,2,7,0.0288041,0,2,8,0.028804,0,2,9,0.028804,0,2,10,0.0288041,0,3,57,0.0288041,0,3,58,0.0288041,0,5,7,0.0288041,0,5,8,0.0288041,1,0,56,0.028804,1,1,0,0.0214148,1,1,28,0.028804,1,2,0,0.0288041,1,2,1,0.0288041,1,4,0,0.0214148,1,4,1,0.0288041,1,5,14,0.0288041,1,7,0,0.0288041,1,7,1,0.0288041,2,3,0,0.0288041,2,3,1,0.028804,2,3,7,0.0214148,2,3,8,0.0288041,2,3,14,0.0288041,2,3,28,0.0288041,2,3,42,0.0288041,2,3,43,0.0214148,2,3,44,0.0288041,2,3,49,0.0288041,2,3,50,0.028804,2,3,51,0.028804,2,5,21,0.0288041,2,5,42,0.028804,3,0,0,0.0288041,3,1,0,0.028804,3,6,7,0.028804,3,6,49,0.0214148,
d1e3
WHITE
3,14,14,14,14,14,14,3,14,14,14,14,2,14,14,0,1,14,2,14,14,5,14,14,0,0,0,0,0,14,14,14,14,8,14,14,14,14,8,8,14,8,13,9,12,14,14,1,8,14,11,8,14,8,11,9,14,14,10,14,14,10,14,14,0,0,0,0,-1,
0,0,0,0.0251729,0,0,14,0.0251729,0,0,15,0.0251729,0,0,16,0.0251729,0,0,17,0.0251729,0,0,18,0.0251729,0,0,19,0.0251729,0,7,42,0.0251729,0,7,43,0.0251729,0,7,44,0.0251729,0,7,45,0.0251729,0,7,46,0.0251729,0,7,47,0.0251729,1,4,21,0.0338589,1,4,35,0.0251729,1,4,49,0.0251729,1,7,0,0.0251729,1,7,1,0.0251729,2,0,57,0.0338589,2,0,62,0.0251729,2,0,63,0.0251729,2,2,21,0.0251729,2,2,22,0.0338589,2,2,35,0.0251729,2,5,14,0.0251729,2,5,21,0.0251729,2,5,28,0.0251729,2,5,42,0.0251729,3,0,0,0.0251729,3,0,7,0.0338589,3,2,0,0.0338589,3,2,49,0.0251729,3,3,0,0.0251729,3,4,0,0.0251729,5,7,58,0.0251729,5,7,59,0.0251729,5,7,60,0.0251729,5,7,61,0.0251729,
f6g7
BLACK
14,14,2,14,14,2,14,14,1,3,0,14,0,3,14,0,9,14,14,4,1,5,0,14,0,0,14,14,14,14,0,14,14,14,14,8,8,8,8,8,14,14,13,14,14,14,14,9,8,14,14,10,14,14,10,14,11,14,14,14,14,14,14,11,0,0,0,0,-1,
0,2,7,0.0292585,0,5,7,0.0292585,0,5,8,0.0292584,1,0,56,0.0292585,1,1,0,0.0292584,1,1,28,0.0292585,1,2,0,0.0292585,1,2,1,0.0292585,1,5,14,0.0292584,1,7,0,0.0292584,1,7,1,0.0292584,2,3,0,0.0292584,2,3,1,0.0292585,2,3,7,0.0292584,2,3,8,0.0292585,2,3,28,0.0292584,2,3,29,0.0292585,2,3,42,0.0292584,2,3,43,0.0292584,2,3,44,0.0292585,2,3,49,0.0292585,2,3,50,0.0378762,2,3,51,0.0378762,2,4,57,0.0292584,2,4,58,0.0292585,2,4,59,0.0292585,2,4,61,0.0378762,2,4,63,0.0292584,2,5,21,0.0292584,3,0,0,0.0292585,3,1,0,0.0378762,3,6,7,0.0292585,3,6,49,0.0292584,
b2b1
WHITE
3,14,14,14,14,14,14,3,14,2,14,14,2,14,14,0,1,14,14,14,14,5,14,14,0,0,0,0,0,14,14,14,14,8,14,14,14,14,8,8,14,8,13,9,12,14,14,1,8,14,11,8,14,8,14,9,14,14,10,14,14,10,11,14,0,0,0,0,-1,
0,0,0,0.0311276,0,0,14,0.0231423,0,0,15,0.0231423,0,0,16,0.0311276,0,0,17,0.0311276,0,0,18,0.0231423,0,0,19,0.0311276,0,7,42,0.0311276,0,7,43,0.0231423,0,7,44,0.0231423,0,7,45,0.0311276,0,7,46,0.0311276,0,7,47,0.0231423,1,1,7,0.0311276,1,1,21,0.0231423,1,4,21,0.0311276,1,4,35,0.0231423,1,4,49,0.0231423,1,7,0,0.0231423,1,7,1,0.0231423,2,0,57,0.0311276,2,0,62,0.0311276,2,0,63,0.0231423,2,5,14,0.0311276,2,5,21,0.0231423,2,5,28,0.0231423,2,5,42,0.0311276,3,0,0,0.0231423,3,0,7,0.0311276,3,2,0,0.0311276,3,2,49,0.0231423,3,3,0,0.0231423,3,4,0,0.0311276,5,7,58,0.0311276,5,7,59,0.0311276,5,7,60,0.0231423,5,7,61,0.0231423,
d5d4
BLACK
14,3,2,14,14,2,14,14,1,14,0,14,0,3,14,0,9,14,14,4,1,5,0,14,0,0,14,8,14,14,0,14,14,14,14,14,8,8,8,8,14,14,13,14,14,14,14,9,8,14,14,10,14,14,10,14,11,14,14,14,14,14,14,11,0,0,0,0,-1,
0,1,0,0.0263702,0,1,1,0.0347509,0,1,42,0.0347509,0,2,7,0.0263702,0,2,49,0.0263702,0,2,50,0.0263702,0,5,7,0.0263702,0,5,8,0.0263702,1,0,56,0.0347509,1,2,0,0.0263702,1,2,1,0.0263702,1,5,14,0.0347509,1,7,0,0.0263702,1,7,1,0.0263702,2,3,0,0.0263702,2,3,7,0.0263702,2,3,8,0.0263702,2,3,28,0.0263702,2,3,29,0.0263702,2,3,42,0.0263702,2,3,43,0.0263702,2,3,44,0.0263702,2,3,49,0.0347509,2,3,50,0.0347509,2,3,51,0.0347509,2,4,57,0.0263702,2,4,58,0.0263702,2,4,59,0.0263702,2,4,61,0.0347509,2,4,63,0.0196053,2,5,21,0.0263702,3,0,0,0.0263702,3,1,0,0.0347509,3,6,7,0.0347509,3,6,49,0.0263702,
d3d4 (capture)
WHITE
3,14,14,14,14,14,14,3,14,2,14,14,2,14,14,0,1,14,14,14,14,5,14,14,0,0,0,0,14,14,14,14,14,8,14,14,12,14,8,8,14,8,13,9,14,14,14,1,8,14,11,8,14,8,14,9,14,14,10,14,14,10,11,14,0,0,0,0,-1,
0,0,0,0.0348072,0,0,14,0.0264129,0,0,15,0.0264129,0,0,16,0.0264129,0,0,17,0.0348072,0,0,18,0.0264129,0,0,19,0.0264129,0,7,42,0.0264129,0,7,43,0.0264129,0,7,44,0.0264129,0,7,45,0.0264129,0,7,46,0.0348072,0,7,47,0.0264129,1,1,7,0.0348072,1,1,21,0.0264129,1,4,21,0.0348072,1,4,35,0.0264129,1,4,49,0.0264129,1,7,0,0.0264129,1,7,1,0.0264129,2,0,57,0.0348072,2,0,62,0.0264129,2,0,63,0.0264129,2,5,21,0.0264128,2,5,28,0.0264129,3,0,0,0.0264129,3,0,7,0.0348072,3,2,0,0.0348072,3,2,49,0.0264129,3,3,0,0.0264129,3,3,7,0.0264129,5,7,58,0.0264129,5,7,59,0.0348072,5,7,60,0.0264129,5,7,61,0.0264129,
a8f8
BLACK
14,3,2,14,14,2,14,14,1,14,0,14,0,3,14,0,9,14,14,14,1,5,0,14,0,0,14,4,14,14,0,14,14,14,14,14,8,8,8,8,14,14,13,14,14,14,14,9,8,14,14,10,14,14,10,14,14,14,14,14,14,11,14,11,0,0,0,0,-1,
0,1,0,0.0212,0,1,1,0.0292,0,1,42,0.0292,0,2,7,0.0211999,0,2,49,0.0212,0,2,50,0.0292,0,5,7,0.0292,0,5,8,0.0211999,1,0,56,0.0292,1,2,0,0.0211999,1,2,1,0.0212,1,5,14,0.0292,1,7,0,0.0212,1,7,1,0.0211999,2,4,57,0.0211999,2,4,58,0.0212,2,4,59,0.0292,2,4,61,0.0292,2,4,63,0.0211999,2,5,21,0.0212,3,0,0,0.0211999,3,1,0,0.0292,3,3,0,0.0212,3,3,1,0.0292,3,3,2,0.0292,3,3,7,0.0211999,3,3,14,0.0292,3,3,15,0.0212,3,3,28,0.0212,3,3,29,0.0292,3,3,30,0.0292,3,3,35,0.0211999,3,3,36,0.0212,3,3,37,0.0212,3,3,42,0.0292,3,3,49,0.0292,3,3,50,0.0292,3,3,51,0.0292,3,6,7,0.0292,3,6,49,0.0212,
e3c4
WHITE
3,14,3,14,14,14,14,14,14,2,14,14,2,14,14,0,1,14,14,14,14,5,14,14,0,0,0,0,14,14,14,14,14,8,14,14,12,9,8,8,14,8,13,14,14,14,14,1,8,14,11,8,14,8,14,9,14,14,10,14,14,10,11,14,0,0,0,0,-1,
0,0,0,0.0314235,0,0,14,0.0314236,0,2,0,0.0314235,0,2,1,0.0314235,0,2,14,0.0314236,0,2,15,0.0314235,0,2,16,0.0314234,0,2,17,0.0400471,0,2,18,0.0314235,0,2,42,0.0314235,1,1,7,0.0314235,1,4,21,0.0314235,1,4,35,0.0314235,1,4,49,0.0314236,1,7,0,0.0314235,1,7,1,0.0314235,2,0,57,0.0400471,2,0,62,0.0314235,2,0,63,0.0314235,2,5,21,0.0314235,2,5,28,0.0314236,3,0,0,0.0314235,3,0,7,0.0314235,3,2,0,0.0400471,3,2,49,0.0314235,3,3,0,0.0314235,3,3,7,0.0314236,5,7,58,0.0314235,5,7,59,0.0314235,5,7,60,0.0314235,5,7,61,0.0314235,
h8h7
BLACK
14,3,2,14,14,2,14,14,1,14,0,14,0,3,14,0,9,14,14,14,14,5,0,14,0,0,1,4,14,14,0,14,14,14,14,14,8,8,8,8,14,14,13,14,14,14,14,9,8,14,14,10,14,14,10,11,14,14,14,14,14,11,14,14,0,0,0,0,-1,
0,1,0,0.0176001,0,1,1,0.0257683,0,1,42,0.0257683,0,2,7,0.0176001,0,2,8,0.0257683,0,2,9,0.0257683,0,2,10,0.0176001,0,2,49,0.0176001,0,2,50,0.0176001,0,5,7,0.0176001,0,5,8,0.0176001,1,0,56,0.0257683,1,2,0,0.0176001,1,4,0,0.0176001,1,4,1,0.0257683,1,5,14,0.0257683,1,7,0,0.0176001,1,7,1,0.0176001,2,5,21,0.0176001,2,5,42,0.0257683,3,0,0,0.0176001,3,1,0,0.0257683,3,2,56,0.0257683,3,2,57,0.0257683,3,2,58,0.0257683,3,2,59,0.0257683,3,2,60,0.0176001,3,2,61,0.0257683,3,2,62,0.0176001,3,2,63,0.0176001,3,3,0,0.0176001,3,3,1,0.0176001,3,3,2,0.0257683,3,3,7,0.0176001,3,3,14,0.0257683,3,3,15,0.0176001,3,3,21,0.0176001,3,3,28,0.0176001,3,3,29,0.0176001,3,3,30,0.0176001,3,3,35,0.0176001,3,3,36,0.0176001,3,3,37,0.0176001,3,3,49,0.0257683,3,3,50,0.0176001,3,3,51,0.0257683,3,6,7,0.0257683,3,6,49,0.0176001,
d4c5
WHITE
14,14,3,14,14,14,14,14,3,2,14,14,2,14,14,0,1,14,14,14,14,5,14,14,0,0,0,0,14,12,14,14,14,8,14,14,14,9,8,8,14,8,13,14,14,14,14,1,8,14,11,8,14,8,14,9,14,14,10,14,14,10,11,14,0,0,0,0,-1,
2,5,21,1,
c6b7
BLACK
14,3,2,14,14,2,14,14,1,14,0,14,0,3,14,0,9,14,14,14,14,5,0,14,0,0,1,14,14,14,0,14,14,14,4,14,8,8,8,8,14,14,14,14,14,14,14,9,8,13,14,10,14,14,10,11,14,14,14,14,14,11,14,14,0,0,0,0,-1,
0,1,0,0.0228409,0,1,1,0.0228409,0,1,42,0.0228409,0,2,7,0.0228409,0,2,8,0.0228409,0,2,9,0.0228409,0,2,10,0.0228409,0,2,49,0.0228409,0,2,50,0.0228409,0,5,7,0.0228409,0,5,8,0.0156007,1,0,56,0.0228409,1,2,0,0.0228409,1,4,0,0.0156007,1,4,1,0.0228409,1,5,14,0.0228409,1,7,0,0.0228409,1,7,1,0.0228409,2,5,21,0.0156006,2,5,42,0.0228409,3,0,0,0.0228409,3,1,0,0.0228409,3,2,56,0.0228409,3,2,57,0.0228409,3,2,58,0.0228409,3,2,59,0.0228409,3,2,60,0.022841,3,2,61,0.0228409,3,2,62,0.0228409,3,2,63,0.022841,3,6,7,0.0228409,3,6,49,0.0156006,4,2,0,0.0228409,4,2,1,0.0228409,4,2,2,0.0228409,4,2,7,0.0156006,4,2,8,0.0156007,4,2,9,0.0228409,4,2,14,0.0228409,4,2,15,0.0228409,4,2,21,0.0228409,4,2,22,0.0228409,4,2,42,0.0156006,4,2,43,0.0228409,4,2,49,0.0228409,4,2,50,0.0228409,
g4h5 (capture)
WHITE
14,14,3,14,14,14,14,14,3,2,14,14,2,14,5,0,1,14,14,14,14,14,14,14,8,0,0,0,14,12,14,14,14,14,14,14,14,9,8,8,14,8,13,14,14,14,14,1,8,14,11,8,14,8,14,9,14,14,10,14,14,10,11,14,0,0,0,0,-1,
0,2,0,0.0292584,0,2,1,0.0292585,0,2,14,0.0292584,0,2,15,0.0292585,0,2,16,0.0292585,0,2,17,0.0378762,0,2,18,0.0292584,0,2,42,0.0292584,0,2,43,0.0292585,1,0,28,0.0292585,1,1,7,0.0292585,1,1,35,0.0292584,1,4,7,0.0292584,1,4,8,0.0292585,1,4,9,0.0292584,1,4,21,0.0292585,1,4,35,0.0292584,1,4,49,0.0292584,1,6,7,0.0292585,1,6,21,0.0292585,1,6,28,0.0378762,1,7,0,0.0292585,1,7,1,0.0292584,2,0,57,0.0378762,2,0,62,0.0292585,2,0,63,0.0292584,3,1,0,0.0292585,3,2,0,0.0378762,3,3,0,0.0292584,5,7,58,0.0292585,5,7,59,0.0292585,5,7,60,0.0292584,5,7,61,0.0292584,
a7a6
BLACK
14,3,2,14,14,2,14,14,1,14,0,14,0,3,14,0,9,14,14,14,14,5,0,14,0,0,1,14,14,14,14,14,14,14,4,14,8,8,8,0,8,14,14,14,14,14,14,9,14,13,14,10,14,14,10,11,14,14,14,14,14,11,14,14,0,0,0,0,-1,
0,1,0,0.0213751,0,1,1,0.0213751,0,1,42,0.0213751,0,2,7,0.0213751,0,2,8,0.0213751,0,2,9,0.0302735,0,2,10,0.0213751,0,2,49,0.0213752,0,2,50,0.0213751,0,5,7,0.0213751,0,5,8,0.0213751,1,0,56,0.0213751,1,2,0,0.0213751,1,4,0,0.0213751,1,4,1,0.0213751,1,5,14,0.0213751,1,7,0,0.0213751,1,7,1,0.0213751,2,5,21,0.0213751,2,5,42,0.0213751,2,6,0,0.0213752,3,0,0,0.0213751,3,1,0,0.0213751,3,2,56,0.0213751,3,2,57,0.0213751,3,2,58,0.0302735,3,2,59,0.0213751,3,2,60,0.0213751,3,2,61,0.0213751,3,2,62,0.0213751,3,2,63,0.0213752,4,2,0,0.0213751,4,2,1,0.0416976,4,2,2,0.0213751,4,2,7,0.0213751,4,2,8,0.0213751,4,2,9,0.0213751,4,2,14,0.0213751,4,2,15,0.0213751,4,2,21,0.0213751,4,2,22,0.0213751,4,2,42,0.0213751,4,2,43,0.0213752,4,2,49,0.0213751,4,2,50,0.0213751,
h2h4
WHITE
14,14,3,14,14,14,14,14,3,2,14,14,2,14,5,14,1,14,14,14,14,14,14,0,8,0,0,0,14,12,14,14,8,14,14,14,14,9,8,8,14,8,13,14,14,14,14,1,14,14,11,8,14,8,14,9,14,14,10,14,14,10,11,14,0,0,0,0,40,
0,2,0,0.0344327,0,2,1,0.0344326,0,2,14,0.0265984,0,2,15,0.0344327,0,2,16,0.0265984,0,2,17,0.0344327,0,2,18,0.0265984,0,2,42,0.0344327,0,2,43,0.0265984,1,0,28,0.0344327,1,1,7,0.0344327,1,1,35,0.0265984,1,4,7,0.0265985,1,4,8,0.0344327,1,4,9,0.0265984,1,4,21,0.0344327,1,4,35,0.0265984,1,4,49,0.0265984,1,6,21,0.0344327,1,6,28,0.0344327,2,0,57,0.0344327,2,0,62,0.0344327,2,0,63,0.0344326,2,7,0,0.0344326,3,1,0,0.0344327,3,1,49,0.0265984,3,2,0,0.0344327,3,3,0,0.0265984,5,7,58,0.0344326,5,7,59,0.0344327,5,7,60,0.0265984,5,7,61,0.0265984,
b7b8
BLACK
14,3,2,14,14,2,14,14,1,14,0,14,0,3,14,14,9,14,14,14,14,5,0,14,0,0,1,14,14,14,14,0,14,14,4,14,8,8,8,0,8,14,14,14,14,14,14,9,14,14,14,10,14,14,10,11,14,13,14,14,14,11,14,14,0,0,0,0,-1,
0,1,0,0.0213751,0,1,1,0.0213751,0,1,42,0.0213751,0,2,7,0.0213751,0,2,8,0.0213751,0,2,9,0.0302735,0,2,10,0.0213751,0,2,49,0.0213752,0,2,50,0.0213751,0,5,7,0.0213751,0,5,8,0.0213751,1,0,56,0.0213751,1,2,0,0.0213751,1,4,0,0.0213751,1,4,1,0.0213751,1,5,14,0.0213751,1,5,15,0.0213751,2,5,21,0.0213751,2,5,42,0.0213751,2,6,0,0.0213752,3,0,0,0.0213751,3,1,0,0.0213751,3,2,56,0.0213751,3,2,57,0.0213751,3,2,58,0.0302735,3,2,59,0.0213751,3,2,60,0.0213751,3,2,61,0.0213751,3,2,62,0.0213752,3,2,63,0.0213751,3,7,49,0.0213751,4,2,0,0.0213751,4,2,1,0.0416976,4,2,2,0.0213751,4,2,7,0.0213751,4,2,8,0.0213751,4,2,9,0.0213751,4,2,14,0.0213751,4,2,15,0.0213751,4,2,21,0.0213752,4,2,22,0.0213751,4,2,42,0.0213751,4,2,43,0.0213751,4,2,49,0.0213751,4,2,50,0.0213751,
c5d6
WHITE
14,14,3,14,14,14,5,14,3,2,14,14,2,14,14,14,1,14,14,14,12,14,14,0,8,0,0,0,14,14,14,14,8,14,14,14,14,9,8,8,14,8,13,14,14,14,14,1,14,14,11,8,14,8,14,9,14,14,10,14,14,10,11,14,0,0,0,0,-1,
0,6,0,0.259709,0,6,7,0.220874,0,6,14,0.259708,0,6,42,0.259709,
b8c8
BLACK
14,3,2,14,14,2,14,14,1,14,0,14,0,3,14,14,9,14,14,14,14,5,0,14,0,0,1,14,14,14,14,0,14,14,14,14,8,8,8,0,8,14,14,4,14,14,14,9,14,14,14,10,14,14,10,11,14,14,13,14,14,11,14,14,0,0,0,0,-1,
0,1,0,0.0188051,0,1,1,0.0188052,0,1,42,0.0188051,0,2,7,0.0188051,0,2,8,0.0188051,0,2,9,0.0275326,0,2,10,0.0188051,0,2,49,0.0188051,0,2,50,0.0188052,0,5,7,0.0188052,0,5,8,0.0188051,1,0,56,0.0188052,1,2,0,0.0188051,1,4,0,0.0188051,1,4,1,0.0188052,1,5,14,0.0188052,1,5,15,0.0188052,2,5,21,0.0188051,2,5,42,0.0188051,2,6,0,0.0188051,3,0,0,0.0188051,3,1,0,0.0275326,3,2,56,0.0275326,3,2,58,0.0275326,3,2,59,0.0188051,3,2,60,0.0188051,3,2,61,0.0188051,3,2,62,0.0188052,3,2,63,0.0188052,3,7,49,0.0275326,5,3,0,0.0188052,5,3,7,0.0275326,5,3,8,0.0188051,5,3,14,0.0188051,5,3,15,0.0188051,5,3,16,0.0188051,5,3,17,0.0188051,5,3,21,0.0275326,5,3,28,0.0188051,5,3,29,0.0275326,5,3,30,0.0275326,5,3,31,0.0188052,5,3,32,0.0188051,5,3,35,0.0188052,5,3,42,0.0188051,5,3,43,0.0188051,5,3,44,0.0188051,5,3,49,0.0188052,5,3,50,0.0188051,
d6h6 (capture)
WHITE
14,14,3,14,14,5,14,14,3,2,14,14,2,14,14,14,12,14,14,14,14,14,14,0,8,0,0,0,14,14,14,14,8,14,14,14,14,9,8,8,14,8,13,14,14,14,14,1,14,14,11,8,14,8,14,9,14,14,10,14,14,10,11,14,0,0,0,0,-1,
0,2,0,0.0411535,0,2,1,0.0327426,0,2,14,0.0327426,0,2,15,0.0327426,0,2,42,0.0327426,0,2,43,0.0327426,0,5,0,0.0327426,0,5,7,0.0327426,0,5,14,0.0327425,0,5,42,0.0327425,1,0,0,0.0411535,1,0,28,0.0411535,1,1,7,0.0327425,1,1,35,0.0327426,1,1,49,0.0411535,1,4,7,0.0327426,1,4,8,0.0327426,1,4,9,0.0327426,1,4,35,0.0327425,1,4,49,0.0327426,2,7,0,0.0327426,3,1,0,0.0411535,3,1,49,0.0327426,3,2,0,0.0411535,3,3,0,0.0327426,5,7,58,0.0327426,5,7,59,0.0327426,5,7,60,0.0327426,5,7,61,0.0327425,
f8f6
BLACK
14,3,2,14,14,2,14,14,1,14,0,14,0,3,14,14,9,14,14,14,14,5,0,14,0,0,1,14,14,14,14,0,14,14,14,14,8,8,8,0,8,14,14,14,14,11,14,4,14,14,14,10,14,14,10,11,14,14,13,14,14,14,14,14,0,0,0,0,-1,
0,1,0,0.0288041,0,1,1,0.028804,0,1,42,0.028804,0,2,7,0.0214148,0,2,8,0.0288041,0,2,9,0.028804,0,2,10,0.0288041,0,2,49,0.0288041,0,2,50,0.0288041,0,5,7,0.0288041,0,5,8,0.0214148,1,0,56,0.028804,1,2,0,0.0288041,1,4,0,0.0214148,1,4,1,0.0288041,1,5,14,0.0288041,1,5,15,0.0288041,2,5,21,0.0214148,2,5,42,0.028804,2,6,0,0.0288041,3,0,0,0.0288041,3,1,0,0.028804,3,2,56,0.028804,3,2,57,0.0288041,3,2,58,0.028804,3,2,59,0.0288041,3,2,60,0.0288041,3,2,61,0.0288041,3,2,62,0.0288041,3,2,63,0.0288041,3,7,49,0.028804,5,7,0,0.0288041,5,7,35,0.0214148,5,7,42,0.028804,5,7,43,0.0288041,5,7,49,0.0288041,
f3e3
WHITE
14,14,14,14,14,5,14,14,3,2,14,14,2,14,14,14,12,14,3,14,14,14,14,0,8,0,0,0,14,14,14,14,8,14,14,14,14,9,8,8,14,8,14,13,14,14,14,1,14,14,11,8,14,8,14,9,14,14,10,14,14,10,11,14,0,0,0,0,-1,
0,5,0,0.0314235,0,5,7,0.0314235,0,5,14,0.0314235,0,5,42,0.0314235,1,0,0,0.0314235,1,0,28,0.0400471,1,1,21,0.0314234,1,1,35,0.0314235,1,1,49,0.0314235,1,4,7,0.0314235,1,4,8,0.0314235,1,4,9,0.0314236,1,4,35,0.0314235,1,4,49,0.0314236,2,2,14,0.0314235,2,2,15,0.0314236,2,2,16,0.0314235,2,2,17,0.0400471,2,2,28,0.0314235,2,2,29,0.0314236,2,2,42,0.0314235,2,2,43,0.0314235,2,7,0,0.0314235,3,1,0,0.0314235,3,1,49,0.0314235,3,2,0,0.0400471,3,3,0,0.0314236,5,7,58,0.0314235,5,7,59,0.0314235,5,7,60,0.0314235,5,7,61,0.0314235,
d7c6
BLACK
14,3,2,14,14,2,14,14,1,14,0,14,0,3,14,14,9,14,14,14,5,14,0,14,0,0,1,14,14,14,14,0,14,14,14,14,8,8,8,0,8,14,10,14,14,11,14,4,14,14,14,14,14,14,10,11,14,14,13,14,14,14,14,14,0,0,0,0,-1,
0,1,0,0.0292585,0,1,1,0.0292585,0,1,42,0.0292585,0,2,7,0.0292584,0,2,49,0.0292584,0,2,50,0.0292585,0,5,7,0.0292584,0,5,8,0.0292585,1,0,56,0.0292585,1,2,0,0.0292584,1,5,0,0.0378762,1,5,1,0.0292584,1,5,2,0.0292584,1,5,14,0.0292585,1,5,15,0.0292585,2,4,35,0.0292584,2,4,42,0.0292585,2,6,0,0.0292584,3,0,0,0.0292584,3,1,0,0.0292585,3,2,56,0.0378762,3,2,57,0.0292585,3,2,58,0.0378762,3,2,59,0.0292585,3,2,60,0.0292584,3,2,61,0.0292585,3,2,62,0.0292584,3,7,49,0.0378762,5,7,0,0.0292585,5,7,35,0.0292584,5,7,42,0.0292585,5,7,43,0.0292584,5,7,49,0.0292584,
f2f4
WHITE
14,14,14,14,14,5,14,14,3,2,14,14,14,14,14,14,12,14,3,14,14,2,14,0,8,0,0,0,14,14,14,14,8,14,11,14,14,9,8,8,14,8,14,13,14,14,14,1,14,14,14,8,14,8,14,9,14,14,10,14,14,10,11,14,0,0,0,0,-1,
0,5,0,0.0231423,0,5,7,0.0311276,0,5,14,0.0231423,0,5,42,0.0231423,0,5,49,0.0311276,1,0,0,0.0311276,1,0,28,0.0311276,1,1,21,0.0231423,1,1,35,0.0231423,1,1,49,0.0311276,2,2,14,0.0311276,2,2,15,0.0231423,2,2,28,0.0231423,2,2,29,0.0231423,2,2,42,0.0311276,2,2,43,0.0311276,2,5,7,0.0311276,2,5,8,0.0311276,2,5,21,0.0231423,2,5,22,0.0231423,2,5,35,0.0231423,2,5,36,0.0311276,2,5,49,0.0231423,2,5,50,0.0231423,2,5,51,0.0231423,2,5,52,0.0231423,2,5,53,0.0231423,2,7,0,0.0311276,3,1,0,0.0311276,3,1,7,0.0311276,3,1,49,0.0231423,3,3,0,0.0231423,3,3,49,0.0311276,5,7,58,0.0311276,5,7,59,0.0311276,5,7,60,0.0311276,5,7,61,0.0231423,
c8d7
BLACK
14,3,2,14,14,2,14,14,1,14,0,14,0,14,14,14,9,14,14,14,5,14,0,14,0,0,1,14,14,3,14,0,14,14,14,14,8,8,8,0,8,14,10,14,14,11,14,4,14,14,14,13,14,14,10,11,14,14,14,14,14,14,14,14,0,0,0,0,-1,
0,1,0,0.0264129,0,1,1,0.0348072,0,1,42,0.0348072,0,2,7,0.0264129,0,2,49,0.0264129,0,2,50,0.0264129,0,5,7,0.0264129,0,5,8,0.0264129,1,0,56,0.0264129,1,2,0,0.0264129,2,4,21,0.0264129,2,4,35,0.0264129,2,4,42,0.0264129,2,6,0,0.0264129,3,0,0,0.0264129,3,1,0,0.0348072,3,2,56,0.0348072,3,2,57,0.0264129,3,2,58,0.0348072,3,2,59,0.0264129,3,2,60,0.0264129,3,2,61,0.0264129,3,2,62,0.0264129,3,5,0,0.0264129,3,5,14,0.0348072,3,5,28,0.0264129,3,5,29,0.0348072,3,5,42,0.0348072,3,5,43,0.0264129,3,7,49,0.0348072,5,7,0,0.0264129,5,7,35,0.0264128,5,7,42,0.0264129,5,7,43,0.0264129,5,7,49,0.0264129,
h4g5 (capture)
WHITE
14,14,14,14,14,14,14,14,3,2,14,14,5,14,14,14,12,14,3,14,14,2,14,0,8,8,0,0,14,14,14,14,14,14,11,14,14,9,8,8,14,8,14,13,14,14,14,1,14,14,14,8,14,8,14,9,14,14,10,14,14,10,11,14,0,0,0,0,-1,
1,0,0,0.0378762,1,0,28,0.0378762,1,1,21,0.0292585,1,1,35,0.0292584,1,1,49,0.0292584,1,4,14,0.0378762,1,4,21,0.0292585,1,4,28,0.0292584,1,4,35,0.0292584,1,4,42,0.0378762,1,4,49,0.0292584,2,2,14,0.0292585,2,2,15,0.0292584,2,2,28,0.0292584,2,2,29,0.0292585,2,2,42,0.0292585,2,2,43,0.0292585,2,5,7,0.0292585,2,5,8,0.0292585,2,5,21,0.0292584,2,5,22,0.0292585,2,5,49,0.0292584,2,5,50,0.0292585,2,5,51,0.0292584,2,5,52,0.0292584,2,5,53,0.0292584,2,7,0,0.0292585,3,3,0,0.0292584,3,3,49,0.0292585,5,7,58,0.0292585,5,7,59,0.0292585,5,7,60,0.0292585,5,7,61,0.0292584,
f6f7
BLACK
14,3,2,14,14,2,14,14,1,14,0,14,0,14,14,14,9,14,14,14,5,14,0,14,0,0,1,14,14,3,14,14,14,14,14,14,8,8,0,0,8,14,10,14,14,14,14,4,14,14,14,13,14,11,10,11,14,14,14,14,14,14,14,14,0,0,0,0,-1,
0,1,0,0.0251729,0,1,1,0.0251729,0,1,42,0.0338589,0,2,7,0.0251729,0,2,49,0.0251729,0,2,50,0.0251729,0,5,7,0.0251729,0,5,8,0.0251729,1,0,56,0.0251729,1,2,0,0.0251729,2,4,21,0.0251729,2,4,35,0.0251729,2,4,42,0.0251729,2,6,0,0.0251729,3,0,0,0.0251729,3,1,0,0.0338589,3,2,56,0.0338589,3,2,57,0.0251729,3,2,58,0.0338589,3,2,59,0.0251729,3,2,60,0.0251729,3,2,61,0.0251729,3,2,62,0.0251729,3,5,0,0.0251729,3,5,14,0.0251729,3,5,15,0.0251729,3,5,28,0.0251729,3,5,29,0.0338589,3,5,42,0.0251729,3,5,43,0.0251729,4,6,0,0.0251729,5,7,0,0.0251729,5,7,42,0.0251729,5,7,43,0.0251729,5,7,44,0.0251729,5,7,45,0.0251729,5,7,46,0.0251729,5,7,49,0.0251729,
f1h3
WHITE
14,14,14,14,14,14,14,14,3,2,3,14,5,14,14,14,12,14,14,14,14,2,14,0,8,8,0,0,14,14,14,14,14,14,11,14,14,9,8,8,10,8,14,13,14,14,14,1,14,14,14,8,14,8,14,9,14,14,14,14,14,10,11,14,0,0,0,0,-1,
1,0,0,0.0361908,1,0,28,0.0361908,1,1,7,0.0361908,1,1,21,0.0283976,1,1,35,0.0361909,1,1,49,0.0361908,1,2,0,0.0361909,1,2,14,0.0361909,1,2,28,0.0361908,1,4,14,0.0361908,1,4,21,0.0361908,1,4,28,0.0283977,1,4,35,0.0283977,1,4,42,0.0361908,2,5,7,0.0361908,2,5,8,0.0361909,2,5,21,0.0283976,2,5,22,0.0283977,2,5,49,0.0283977,2,5,50,0.0283976,2,5,51,0.0283976,2,5,52,0.0283977,2,5,53,0.0361908,2,7,0,0.0361908,3,3,0,0.0283977,3,3,49,0.0361908,5,7,58,0.0361908,5,7,59,0.0361908,5,7,60,0.0361908,5,7,61,0.0283976,
d7e7
BLACK
14,3,2,14,14,14,14,14,1,14,0,14,0,14,14,14,9,14,14,14,5,14,0,2,0,0,1,14,14,3,14,14,14,14,14,14,8,8,0,0,8,14,10,14,14,14,14,4,14,14,14,14,13,11,10,11,14,14,14,14,14,14,14,14,0,0,0,0,-1,
0,1,0,0.0229139,0,1,1,0.0229139,0,1,42,0.0315608,0,2,7,0.022914,0,2,49,0.0229139,0,2,50,0.022914,1,0,56,0.0229139,1,2,0,0.022914,2,4,21,0.022914,2,4,35,0.022914,2,4,42,0.0229139,2,6,0,0.0229139,2,7,35,0.0315608,2,7,36,0.0315608,2,7,49,0.022914,2,7,50,0.0229139,3,0,0,0.0229139,3,1,0,0.0315608,3,2,56,0.0315608,3,2,57,0.0229139,3,2,58,0.0315608,3,2,59,0.0229139,3,2,60,0.0229139,3,2,61,0.0229139,3,2,62,0.0229139,3,5,0,0.0229139,3,5,14,0.0229139,3,5,15,0.0229139,3,5,28,0.0229139,3,5,29,0.0315608,3,5,30,0.0229139,3,5,42,0.0229139,3,5,43,0.022914,4,6,0,0.0229139,5,7,0,0.022914,5,7,42,0.0229139,5,7,43,0.022914,5,7,44,0.022914,5,7,45,0.0229139,5,7,46,0.022914,5,7,49,0.0229139,
h3f1
WHITE
14,14,14,14,14,14,14,14,3,2,3,5,14,14,14,14,12,14,14,14,14,2,14,0,8,8,0,0,14,14,14,14,14,14,11,14,14,9,8,8,14,8,14,13,14,14,14,1,14,14,14,8,14,8,14,9,14,14,10,14,14,10,11,14,0,0,0,0,-1,
1,0,0,0.0361908,1,0,28,0.0361908,1,1,7,0.0361908,1,1,21,0.0283977,1,1,35,0.0361908,1,1,49,0.0361908,1,2,0,0.0361909,1,2,28,0.0361909,1,3,14,0.0283976,1,3,21,0.0283976,1,3,28,0.0361908,1,3,35,0.0361908,2,5,7,0.0361908,2,5,8,0.0361908,2,5,21,0.0283976,2,5,22,0.0283977,2,5,35,0.0283976,2,5,36,0.0361908,2,5,49,0.0283977,2,5,50,0.0283977,2,5,51,0.0283977,2,5,52,0.0283977,2,5,53,0.0361909,2,7,0,0.0361908,3,3,0,0.0361909,3,3,49,0.0361908,5,7,58,0.0361908,5,7,59,0.0361908,5,7,60,0.0361908,5,7,61,0.0283976,
g7f8
BLACK
14,3,2,14,14,2,14,14,1,14,0,14,0,14,14,14,9,14,14,14,5,14,0,14,0,0,1,14,14,3,14,14,14,14,14,14,8,8,0,0,8,14,10,14,14,14,14,4,14,14,14,14,13,11,14,11,14,14,14,14,14,10,14,14,0,0,0,0,-1,
0,1,0,0.0271679,0,1,1,0.0271679,0,1,42,0.0271679,0,2,7,0.0197246,0,2,49,0.0271679,0,2,50,0.0271678,0,5,7,0.0271678,0,5,8,0.0197246,1,0,56,0.0271679,1,2,0,0.0271679,2,4,21,0.0271679,2,4,35,0.0197245,2,4,42,0.0271679,2,6,0,0.0271679,3,0,0,0.0271679,3,1,0,0.0271679,3,2,56,0.0271679,3,2,57,0.0271679,3,2,58,0.0271679,3,2,59,0.0271679,3,2,60,0.0271679,3,2,61,0.0271679,3,2,62,0.0271678,3,5,0,0.0197245,3,5,14,0.0271679,3,5,15,0.0197246,3,5,28,0.0271679,3,5,29,0.0271679,3,5,42,0.0271679,3,5,43,0.0271679,4,6,0,0.0197245,5,7,0,0.0271679,5,7,42,0.0271679,5,7,43,0.0271678,5,7,44,0.0271678,5,7,45,0.0271679,5,7,46,0.0197245,5,7,49,0.0271679,5,7,50,0.0197245,
h6h7 (capture)
WHITE
14,14,2,14,14,14,14,14,12,14,3,5,14,14,14,14,14,14,14,14,14,2,14,0,8,8,0,0,14,14,14,14,14,14,11,14,14,9,8,8,14,8,14,13,14,14,14,1,14,14,14,8,14,8,14,9,14,14,10,14,14,10,11,14,0,0,0,0,-1,
0,2,49,0.0368478,0,2,50,0.0368478,1,2,42,0.0452394,1,2,43,0.0368478,1,3,0,0.0368477,1,3,14,0.0368478,1,3,21,0.0368478,1,3,28,0.0368478,2,5,7,0.0452394,2,5,8,0.0368477,2,5,21,0.0368478,2,5,22,0.0368478,2,5,35,0.0368478,2,5,36,0.0452394,2,5,49,0.0368477,2,5,50,0.0368478,2,5,51,0.0368478,2,5,52,0.0368478,2,5,53,0.0368478,2,7,0,0.0368478,3,3,0,0.0368478,3,3,49,0.0452394,5,7,58,0.0368478,5,7,59,0.0452394,5,7,60,0.0368478,5,7,61,0.0368478,
c6e4
BLACK
14,3,2,14,14,2,14,14,1,14,0,14,0,14,14,14,9,14,14,14,5,14,0,14,0,0,1,14,10,3,14,14,14,14,14,14,8,8,0,0,8,14,14,14,14,14,14,14,14,14,14,14,13,11,14,4,14,14,14,14,14,10,14,14,0,0,0,0,-1,
0,1,0,0.0231423,0,1,1,0.0311276,0,1,42,0.0311276,0,2,7,0.0231423,0,2,49,0.0231423,0,2,50,0.0311276,0,5,7,0.0231423,0,5,8,0.0231423,1,0,56,0.0311276,1,2,0,0.0231423,2,4,21,0.0231423,2,4,35,0.0231423,2,6,0,0.0231423,3,0,0,0.0231423,3,1,0,0.0311276,3,2,56,0.0311276,3,2,57,0.0311276,3,2,58,0.0311276,3,2,59,0.0311276,3,2,60,0.0231423,3,2,61,0.0311276,3,2,62,0.0231423,3,5,0,0.0231423,3,5,14,0.0311276,3,5,15,0.0231423,3,5,28,0.0311276,3,5,29,0.0311276,3,5,42,0.0311276,4,6,0,0.0231423,4,7,0,0.0231423,6,7,0,0.0231423,6,7,28,0.0311276,6,7,35,0.0231423,6,7,36,0.0311276,6,7,42,0.0311276,6,7,43,0.0311276,6,7,49,0.0231423,
f4f5 (capture)
WHITE
14,14,2,14,14,14,14,14,12,14,3,5,14,14,14,14,14,14,14,14,14,14,14,0,8,8,11,0,14,14,14,14,14,14,14,2,14,9,8,8,14,8,14,13,14,14,14,1,14,14,14,8,14,8,14,9,14,14,10,14,14,10,11,14,0,0,0,0,-1,
0,2,49,0.0458,0,2,50,0.0458,1,2,42,0.0458,1,2,43,0.0458,1,3,0,0.0312821,1,3,14,0.0380235,1,3,21,0.0380235,1,3,28,0.0458,2,7,0,0.0458,4,3,7,0.0380235,4,3,8,0.0458,4,3,21,0.0458,4,3,22,0.0380235,4,3,23,0.0458,4,3,24,0.0458,4,3,35,0.0458,4,3,49,0.0458,4,3,50,0.0458,4,3,51,0.0458,5,7,58,0.0458,5,7,59,0.0458,5,7,60,0.0458,5,7,61,0.0380235,
e4c6
BLACK
14,3,2,14,14,2,14,14,1,14,0,14,0,14,14,14,9,14,14,14,5,14,0,14,0,0,1,14,14,14,14,14,14,14,14,14,8,3,0,0,8,14,10,14,14,14,14,14,14,14,14,14,13,11,14,4,14,14,14,14,14,10,14,14,0,0,0,0,-1,
0,1,0,0.0231423,0,1,1,0.0311276,0,1,42,0.0311276,0,2,7,0.0231423,0,2,49,0.0231423,0,2,50,0.0311276,0,5,7,0.0231423,0,5,8,0.0231423,1,0,56,0.0311276,1,2,0,0.0231423,2,4,21,0.0231423,2,4,35,0.0231423,2,4,42,0.0311276,2,6,0,0.0231423,3,0,0,0.0231423,3,1,0,0.0311276,3,2,56,0.0311276,3,2,57,0.0311276,3,2,58,0.0311276,3,2,59,0.0311276,3,2,60,0.0311276,3,2,61,0.0311276,3,2,62,0.0231423,4,5,0,0.0311276,4,5,1,0.0311276,4,5,28,0.0231423,4,5,29,0.0231423,4,5,30,0.0231423,4,5,42,0.0231423,4,6,0,0.0231423,4,7,0,0.0231423,6,7,0,0.0231423,6,7,28,0.0311276,6,7,35,0.0231423,6,7,42,0.0311276,6,7,43,0.0311276,6,7,49,0.0311276,
c4a3 (capture)
WHITE
14,14,2,14,14,14,14,14,12,14,3,5,14,14,14,14,14,14,14,14,14,2,14,0,8,8,11,0,14,14,14,14,14,14,14,14,14,14,8,8,14,8,14,13,14,14,14,9,14,14,14,8,14,8,14,9,14,14,10,14,14,10,11,14,0,0,0,0,-1,
0,2,49,0.0479393,0,2,50,0.0479393,1,2,42,0.0479393,1,2,43,0.0479393,1,3,0,0.0479392,1,3,7,0.0479392,1,3,14,0.0401301,1,3,21,0.0401301,1,3,28,0.0479393,2,5,7,0.0479393,2,5,8,0.0479392,2,5,21,0.0401302,2,5,22,0.0479392,2,5,35,0.0401302,2,5,36,0.0479392,2,5,49,0.0401301,2,5,50,0.0401302,2,5,51,0.0401302,2,5,52,0.0479392,2,5,53,0.0479392,2,7,0,0.0479392,3,3,0,0.0479392,
c6b7
BLACK
14,3,2,14,14,2,14,14,1,14,0,14,0,14,14,14,1,14,14,14,5,14,0,14,0,0,14,14,14,14,14,14,14,14,14,14,8,3,0,0,8,14,14,14,14,14,14,14,14,10,14,14,13,11,14,4,14,14,14,14,14,10,14,14,0,0,0,0,-1,
0,1,0,0.0265555,0,1,1,0.0343772,0,1,42,0.0343772,0,2,7,0.0265555,0,2,49,0.0343772,0,5,7,0.0343772,0,5,8,0.0265555,1,0,56,0.0343772,1,2,0,0.0265555,1,2,1,0.0265555,2,0,56,0.0343772,2,0,57,0.0343772,2,4,21,0.0265555,2,4,35,0.0265555,2,4,42,0.0343772,2,6,0,0.0343772,3,0,0,0.0265555,3,1,0,0.0343772,4,5,0,0.0343772,4,5,1,0.0343772,4,5,28,0.0265555,4,5,29,0.0265555,4,5,30,0.0343772,4,5,42,0.0265555,4,6,0,0.0265555,4,7,0,0.0265555,6,7,0,0.0265555,6,7,28,0.0343772,6,7,35,0.0343772,6,7,42,0.0343772,6,7,43,0.0438112,6,7,49,0.0343772,
f5f4
WHITE
14,14,2,14,14,14,14,14,12,14,3,5,14,14,2,14,14,14,14,14,14,14,14,0,8,8,14,0,14,14,14,14,14,14,11,14,14,14,8,8,14,8,14,13,14,14,14,9,14,14,14,8,14,8,14,9,14,14,10,14,14,10,11,14,0,0,0,0,-1,
0,2,49,0.0503795,0,2,50,0.0503795,1,2,42,0.0503795,1,2,43,0.0503795,1,3,0,0.0503795,1,3,7,0.0503795,1,3,14,0.0503795,1,3,21,0.0427897,1,3,28,0.0503795,1,6,21,0.0503795,1,6,35,0.0503795,1,6,49,0.0503795,1,6,50,0.0503795,1,6,51,0.0503795,1,6,52,0.0503795,1,6,53,0.0503795,1,6,54,0.0503795,2,7,0,0.0503795,3,3,0,0.0503795,3,3,49,0.0503795,
b7f3
BLACK
14,3,2,14,14,2,14,14,1,14,0,14,0,14,14,14,1,14,14,14,5,10,0,14,0,0,14,14,14,3,14,14,14,14,14,14,8,14,0,0,8,14,14,14,14,14,14,14,14,14,14,14,13,11,14,4,14,14,14,14,14,10,14,14,0,0,0,0,-1,
0,1,0,0.0212,0,1,1,0.0292,0,1,42,0.0292,0,2,7,0.0212,0,2,49,0.0211999,0,5,7,0.0212,0,5,8,0.0211999,1,0,56,0.0292,1,2,0,0.0212,1,2,1,0.0212,1,4,7,0.0212,2,0,56,0.0292,2,0,57,0.0292,2,4,14,0.0211999,2,4,21,0.0211999,2,4,35,0.0212,2,4,42,0.0292,2,6,0,0.0292,3,0,0,0.0211999,3,1,0,0.0292,3,5,0,0.0212,3,5,1,0.0211999,3,5,2,0.0212,3,5,14,0.0292,3,5,15,0.0212,3,5,28,0.0292,3,5,42,0.0292,3,5,43,0.0292,3,5,44,0.0212,4,6,0,0.0211999,4,7,0,0.0211999,6,7,0,0.0211999,6,7,28,0.0292,6,7,35,0.0212,6,7,36,0.0292,6,7,37,0.0292,6,7,38,0.0292,6,7,42,0.0292,6,7,43,0.0292,6,7,49,0.0292,
b1b3
WHITE
14,14,2,14,14,14,14,14,12,14,3,5,14,14,14,14,14,14,14,14,14,14,14,0,8,8,14,0,14,14,14,14,14,14,11,14,14,14,8,8,14,8,2,13,14,14,11,9,14,14,14,8,14,8,14,9,14,14,10,14,14,10,14,14,0,0,0,0,-1,
0,2,49,0.0479392,0,2,50,0.0479393,1,2,42,0.0479393,1,2,43,0.0479392,1,3,0,0.0479393,1,3,7,0.0479392,1,3,14,0.0401301,1,3,21,0.0401301,1,3,28,0.0401302,2,7,0,0.0479393,3,3,0,0.0479392,3,3,49,0.0479393,5,2,7,0.0479393,5,2,21,0.0401301,5,2,22,0.0479392,5,2,23,0.0479392,5,2,24,0.0401302,5,2,25,0.0401302,5,2,35,0.0401302,5,2,36,0.0479392,5,2,49,0.0479392,5,2,50,0.0479392,
f3b7
BLACK
14,14,2,14,14,2,14,14,1,14,0,14,0,14,14,14,1,3,14,14,5,14,0,14,0,0,14,14,14,3,14,14,14,14,14,14,8,14,0,0,8,14,14,14,14,14,14,14,14,10,14,14,13,11,14,4,14,14,14,14,14,10,14,14,0,0,0,0,-1,
0,2,7,0.0229139,0,2,49,0.0229139,0,5,7,0.022914,0,5,8,0.0229139,1,0,56,0.0229139,1,2,0,0.022914,1,2,1,0.022914,2,0,56,0.0229139,2,0,57,0.0315608,2,0,62,0.0229139,2,1,14,0.0229139,2,1,15,0.022914,2,1,28,0.022914,2,1,29,0.0229139,2,4,21,0.0229139,2,4,35,0.0229139,2,4,42,0.0229139,2,6,0,0.0229139,3,0,0,0.0229139,3,1,0,0.0315608,3,5,0,0.0229139,3,5,1,0.0229139,3,5,2,0.022914,3,5,14,0.0315608,3,5,15,0.022914,3,5,28,0.0229139,3,5,29,0.0315608,3,5,42,0.0229139,3,5,43,0.022914,3,5,44,0.022914,4,6,0,0.022914,4,7,0,0.0229139,6,7,0,0.0229139,6,7,28,0.0315608,6,7,35,0.022914,6,7,36,0.0315608,6,7,37,0.0229139,6,7,38,0.0229139,6,7,42,0.0315608,6,7,43,0.0229139,6,7,49,0.0229139,
g3g4
WHITE
14,14,2,14,14,14,14,14,12,14,3,5,14,14,2,14,14,14,14,14,14,14,14,0,8,8,14,0,14,14,14,14,14,8,11,14,14,14,8,8,14,14,14,13,14,14,11,9,14,14,14,8,14,8,14,9,14,14,10,14,14,10,14,14,0,0,0,0,-1,
0,2,49,0.0503795,0,2,50,0.0503795,1,2,42,0.0503795,1,2,43,0.0503795,1,3,0,0.0503795,1,3,7,0.0503795,1,3,14,0.0503795,1,3,21,0.0427897,1,3,28,0.0503795,1,6,21,0.0503795,1,6,35,0.0503795,1,6,49,0.0503795,1,6,50,0.0503795,1,6,51,0.0503795,1,6,52,0.0503795,1,6,53,0.0503795,1,6,54,0.0503795,2,7,0,0.0503795,3,3,0,0.0503795,3,3,49,0.0503795,
e5f4 (capture)
BLACK
14,14,2,14,14,2,14,14,1,14,0,14,0,14,14,14,1,3,14,14,5,14,14,14,0,0,14,14,14,8,0,14,14,14,14,14,14,14,0,0,8,14,14,14,14,14,14,14,14,10,14,14,13,11,14,4,14,14,14,14,14,10,14,14,0,0,0,0,-1,
2,4,21,0.251992,2,4,35,0.244024,2,4,42,0.251992,2,4,49,0.251992,
e3f2
WHITE
14,14,2,14,14,14,14,14,12,14,3,5,14,14,2,14,14,14,14,14,14,14,14,0,8,8,14,14,14,14,14,14,14,8,0,14,14,14,8,8,14,14,14,14,14,14,11,9,14,14,13,8,14,8,14,9,14,14,10,14,14,10,14,14,0,0,0,0,-1,
0,2,49,0.0504674,0,2,50,0.0504674,1,2,42,0.0504675,1,2,43,0.0504675,1,3,0,0.0504674,1,3,7,0.0504674,1,3,14,0.0504674,1,3,21,0.0504674,1,3,28,0.0504674,1,6,21,0.0504675,1,6,35,0.0586912,1,6,49,0.0504674,1,6,50,0.0586912,1,6,51,0.0586912,1,6,52,0.0586912,1,6,53,0.0504674,1,6,54,0.0504674,2,7,0,0.0504674,4,2,0,0.0586912,
b7h1
BLACK
14,14,2,14,14,2,14,10,1,14,0,14,0,5,14,14,1,3,14,14,14,14,14,14,0,0,14,14,14,8,0,14,14,14,14,14,14,14,0,0,8,14,14,14,14,14,14,14,14,14,14,14,13,11,14,4,14,14,14,14,14,10,14,14,0,0,0,0,-1,
0,2,7,0.0231423,0,2,8,0.0311276,0,2,9,0.0311276,0,2,49,0.0231423,0,5,7,0.0231423,0,5,8,0.0231423,1,0,56,0.0311276,1,2,0,0.0231423,1,2,1,0.0231423,1,4,0,0.0231423,1,4,1,0.0231423,1,5,21,0.0311276,1,5,35,0.0231423,2,0,56,0.0311276,2,0,57,0.0311276,2,0,62,0.0231423,2,1,14,0.0311276,2,1,15,0.0231423,2,1,16,0.0311276,2,1,17,0.0231423,2,1,18,0.0311276,2,1,19,0.0311276,2,1,28,0.0231423,2,1,29,0.0311276,3,0,0,0.0231423,3,1,0,0.0311276,4,6,0,0.0231423,4,7,0,0.0231423,6,7,0,0.0231423,6,7,28,0.0311276,6,7,35,0.0231423,6,7,36,0.0311276,6,7,37,0.0311276,6,7,38,0.0311276,6,7,42,0.0311276,6,7,43,0.0311276,6,7,49,0.0231423,
c2c4
WHITE
14,14,2,14,14,14,14,14,12,14,3,5,14,14,14,14,14,14,14,14,14,14,14,0,8,8,14,14,14,14,14,14,14,8,0,14,14,8,8,8,14,14,14,14,14,14,11,9,14,14,13,8,14,14,14,9,2,14,10,14,14,10,14,14,0,0,0,0,45,
0,2,49,0.0577264,0,2,50,0.0577264,1,2,42,0.0577265,1,2,43,0.0577265,1,3,0,0.0577264,1,3,7,0.0577264,1,3,14,0.0499112,1,3,21,0.0499112,1,3,28,0.0577265,2,7,0,0.0577265,4,2,0,0.0577265,7,0,21,0.0577265,7,0,22,0.0499112,7,0,23,0.0499112,7,0,24,0.0577264,7,0,25,0.0577265,7,0,26,0.0577265,7,0,27,0.0499112,
f4f3
BLACK
14,14,2,14,14,2,14,10,1,14,14,14,0,5,14,14,1,3,14,14,14,8,14,14,0,0,0,14,14,14,0,14,14,14,14,14,14,14,0,0,8,14,14,14,14,14,14,14,14,14,14,14,13,11,14,4,14,14,14,14,14,10,14,14,0,0,0,0,-1,
0,2,7,0.0197245,0,2,8,0.0271679,0,2,9,0.0271679,0,2,49,0.0271679,0,5,7,0.0271678,0,5,8,0.0197245,1,0,56,0.0271679,1,4,0,0.0197245,1,4,1,0.0271679,1,4,7,0.0271679,1,5,7,0.0271679,1,5,21,0.0271679,1,5,35,0.0271678,1,5,49,0.0197246,2,0,57,0.0271679,2,0,62,0.0271679,2,0,63,0.0271679,2,1,14,0.0271679,2,1,15,0.0197246,2,1,16,0.0271679,2,1,17,0.0197246,2,1,28,0.0271679,2,1,29,0.0271679,3,0,0,0.0271678,3,1,0,0.0271679,3,2,0,0.0271679,4,6,0,0.0197245,4,7,0,0.0271678,6,7,0,0.0197245,6,7,28,0.0271679,6,7,35,0.0271679,6,7,36,0.0271679,6,7,37,0.0271679,6,7,38,0.0271679,6,7,39,0.0271679,6,7,40,0.0271679,6,7,42,0.0271679,6,7,43,0.0271679,6,7,49,0.0271678,
a3c2
WHITE
14,14,2,14,14,14,14,14,12,14,3,5,14,14,14,14,14,14,14,14,14,14,14,0,8,8,14,14,14,14,14,14,14,8,14,14,14,8,8,8,14,14,0,14,14,14,11,14,14,14,13,8,14,9,14,9,2,14,10,14,14,10,14,14,0,0,0,0,-1,
0,2,49,0.0786886,0,2,50,0.086651,1,2,42,0.086651,1,2,43,0.086651,1,3,0,0.0786886,1,3,7,0.086651,1,3,14,0.0786886,1,3,21,0.0786886,1,3,28,0.0786886,2,7,0,0.086651,5,2,7,0.086651,7,0,21,0.086651,
f8g7
BLACK
14,14,2,14,14,2,14,10,1,14,1,14,0,5,14,14,14,3,14,14,14,8,14,14,0,0,0,14,14,14,0,14,14,14,14,14,14,14,0,0,8,14,14,14,14,14,14,14,14,14,14,14,13,11,10,4,14,14,14,14,14,14,14,14,0,0,0,0,-1,
0,2,7,0.0211999,0,2,8,0.0292,0,2,9,0.0292,0,2,49,0.0211999,0,2,50,0.0292,0,5,7,0.0211999,0,5,8,0.0212,1,0,56,0.0292,1,2,56,0.0292,1,2,57,0.0212,1,2,59,0.0212,1,2,60,0.0212,1,2,63,0.0292,1,4,0,0.0212,1,4,1,0.0292,1,4,7,0.0211999,1,5,7,0.0211999,1,5,21,0.0292,1,5,35,0.0212,1,5,49,0.0212,2,1,14,0.0292,2,1,15,0.0211999,2,1,16,0.0292,2,1,17,0.0212,2,1,28,0.0211999,2,1,29,0.0292,2,1,42,0.0211999,3,0,0,0.0212,3,1,0,0.0292,3,2,0,0.0292,4,6,0,0.0212,4,7,0,0.0212,6,7,0,0.0211999,6,7,28,0.0292,6,7,35,0.0212,6,7,36,0.0292,6,7,37,0.0292,6,7,38,0.0292,6,7,42,0.0292,6,7,49,0.0292,
b3b1
WHITE
14,14,14,14,14,14,14,14,12,2,3,5,14,14,14,14,14,14,14,14,14,14,14,0,8,8,14,14,14,14,14,14,14,8,14,14,14,8,8,8,14,14,0,14,14,14,14,14,14,14,13,8,14,9,14,9,2,14,10,14,14,10,11,14,0,0,0,0,-1,
1,1,7,0.0479393,1,1,8,0.0479392,1,1,9,0.0401302,1,1,10,0.0479392,1,1,11,0.0479392,1,1,12,0.0479392,1,1,21,0.0401301,1,1,35,0.0479392,1,1,49,0.0479393,1,2,0,0.0479392,1,2,1,0.0401301,1,2,2,0.0479392,1,2,28,0.0479392,1,3,0,0.0401302,1,3,7,0.0479393,1,3,14,0.0401301,1,3,21,0.0401302,1,3,28,0.0401302,1,3,35,0.0479393,2,7,0,0.0479392,5,2,7,0.0479393,7,0,21,0.0479393,
e7d6
BLACK
14,3,2,14,14,2,14,10,1,14,1,14,0,5,14,14,14,14,14,14,14,8,14,14,0,0,0,14,14,14,0,14,14,14,14,14,14,14,0,0,8,14,14,13,14,14,14,14,14,14,14,14,14,11,10,4,14,14,14,14,14,14,14,14,0,0,0,0,-1,
0,1,0,0.0288041,0,1,1,0.0288041,0,1,42,0.028804,0,2,7,0.0288041,0,2,8,0.0288041,0,2,9,0.028804,0,2,49,0.0288041,0,2,50,0.0288041,0,5,7,0.0288041,0,5,8,0.0214148,1,0,56,0.0288041,1,2,56,0.028804,1,2,57,0.0288041,1,2,59,0.0288041,1,2,60,0.0288041,1,2,63,0.028804,1,4,0,0.0214148,1,4,1,0.0288041,1,4,7,0.0288041,1,5,7,0.0288041,1,5,21,0.0288041,1,5,35,0.0288041,1,5,49,0.0214148,3,0,0,0.0288041,3,1,0,0.028804,3,2,0,0.028804,4,6,0,0.0214148,4,7,0,0.0288041,6,7,0,0.0214148,6,7,28,0.028804,6,7,35,0.0288041,6,7,36,0.028804,6,7,37,0.0288041,6,7,38,0.028804,6,7,42,0.028804,6,7,49,0.0288041,
e2e3
WHITE
14,14,14,14,14,14,14,14,12,2,3,14,14,14,14,14,14,14,14,14,5,14,14,0,8,8,14,14,14,14,14,14,14,8,14,14,14,8,8,8,14,14,0,8,14,14,14,14,14,14,13,14,14,9,14,9,2,14,10,14,14,10,11,14,0,0,0,0,-1,
1,1,7,0.0368478,1,1,8,0.0368478,1,1,9,0.0368478,1,1,10,0.0368478,1,1,11,0.0452394,1,1,12,0.0368478,1,1,21,0.0368478,1,1,35,0.0368478,1,1,49,0.0452394,1,2,0,0.0368477,1,2,1,0.0368478,1,2,2,0.0452394,1,2,14,0.0368478,1,2,15,0.0368478,1,2,16,0.0368478,1,2,17,0.0368478,1,2,18,0.0368477,1,2,28,0.0368478,2,4,14,0.0368478,2,4,21,0.0368478,2,4,28,0.0368478,2,4,35,0.0368478,2,4,42,0.0452394,2,4,49,0.0368477,2,7,0,0.0368478,7,0,21,0.0452394,
g7d4
BLACK
14,3,2,14,14,2,14,10,1,14,1,14,14,5,14,14,14,14,14,14,0,8,14,14,0,0,0,10,14,14,0,14,14,14,14,14,14,14,0,0,8,14,14,13,14,14,14,14,14,14,14,14,14,11,14,4,14,14,14,14,14,14,14,14,0,0,0,0,-1,
0,1,0,0.0292584,0,1,1,0.0292585,0,1,42,0.0292585,0,2,7,0.0292584,0,2,49,0.0292584,0,2,50,0.0292585,0,5,7,0.0292585,0,5,8,0.0292584,0,5,49,0.0292584,0,5,50,0.0292584,1,0,56,0.0292585,1,2,57,0.0292585,1,2,59,0.0292584,1,2,60,0.0292585,1,2,63,0.0292585,1,5,7,0.0292585,1,5,21,0.0292585,1,5,35,0.0292584,2,4,49,0.0292584,3,0,0,0.0292584,3,1,0,0.0292585,3,2,0,0.0378762,4,6,0,0.0292584,4,7,0,0.0292584,6,7,0,0.0292585,6,7,28,0.0378762,6,7,35,0.0292584,6,7,36,0.0378762,6,7,37,0.0292585,6,7,38,0.0292584,6,7,42,0.0378762,6,7,43,0.0292585,6,7,49,0.0292585,
h7h8
WHITE
12,14,14,14,14,14,14,14,14,14,3,14,14,14,14,14,14,14,14,14,5,14,14,0,8,8,14,14,14,14,14,14,14,8,14,14,2,8,8,8,14,14,0,8,14,14,14,14,14,14,13,14,14,9,14,9,2,14,10,14,14,10,11,14,0,0,0,0,-1,
1,2,0,0.0327426,1,2,1,0.0327426,1,2,2,0.0411535,1,2,14,0.0327425,1,2,15,0.0327426,1,2,16,0.0327426,1,2,17,0.0327425,1,2,18,0.0327426,1,2,28,0.0327426,1,2,42,0.0327425,1,2,43,0.0327426,2,4,14,0.0327425,2,4,21,0.0327425,2,4,28,0.0327426,2,4,35,0.0327426,2,4,42,0.0327426,2,7,0,0.0327426,4,4,7,0.0411535,4,4,8,0.0327426,4,4,9,0.0327426,4,4,21,0.0411535,4,4,22,0.0327426,4,4,23,0.0327426,4,4,35,0.0411535,4,4,36,0.0327426,4,4,37,0.0327426,4,4,38,0.0411535,4,4,49,0.0411535,7,0,21,0.0327426,
f7f8
BLACK
14,3,2,14,14,2,14,10,1,14,1,14,14,5,14,14,14,14,14,14,0,8,14,14,0,0,0,10,14,14,0,14,14,14,14,14,14,14,0,0,8,14,14,13,14,14,14,14,14,14,14,14,14,14,14,14,14,14,14,14,14,11,14,4,0,0,0,0,-1,
0,1,0,0.0265984,0,1,1,0.0344327,0,1,42,0.0344327,0,2,7,0.0265984,0,2,49,0.0344326,0,2,50,0.0344327,0,5,7,0.0344326,0,5,8,0.0265984,0,5,49,0.0344327,0,5,50,0.0265984,1,0,56,0.0344327,1,2,57,0.0344327,1,2,59,0.0265984,1,2,60,0.0344326,1,2,63,0.0344327,1,5,7,0.0265984,1,5,21,0.0344327,1,5,35,0.0265984,2,4,49,0.0265985,3,0,0,0.0265984,3,1,0,0.0344327,3,2,0,0.0344327,4,6,0,0.0265984,4,7,0,0.0344327,7,7,28,0.0344327,7,7,29,0.0265984,7,7,35,0.0265984,7,7,36,0.0344327,7,7,37,0.0344327,7,7,38,0.0344327,7,7,42,0.0265984,7,7,43,0.0344326,
h8d4 (capture)
WHITE
14,14,3,14,14,14,14,14,14,14,14,14,14,14,14,14,14,14,14,14,5,14,14,0,8,8,14,14,14,14,14,14,14,8,14,14,12,8,8,8,14,14,0,8,14,14,14,14,14,14,13,14,14,9,14,9,2,14,10,14,14,10,11,14,0,0,0,0,-1,
2,4,14,0.251992,2,4,21,0.251992,2,4,35,0.244024,2,4,42,0.251992,
d6e7
BLACK
14,3,2,14,14,2,14,10,1,14,1,14,14,5,14,14,14,14,14,14,0,8,14,14,0,0,0,4,14,14,0,14,14,14,14,14,14,14,0,0,8,14,14,14,14,14,14,14,14,14,14,14,13,14,14,14,14,14,14,14,14,11,14,14,0,0,0,0,-1,
0,1,0,0.0246729,0,1,1,0.0246729,0,1,42,0.0246729,0,2,7,0.0246729,0,2,49,0.0246729,0,2,50,0.0246729,0,5,7,0.0246729,0,5,8,0.0174206,0,5,49,0.0246729,0,5,50,0.0246729,1,0,56,0.0246729,1,2,59,0.0246729,1,2,60,0.0246729,1,2,63,0.0246729,1,5,7,0.0246729,1,5,21,0.0246729,1,5,35,0.0246729,2,4,0,0.0246729,3,0,0,0.0246729,3,1,0,0.0246729,3,2,0,0.0246729,3,3,0,0.0246729,3,3,1,0.0246729,3,3,2,0.0246729,3,3,3,0.0246729,3,3,7,0.0246729,3,3,8,0.0246729,3,3,9,0.0174207,3,3,10,0.0246729,3,3,14,0.0246729,3,3,15,0.0246729,3,3,28,0.0174207,3,3,29,0.0246729,3,3,30,0.0246729,3,3,35,0.0174206,3,3,36,0.0174207,3,3,37,0.0246729,3,3,49,0.0246729,3,3,50,0.0246729,3,3,51,0.0246729,4,6,0,0.0246729,4,7,0,0.0246729,
c2a3
WHITE
14,14,3,14,14,14,14,14,14,14,14,5,14,14,14,14,14,14,14,14,14,14,14,0,8,8,14,14,14,14,14,14,14,8,14,14,12,8,8,8,14,14,0,8,14,14,14,9,14,14,13,14,14,14,14,9,2,14,10,14,14,10,11,14,0,0,0,0,-1,
0,2,0,0.0692061,0,2,1,0.0609524,0,2,2,0.0609525,0,2,3,0.0609525,0,2,14,0.0609524,0,2,15,0.0609525,0,2,16,0.0609524,0,2,17,0.0692061,0,2,18,0.0609524,0,2,42,0.0609525,0,2,43,0.0609524,1,3,0,0.0609524,1,3,28,0.0609524,1,3,42,0.0609524,2,7,0,0.0609525,7,0,21,0.0692061,
f8h8
BLACK
14,3,2,14,14,2,14,10,1,14,14,14,14,5,14,14,1,14,14,14,0,8,14,14,0,0,0,4,14,14,0,14,14,14,14,14,14,14,0,0,8,14,14,14,14,14,14,14,14,14,14,14,13,14,14,14,14,14,14,14,14,14,14,11,0,0,0,0,-1,
0,1,0,0.0212,0,1,1,0.0292,0,1,42,0.0292,0,2,7,0.0211999,0,2,49,0.0212,0,5,7,0.0212,0,5,8,0.0212,0,5,49,0.0292,0,5,50,0.0211999,1,0,56,0.0292,1,5,7,0.0212,1,5,21,0.0292,1,5,35,0.0211999,2,0,57,0.0292,2,0,63,0.0211999,2,4,0,0.0292,3,0,0,0.0211999,3,1,0,0.0292,3,2,0,0.0292,3,3,0,0.0212,3,3,1,0.0292,3,3,2,0.0292,3,3,3,0.0212,3,3,7,0.0212,3,3,8,0.0292,3,3,9,0.0211999,3,3,10,0.0292,3,3,14,0.0292,3,3,15,0.0211999,3,3,28,0.0212,3,3,29,0.0292,3,3,30,0.0292,3,3,35,0.0212,3,3,36,0.0211999,3,3,37,0.0212,3,3,49,0.0292,3,3,50,0.0292,3,3,51,0.0292,4,6,0,0.0212,4,7,0,0.0211999,
f1e2
WHITE
3,14,14,14,14,14,14,14,14,14,14,5,14,14,14,14,14,14,14,14,14,14,14,0,8,8,14,14,14,14,14,14,14,8,14,14,12,8,8,8,14,14,0,8,14,14,14,9,14,14,13,10,14,14,14,9,2,14,14,14,14,10,11,14,0,0,0,0,-1,
0,0,0,0.0640818,0,0,1,0.0640818,0,0,2,0.0640818,0,0,14,0.0559554,0,0,15,0.0559554,0,0,16,0.0559554,0,0,17,0.0640818,0,0,18,0.0559554,0,0,19,0.0559554,0,0,20,0.0559554,1,3,0,0.0559554,1,3,28,0.0559554,1,3,35,0.0559554,1,3,42,0.0559554,2,7,0,0.0559554,5,2,7,0.0640818,7,0,21,0.0640818,
e7e6
BLACK
14,3,2,14,14,14,14,10,1,14,14,14,2,5,14,14,1,14,14,14,0,8,14,14,0,0,0,4,14,14,0,14,14,14,14,14,14,14,0,0,8,14,14,14,13,14,14,14,14,14,14,14,14,14,14,14,14,14,14,14,14,14,14,11,0,0,0,0,-1,
0,1,0,0.022914,0,1,1,0.0229139,0,1,42,0.0315608,0,2,7,0.0229139,0,2,49,0.0229139,1,0,56,0.0229139,1,4,7,0.0229139,1,4,21,0.0229139,1,4,35,0.0229139,1,4,49,0.022914,1,5,7,0.0229139,1,5,21,0.0229139,1,5,28,0.022914,1,5,35,0.022914,2,0,57,0.0315608,2,0,63,0.022914,2,4,0,0.0229139,3,0,0,0.022914,3,1,0,0.0315608,3,2,0,0.0315608,3,3,0,0.0229139,3,3,1,0.0229139,3,3,2,0.0229139,3,3,3,0.0229139,3,3,7,0.0229139,3,3,8,0.0229139,3,3,9,0.022914,3,3,10,0.0315608,3,3,14,0.0315608,3,3,15,0.022914,3,3,28,0.0229139,3,3,29,0.0229139,3,3,30,0.0229139,3,3,35,0.0229139,3,3,36,0.022914,3,3,37,0.0229139,3,3,49,0.0315608,3,3,50,0.0229139,3,3,51,0.0229139,4,6,0,0.022914,4,7,0,0.022914,
b1b2
WHITE
3,14,14,14,14,14,14,14,14,14,14,14,14,14,14,14,14,14,14,5,14,14,14,0,8,8,14,14,14,14,14,14,14,8,14,14,12,8,8,8,14,14,0,8,14,14,14,9,14,14,13,10,14,14,11,9,2,14,14,14,14,10,14,14,0,0,0,0,-1,
0,0,0,0.0644856,0,0,1,0.0726646,0,0,2,0.0726646,0,0,14,0.0644856,0,0,15,0.0644856,0,0,16,0.0644856,0,0,17,0.0644856,0,0,18,0.0644855,0,0,19,0.0644856,0,0,20,0.0644856,2,3,28,0.0644856,2,3,35,0.0644856,2,7,0,0.0644856,5,2,7,0.0726646,7,0,21,0.0726646,
e6f7
BLACK
14,14,2,14,14,14,14,10,1,3,14,14,2,5,14,14,1,14,14,14,0,8,14,14,0,0,0,4,14,14,0,14,14,14,14,14,14,14,0,0,8,14,14,14,14,14,14,14,14,14,14,14,14,13,14,14,14,14,14,14,14,14,14,11,0,0,0,0,-1,
0,2,7,0.0211999,1,0,56,0.0292,1,1,0,0.0211999,1,1,14,0.0292,1,1,15,0.0292,1,1,28,0.0292,1,4,7,0.0212,1,4,21,0.0292,1,4,35,0.0212,1,4,49,0.0212,1,5,7,0.0212,1,5,21,0.0292,1,5,28,0.0212,1,5,35,0.0211999,2,0,57,0.0292,2,0,62,0.0292,2,0,63,0.0212,2,4,0,0.0292,3,0,0,0.0211999,3,1,0,0.0292,3,2,0,0.0292,3,3,0,0.0212,3,3,1,0.0292,3,3,2,0.0292,3,3,3,0.0211999,3,3,7,0.0212,3,3,8,0.0292,3,3,9,0.0211999,3,3,10,0.0292,3,3,14,0.0292,3,3,15,0.0211999,3,3,28,0.0212,3,3,29,0.0212,3,3,30,0.0211999,3,3,35,0.0212,3,3,49,0.0292,3,3,50,0.0292,3,3,51,0.0292,4,6,0,0.0212,4,7,0,0.0211999,
g5g6
WHITE
3,14,14,14,14,14,14,14,14,14,5,14,14,14,14,14,14,8,14,14,14,14,14,0,8,14,14,14,14,14,14,14,14,8,14,14,12,8,8,8,14,14,0,8,14,14,14,9,14,14,13,10,14,14,11,9,2,14,14,14,14,10,14,14,0,0,0,0,-1,
1,2,7,0.201589,1,2,14,0.201589,1,2,21,0.201589,1,2,28,0.201589,1,2,35,0.193645,
f7e7
BLACK
14,14,2,14,14,14,14,10,1,3,14,14,2,5,14,14,1,14,14,14,0,8,14,14,0,0,0,4,14,14,0,14,14,14,14,14,14,14,14,0,8,14,14,14,14,14,0,14,14,14,14,14,13,14,14,14,14,14,14,14,14,14,14,11,0,0,0,0,-1,
0,2,7,0.022914,1,0,56,0.0229139,1,1,0,0.022914,1,1,14,0.0229139,1,1,15,0.0229139,1,1,28,0.0229139,1,4,7,0.0229139,1,4,21,0.0315608,1,4,35,0.0229139,1,4,49,0.0229139,1,5,7,0.022914,1,5,21,0.0229139,1,5,28,0.022914,1,5,35,0.0229139,2,0,57,0.0315608,2,0,62,0.0229139,2,0,63,0.022914,2,4,0,0.0229139,3,0,0,0.0229139,3,1,0,0.0315608,3,2,0,0.0315608,3,3,0,0.022914,3,3,1,0.0229139,3,3,2,0.0229139,3,3,3,0.022914,3,3,7,0.022914,3,3,8,0.0229139,3,3,9,0.022914,3,3,10,0.0315608,3,3,14,0.0315608,3,3,15,0.0229139,3,3,28,0.0229139,3,3,29,0.022914,3,3,30,0.0229139,3,3,35,0.0229139,3,3,49,0.0315608,3,3,50,0.0229139,3,3,51,0.0229139,3,6,0,0.0229139,4,7,0,0.0229139,5,6,0,0.022914,
a3b5
WHITE
3,14,14,14,14,14,14,14,14,14,14,5,14,14,14,14,14,8,14,14,14,14,14,0,8,14,14,14,14,14,9,14,14,8,14,14,12,8,8,8,14,14,0,8,14,14,14,14,14,14,13,10,14,14,11,9,2,14,14,14,14,10,14,14,0,0,0,0,-1,
0,0,0,0.0639796,0,0,1,0.0639796,0,0,2,0.0639796,0,0,14,0.0558662,0,0,15,0.0558662,0,0,16,0.04855,0,0,17,0.0639796,0,0,18,0.0558662,0,0,19,0.0639796,0,0,20,0.0558661,1,3,0,0.04855,1,3,28,0.0558661,1,3,35,0.0558661,2,7,0,0.0639796,2,7,49,0.0558662,5,2,7,0.0639796,7,0,21,0.0639796,
e7e6
BLACK
14,14,2,14,14,14,14,10,1,3,14,14,2,5,14,14,14,14,14,14,0,8,14,14,0,0,0,4,14,14,0,14,14,1,14,14,14,14,14,0,8,14,14,14,13,14,0,14,14,14,14,14,14,14,14,14,14,14,14,14,14,14,14,11,0,0,0,0,-1,
0,2,7,0.0122895,1,0,56,0.0174055,1,1,0,0.0122895,1,1,14,0.0174055,1,1,15,0.0174055,1,1,28,0.0174055,1,4,7,0.0122895,1,4,21,0.0174055,1,4,35,0.0122895,1,4,49,0.0122895,1,5,7,0.0122895,1,5,21,0.0174055,1,5,28,0.0122895,1,5,35,0.0122895,2,4,0,0.0174055,3,0,0,0.0122895,3,2,0,0.0174055,3,3,0,0.0122895,3,3,1,0.383579,3,3,2,0.0174055,3,3,3,0.0122895,3,3,7,0.0174056,3,3,8,0.0174055,3,3,9,0.0122895,3,3,10,0.0174055,3,3,14,0.0174055,3,3,15,0.0174055,3,3,28,0.0122895,3,3,29,0.0174055,3,3,30,0.0174055,3,3,35,0.0122895,3,3,49,0.0174055,3,3,50,0.0174055,3,3,51,0.0174055,3,6,0,0.0122895,4,1,56,0.0122895,4,1,57,0.0122894,4,1,58,0.0122895,4,1,61,0.0174055,4,1,62,0.0174055,4,7,0,0.0174055,5,6,0,0.0122894,
d4d6
WHITE
1 WINNER!
