3,1,2,4,5,2,1,3,0,0,0,0,0,0,0,0,14,14,14,14,14,14,14,14,14,14,14,14,14,14,14,14,14,14,14,14,14,14,14,14,14,14,14,14,14,14,14,14,8,8,8,8,8,8,8,8,11,9,10,12,13,10,9,11,1,1,1,1,-1,
0,1,57,0.0501002,0,1,58,0.0501002,0,6,57,0.0501002,0,6,58,0.0501002,1,0,0,0.0501002,1,0,1,0.0501002,1,1,0,0.0501002,1,1,1,0.0501002,1,2,0,0.0501002,1,2,1,0.0501002,1,3,0,0.0501002,1,3,1,0.0480961,1,4,0,0.0501002,1,4,1,0.0501002,1,5,0,0.0501002,1,5,1,0.0501002,1,6,0,0.0501002,1,6,1,0.0501002,1,7,0,0.0501002,1,7,1,0.0501002,
h2h4
WHITE
3,1,2,5,4,2,1,3,0,0,0,0,0,0,0,0,14,14,14,14,14,14,14,14,14,14,14,14,14,14,14,14,8,14,14,14,14,14,14,14,14,14,14,14,14,14,14,14,14,8,8,8,8,8,8,8,11,9,10,13,12,10,9,11,1,1,1,1,40,
0,1,57,0.0501002,0,1,58,0.0501002,0,6,57,0.0501002,0,6,58,0.0501002,1,0,0,0.0501002,1,0,1,0.0501002,1,1,0,0.0501002,1,1,1,0.0501002,1,2,0,0.0501002,1,2,1,0.0501002,1,3,0,0.0501002,1,3,1,0.0480961,1,4,0,0.0501002,1,4,1,0.0501002,1,5,0,0.0501002,1,5,1,0.0501002,1,6,0,0.0501002,1,6,1,0.0501002,1,7,0,0.0501002,1,7,1,0.0501002,
d7d5
BLACK
3,1,2,4,5,2,1,3,0,0,0,0,0,0,0,14,14,14,14,14,14,14,14,14,14,14,14,14,14,14,14,0,14,14,14,8,14,14,14,14,14,14,14,14,14,14,14,14,8,8,8,14,8,8,8,8,11,9,10,12,13,10,9,11,1,1,1,1,43,
0,1,57,0.0480962,0,1,58,0.0460922,0,6,57,0.0480962,0,6,58,0.0480962,0,7,0,0.0480962,0,7,1,0.0480962,1,0,0,0.0480962,1,0,1,0.0480962,1,1,0,0.0480962,1,1,1,0.0480962,1,2,0,0.0480962,1,2,1,0.0460922,1,3,0,0.0460922,1,3,1,0.0460922,1,4,0,0.0480962,1,4,1,0.0480962,1,5,0,0.0480962,1,5,1,0.0480962,1,6,0,0.0460922,1,6,1,0.0480962,3,7,0,0.0480962,
d2d4
WHITE
3,1,2,5,4,2,1,3,0,0,0,0,14,0,0,0,14,14,14,14,14,14,14,14,14,14,14,14,0,14,14,14,8,14,14,14,8,14,14,14,14,14,14,14,14,14,14,14,14,8,8,8,14,8,8,8,11,9,10,13,12,10,9,11,1,1,1,1,44,
0,1,57,0.0360721,0,1,58,0.0360721,0,3,7,0.0380762,0,4,0,0.0380761,0,4,1,0.0360721,0,5,49,0.0380762,0,5,50,0.0360722,0,5,51,0.0380761,0,5,52,0.0360722,0,5,53,0.0360721,0,6,57,0.0380761,0,6,58,0.0380761,0,6,59,0.0360721,1,0,0,0.0380762,1,0,1,0.0380761,1,1,0,0.0380762,1,1,1,0.0380761,1,2,0,0.0360721,1,2,1,0.0360721,1,3,0,0.0360722,1,3,1,0.0360721,1,5,0,0.0360722,1,5,1,0.0380761,1,6,0,0.0360721,1,6,1,0.0360721,1,7,0,0.0380761,1,7,1,0.0380761,
b8a6
BLACK
3,1,2,4,5,2,1,3,0,0,0,14,0,0,0,14,14,14,14,14,14,14,14,14,14,14,14,0,14,14,14,0,14,14,14,8,14,14,14,14,9,14,14,14,14,14,14,14,8,8,8,14,8,8,8,8,11,14,10,12,13,10,9,11,1,1,1,1,-1,
0,1,56,0.0340681,0,1,57,0.0360721,0,1,58,0.0340681,0,2,7,0.0360722,0,2,8,0.0360721,0,2,9,0.0360721,0,2,10,0.0360721,0,2,11,0.0360721,0,3,0,0.0360722,0,3,1,0.0360722,0,4,49,0.0360722,0,6,57,0.0360721,0,6,58,0.0360721,0,7,0,0.0360721,0,7,1,0.0340681,1,0,0,0.0360721,1,0,1,0.0360721,1,1,0,0.0360721,1,1,1,0.0360722,1,2,0,0.0360721,1,2,1,0.0340682,1,4,0,0.0360721,1,4,1,0.0360722,1,5,0,0.0360721,1,5,1,0.0360721,1,6,0,0.0340681,1,6,1,0.0360722,3,7,0,0.0360721,
b2b3
WHITE
3,1,2,5,4,2,14,3,0,0,0,0,14,0,0,0,14,14,14,14,14,14,14,1,14,14,14,14,0,14,14,14,8,14,14,14,8,14,14,14,14,14,14,14,14,14,8,14,14,8,8,8,14,8,14,8,11,9,10,13,12,10,9,11,1,1,1,1,-1,
0,1,57,0.0380762,0,1,58,0.0380762,0,3,7,0.0400802,0,4,0,0.0400802,0,4,1,0.0380761,0,5,49,0.0400802,0,5,50,0.0380762,0,5,51,0.0380762,0,5,52,0.0380762,0,5,53,0.0380761,0,7,42,0.0380761,1,0,0,0.0400802,1,0,1,0.0380762,1,1,0,0.0380761,1,1,1,0.0380761,1,2,0,0.0380762,1,2,1,0.0380762,1,3,0,0.0380762,1,3,1,0.0380762,1,5,0,0.0380762,1,5,1,0.0400802,1,6,0,0.0380761,1,6,1,0.0380761,2,7,58,0.0380762,2,7,59,0.0380762,2,7,61,0.0380762,
e7e5
BLACK
3,1,2,4,5,2,1,3,0,14,0,14,0,0,0,14,14,0,14,14,14,14,14,14,14,14,14,0,14,14,14,0,14,14,14,8,8,14,14,14,9,14,14,14,14,14,14,14,8,8,8,14,14,8,8,8,11,14,10,12,13,10,9,11,1,1,1,1,44,
0,1,56,0.0320641,0,1,57,0.0340681,0,1,58,0.0320641,0,2,7,0.0340682,0,2,8,0.0320641,0,2,9,0.0340682,0,2,10,0.0340681,0,2,11,0.0340681,0,2,49,0.0340681,0,2,50,0.0340681,0,3,0,0.0340682,0,3,1,0.0340681,0,4,49,0.0340681,0,6,57,0.0340681,0,6,58,0.0340681,0,7,0,0.0340681,0,7,1,0.0320641,1,0,0,0.0340681,1,0,1,0.0340681,1,2,0,0.0320641,1,2,1,0.0320641,1,4,0,0.0320641,1,4,1,0.0340681,1,5,0,0.0340681,1,5,1,0.0340681,1,6,0,0.0320641,1,6,1,0.0320641,2,1,0,0.0320641,3,3,7,0.0340681,3,7,0,0.0320641,
h4h5
WHITE
3,1,2,5,4,2,14,3,0,0,0,14,14,0,0,0,14,14,14,14,14,14,14,1,8,14,14,0,0,14,14,14,14,14,14,14,8,14,14,14,14,14,14,14,14,14,8,14,14,8,8,8,14,8,14,8,11,9,10,13,12,10,9,11,1,1,1,1,-1,
0,1,56,0.0260521,0,1,57,0.0280561,0,1,58,0.0260521,0,2,7,0.0280561,0,2,8,0.0280561,0,2,9,0.0280561,0,2,10,0.0280561,0,2,11,0.0280561,0,3,0,0.0280561,0,3,7,0.0280561,0,4,0,0.0280561,0,4,1,0.0280561,0,4,49,0.0280561,0,4,50,0.0280561,0,4,51,0.0280561,0,4,52,0.0280561,0,5,49,0.0280561,0,5,50,0.0280561,0,5,51,0.0280561,0,5,52,0.0280561,0,5,53,0.0260521,0,7,42,0.0280561,1,0,0,0.0280561,1,1,0,0.0280561,1,1,1,0.0280561,1,2,0,0.0280561,1,2,1,0.0260521,1,5,0,0.0280561,1,5,1,0.0280561,1,6,0,0.0260522,1,6,1,0.0280561,2,7,58,0.0280561,2,7,59,0.0280561,2,7,61,0.0280561,3,3,0,0.0280561,3,3,7,0.0280561,
c7c6
BLACK
3,1,2,4,5,2,1,3,0,14,0,14,0,0,0,14,14,0,14,14,14,14,14,14,14,14,14,0,14,14,14,14,14,14,14,8,8,14,14,0,9,14,8,14,14,14,14,14,8,8,14,14,14,8,8,8,11,14,10,12,13,10,9,11,1,1,1,1,-1,
0,1,56,0.0320641,0,1,57,0.0320641,0,1,58,0.0320641,0,2,7,0.0320641,0,2,8,0.0320641,0,2,9,0.0320641,0,2,10,0.0320641,0,2,11,0.0320641,0,2,49,0.0320641,0,2,50,0.0340681,0,3,0,0.0320641,0,3,1,0.0320641,0,4,49,0.0320641,0,6,57,0.0320641,0,6,58,0.0320641,0,7,0,0.0340681,0,7,1,0.0320641,0,7,2,0.0320641,1,0,0,0.0320641,1,0,1,0.0320641,1,2,0,0.0320641,1,2,1,0.0320641,1,4,0,0.0320641,1,4,1,0.0320641,1,5,0,0.0320641,1,5,1,0.0340681,1,6,0,0.0320641,1,6,1,0.0320641,2,1,0,0.0320641,3,3,7,0.0320641,4,7,0,0.0320641,
a2a4
WHITE
3,1,2,5,4,2,14,3,0,0,0,14,14,14,0,0,14,14,14,14,14,0,14,1,8,14,14,0,0,14,14,14,14,14,14,14,8,14,14,8,14,14,14,14,14,14,8,14,14,8,8,8,14,8,14,14,11,9,10,13,12,10,9,11,1,1,1,1,47,
0,1,56,0.0240481,0,1,57,0.0260521,0,1,58,0.0240481,0,2,7,0.0260521,0,2,8,0.0260521,0,2,9,0.0260521,0,2,10,0.0260521,0,2,11,0.0260521,0,3,0,0.0260521,0,3,7,0.0260521,0,4,0,0.0260521,0,4,1,0.0260521,0,4,7,0.0260521,0,4,8,0.0240481,0,4,9,0.0260521,0,4,49,0.0260521,0,4,50,0.0260521,0,4,51,0.0260521,0,4,52,0.0260521,0,5,49,0.0260521,0,5,50,0.0260521,0,5,51,0.0260521,0,5,52,0.0240481,0,5,53,0.0240481,0,7,42,0.0260521,1,0,0,0.0260521,1,1,0,0.0260521,1,1,1,0.0260521,1,2,0,0.0260521,1,2,1,0.0240481,1,6,0,0.0240481,1,6,1,0.0260522,2,5,0,0.0260521,2,7,58,0.0260521,2,7,59,0.024048,2,7,60,0.0260521,2,7,61,0.0260521,3,3,0,0.0260521,3,3,7,0.0260522,
e8d7
BLACK
3,1,2,4,5,2,1,3,14,14,0,14,0,0,0,14,14,0,14,14,14,14,14,14,0,14,14,0,14,14,14,14,14,14,14,8,8,14,14,0,9,14,8,14,14,14,14,14,8,8,14,13,14,8,8,8,11,14,10,12,14,10,9,11,1,1,0,0,-1,
0,0,0,0.0320641,0,0,1,0.0320641,0,1,56,0.0300601,0,1,57,0.0320641,0,1,58,0.0300601,0,2,7,0.0300601,0,2,8,0.0300601,0,2,9,0.0320642,0,2,10,0.0320641,0,2,11,0.0320641,0,2,49,0.0300601,0,2,50,0.0320641,0,3,0,0.0320641,0,3,1,0.0320641,0,4,49,0.0320641,0,6,57,0.0320641,0,6,58,0.0320641,0,7,0,0.0320641,0,7,1,0.0300601,0,7,2,0.0320642,1,2,0,0.0300601,1,2,1,0.0300601,1,4,0,0.0300601,1,4,1,0.0320641,1,5,0,0.0320642,1,5,1,0.0320641,1,6,0,0.0300601,1,6,1,0.0300601,2,1,0,0.0300601,3,0,0,0.0320641,3,3,7,0.0320641,4,7,0,0.0300601,
c1d2
WHITE
3,1,2,14,4,2,14,3,0,0,0,14,5,14,0,0,14,14,14,14,14,0,14,1,8,14,14,0,0,14,14,14,14,14,14,14,8,14,14,8,14,14,14,14,14,14,8,14,14,8,8,8,10,8,14,14,11,9,10,13,12,14,9,11,0,0,1,1,-1,
0,1,56,0.0260521,0,1,57,0.0280561,0,1,58,0.0260521,0,2,7,0.0280561,0,2,8,0.0280561,0,2,9,0.0280561,0,2,10,0.0280561,0,2,11,0.0280561,0,4,7,0.0280561,0,4,8,0.0280561,0,4,9,0.0280561,0,4,42,0.0280561,0,4,49,0.0280561,0,4,50,0.0280561,0,4,51,0.0280561,0,4,52,0.0280561,0,7,42,0.0280561,1,0,0,0.0280561,1,1,0,0.0280561,1,1,1,0.0280561,1,2,0,0.0280561,1,2,1,0.0260521,1,4,0,0.0280561,1,4,14,0.0260521,1,4,35,0.0280561,1,4,42,0.0280561,1,4,49,0.0280561,1,6,0,0.0260522,1,6,1,0.0280561,2,5,0,0.0280561,2,7,58,0.0280561,2,7,59,0.0280561,2,7,60,0.0280561,2,7,61,0.0280561,3,3,0,0.0280561,3,3,7,0.0280561,
e5d4 (capture)
BLACK
3,1,14,4,5,2,1,3,14,14,0,2,0,0,0,14,14,0,14,14,14,14,14,14,0,14,14,8,14,14,14,14,14,14,14,8,14,14,14,0,9,14,8,14,14,14,14,14,8,8,14,13,14,8,8,8,11,14,10,12,14,10,9,11,1,1,0,0,-1,
0,0,0,0.0340682,0,0,1,0.0340682,0,1,57,0.0340681,0,1,58,0.0340681,0,3,42,0.0340681,0,6,57,0.0340682,0,6,58,0.0360721,0,7,0,0.0360722,0,7,1,0.0340682,0,7,2,0.0340682,1,2,0,0.0340681,1,2,1,0.0340681,1,3,7,0.0360722,1,3,8,0.0360722,1,3,9,0.0340681,1,3,10,0.0340682,1,3,35,0.0360721,1,3,49,0.0340681,1,3,50,0.0340681,1,3,51,0.0340681,1,4,0,0.0340681,1,4,1,0.0340681,1,5,0,0.0340682,1,5,1,0.0360721,1,6,0,0.0340681,1,6,1,0.0340681,2,1,0,0.0340682,3,0,0,0.0340682,4,7,0,0.0340681,
h1h3
WHITE
3,1,2,14,4,2,14,3,0,0,0,14,5,14,0,0,14,14,14,14,14,0,14,1,8,14,14,14,0,14,14,14,14,14,14,14,0,14,14,8,11,14,14,14,14,14,8,14,14,8,8,8,10,8,14,14,14,9,10,13,12,14,9,11,0,0,0,1,-1,
0,1,56,0.0280561,0,1,57,0.0280561,0,1,58,0.0280561,0,2,7,0.0280561,0,2,8,0.0280561,0,2,9,0.0300601,0,2,10,0.0300601,0,2,11,0.0280561,0,4,7,0.0280561,0,4,8,0.0280561,0,4,9,0.0300601,0,4,42,0.0300601,0,4,49,0.0300601,0,4,50,0.0280561,0,4,51,0.0300601,0,4,52,0.0280561,0,7,42,0.0280561,1,0,0,0.0300601,1,1,0,0.0280561,1,1,1,0.0280561,1,2,0,0.0280561,1,2,1,0.0280561,1,4,0,0.0280561,1,4,14,0.0280561,1,4,35,0.0280561,1,4,42,0.0280561,1,4,49,0.0300601,1,6,0,0.0280561,1,6,1,0.0280561,2,5,0,0.0300601,2,7,58,0.0280561,2,7,59,0.0280561,2,7,60,0.0280561,2,7,61,0.0280561,4,4,0,0.0280561,
g8h6
BLACK
3,1,14,4,5,2,1,14,14,14,0,2,0,0,0,14,14,0,14,14,14,14,14,3,0,14,14,8,14,14,14,14,14,14,14,8,14,14,14,0,9,14,8,14,14,14,14,9,8,8,14,13,14,8,8,8,11,14,10,12,14,10,14,11,0,1,0,0,-1,
0,0,0,0.0320641,0,0,1,0.0320642,0,1,57,0.0300601,0,1,58,0.0300601,0,3,42,0.0300601,0,6,58,0.0320641,1,2,0,0.0300601,1,2,1,0.0300601,1,3,7,0.0320641,1,3,8,0.0320641,1,3,9,0.0300601,1,3,10,0.0300601,1,3,35,0.0320641,1,3,49,0.0320641,1,3,50,0.0320641,1,3,51,0.0320641,1,4,0,0.0300601,1,4,1,0.0320641,1,5,0,0.0320641,1,5,1,0.0320641,1,6,0,0.0300601,1,6,1,0.0300601,2,1,0,0.0300601,2,7,0,0.0300601,2,7,28,0.0320641,2,7,29,0.0320641,2,7,42,0.0300601,2,7,43,0.0320641,2,7,44,0.0320641,2,7,45,0.0320642,2,7,46,0.0320642,3,0,0,0.0320641,
d2c3
WHITE
3,14,2,14,4,2,14,3,0,0,0,14,5,14,0,0,1,14,14,14,14,0,14,1,8,14,14,14,0,14,14,14,14,14,14,14,0,14,14,8,11,14,14,14,14,10,8,14,14,8,8,8,14,8,14,14,14,9,10,13,12,14,9,11,0,0,0,1,-1,
0,0,14,0.0280561,0,2,7,0.0280561,0,2,8,0.0280561,0,2,9,0.0280561,0,2,10,0.0280561,0,2,11,0.0280561,0,4,7,0.0280561,0,4,8,0.0280561,0,4,9,0.0280561,0,4,42,0.0280561,0,4,49,0.0280561,0,4,50,0.0280561,0,4,51,0.0280561,0,4,52,0.0280561,0,7,42,0.0280561,1,1,0,0.0280561,1,1,1,0.0280561,1,2,0,0.0280561,1,2,1,0.0280561,1,4,0,0.0280561,1,4,14,0.0260521,1,4,35,0.0280561,1,4,42,0.0280561,1,4,49,0.0280561,1,6,0,0.0260521,1,6,1,0.0280561,2,0,56,0.0260522,2,0,57,0.0280561,2,0,62,0.0280561,2,5,0,0.0280561,2,7,58,0.0280561,2,7,59,0.0280561,2,7,60,0.0280561,2,7,61,0.0280561,4,4,0,0.0260521,4,4,7,0.0260521,
f8e7
BLACK
3,1,14,4,5,2,1,14,14,14,0,14,0,0,0,14,14,0,2,14,14,14,14,3,0,14,14,8,14,14,14,14,14,14,14,8,14,14,14,0,9,14,8,14,14,14,14,9,8,8,14,13,10,8,8,8,11,14,10,12,14,14,14,11,0,1,0,0,-1,
0,0,0,0.0340682,0,0,1,0.0340681,0,1,56,0.0320641,0,1,58,0.0320641,0,3,0,0.0340681,0,3,1,0.0340681,0,3,2,0.0320641,0,3,42,0.0320641,0,4,49,0.0340681,0,6,58,0.0340681,1,4,0,0.0320641,1,4,1,0.0340682,1,5,0,0.0340681,1,5,1,0.0340681,1,6,0,0.0320641,1,6,1,0.0320641,2,1,0,0.0320641,2,2,7,0.0320641,2,2,21,0.0340681,2,2,35,0.0340681,2,2,49,0.0340681,2,2,50,0.0340681,2,7,0,0.0320641,2,7,28,0.0340681,2,7,29,0.0340681,2,7,42,0.0320641,2,7,43,0.0340681,2,7,44,0.0340681,2,7,45,0.0340682,3,0,0,0.0340681,
h3d3
WHITE
3,14,14,14,4,2,14,3,0,0,0,2,5,14,0,0,1,14,14,14,14,0,14,1,8,14,14,14,0,14,14,14,14,14,14,14,0,14,14,8,14,14,14,14,11,10,8,14,14,8,8,8,14,8,14,14,14,9,10,13,12,14,9,11,0,0,0,1,-1,
0,0,14,0.0280561,0,0,15,0.0280561,0,0,16,0.0260521,0,4,7,0.0260521,0,4,8,0.0260521,0,4,9,0.0280561,0,4,42,0.0280561,0,4,43,0.0280561,0,4,44,0.0280561,0,7,42,0.0260521,1,1,0,0.0280561,1,1,1,0.0280561,1,2,0,0.0260521,1,2,1,0.0260521,1,3,7,0.0280561,1,3,8,0.0280561,1,3,9,0.0260521,1,3,10,0.0260521,1,3,35,0.0280561,1,3,49,0.0280561,1,3,50,0.0280561,1,3,51,0.0280561,1,4,0,0.0260521,1,4,14,0.0260521,1,4,35,0.0260521,1,4,49,0.0280561,1,6,0,0.0260521,1,6,1,0.0260521,2,0,56,0.0260521,2,0,57,0.0260521,2,0,62,0.0280561,2,5,0,0.0280561,2,7,58,0.0280561,2,7,59,0.0260521,2,7,60,0.0260521,2,7,61,0.0260521,4,4,7,0.0260521,
h6g8
BLACK
3,1,14,4,5,2,1,14,14,14,0,14,0,0,0,14,14,0,2,3,14,14,14,14,0,14,14,8,14,14,14,14,14,14,14,8,14,14,14,0,9,14,8,14,14,14,14,14,8,8,14,13,10,8,8,8,11,14,10,12,14,14,9,11,0,1,0,0,-1,
0,0,0,0.0340682,0,0,1,0.0360721,0,1,56,0.0340681,0,1,58,0.0340682,0,3,0,0.0340681,0,3,42,0.0340681,0,4,49,0.0340682,0,6,57,0.0340681,0,6,58,0.0360722,1,4,0,0.0340682,1,4,1,0.0340681,1,5,0,0.0340682,1,5,1,0.0360722,1,6,0,0.0340681,1,6,1,0.0340681,2,1,0,0.0340681,2,2,7,0.0340681,2,2,21,0.0340682,2,2,35,0.0340681,2,2,49,0.0360722,2,2,50,0.0340682,2,3,0,0.0360721,2,3,14,0.0360721,2,3,15,0.0340681,2,3,16,0.0340681,2,3,17,0.0340682,2,3,28,0.0340681,3,0,0,0.0340682,4,7,0,0.0340681,
e2e4
WHITE
3,1,14,14,4,2,14,3,0,0,0,2,5,14,0,0,14,14,14,14,14,0,14,1,8,14,14,14,0,14,14,14,14,14,14,8,0,14,14,8,14,14,14,14,11,10,8,14,14,8,8,14,14,8,14,14,14,9,10,13,12,14,9,11,0,0,0,1,43,
0,1,57,0.0280561,0,1,58,0.0280561,0,4,7,0.0280561,0,4,8,0.0280561,0,4,9,0.0300601,0,4,42,0.0280561,0,4,43,0.0280561,0,7,42,0.0280561,1,0,0,0.0300601,1,1,0,0.0280561,1,1,1,0.0280561,1,2,0,0.0280561,1,2,1,0.0280561,1,3,7,0.0300601,1,3,8,0.0300601,1,3,9,0.0280561,1,3,10,0.0280561,1,3,35,0.0300601,1,3,49,0.0280561,1,3,50,0.0280561,1,3,51,0.0300601,1,4,0,0.0280561,1,4,14,0.0280561,1,4,35,0.0280561,1,4,49,0.0300601,1,6,0,0.0280561,1,6,1,0.0280561,2,5,0,0.0300601,2,7,58,0.0280561,2,7,59,0.0280561,2,7,60,0.0280561,2,7,61,0.0280561,3,4,49,0.0280561,4,4,7,0.0280561,4,4,49,0.0300601,
f7f5
BLACK
3,1,14,4,5,2,1,14,14,14,0,14,14,0,0,14,14,0,2,3,14,14,14,14,0,14,14,8,0,14,14,14,14,14,14,8,14,8,14,0,9,14,8,14,14,14,14,14,8,8,14,13,10,14,8,8,11,14,10,12,14,14,9,11,0,1,0,0,45,
0,0,0,0.0280561,0,0,1,0.0280561,0,1,56,0.0260521,0,1,58,0.0280561,0,3,0,0.0280561,0,3,7,0.0280561,0,3,8,0.0280561,0,3,9,0.0280561,0,3,42,0.0280561,0,4,0,0.0280561,0,4,49,0.0280561,0,5,49,0.0280561,0,6,57,0.0280561,0,6,58,0.0280561,0,6,59,0.0260521,1,5,0,0.0280561,1,5,1,0.0280561,1,6,0,0.0260521,1,6,1,0.0280561,2,1,0,0.0280561,2,2,7,0.0280561,2,2,21,0.0280561,2,2,35,0.0280561,2,2,49,0.0280561,2,2,50,0.0280561,2,3,0,0.0280561,2,3,14,0.0280561,2,3,15,0.0280561,2,3,16,0.0280561,2,3,17,0.0280561,2,3,28,0.0260521,3,0,0,0.0280561,3,4,0,0.0260522,3,4,7,0.0280561,3,4,49,0.0280561,4,7,0,0.0280561,
a4a5
WHITE
3,1,14,14,4,2,14,3,0,0,14,2,5,14,0,0,14,14,14,14,14,0,14,1,8,14,0,14,0,14,14,8,14,14,14,8,0,14,14,14,14,14,14,14,11,10,8,14,14,8,8,14,14,8,14,14,14,9,10,13,12,14,9,11,0,0,0,1,-1,
0,1,57,0.0300601,0,1,58,0.0280561,0,4,7,0.0300601,0,4,8,0.0280561,0,4,9,0.0300601,0,4,42,0.0300601,0,4,43,0.0300601,0,7,42,0.0300601,1,0,0,0.0300601,1,1,0,0.0300601,1,1,1,0.0300601,1,3,7,0.0300601,1,3,8,0.0300601,1,3,9,0.0280561,1,3,10,0.0300601,1,3,35,0.0300601,1,3,49,0.0300601,1,3,50,0.0300601,1,3,51,0.0300601,1,4,0,0.0280561,1,4,14,0.0280561,1,4,35,0.0280561,1,4,49,0.0300601,1,6,0,0.0280561,1,6,1,0.0280561,2,5,0,0.0300601,2,7,58,0.0300601,2,7,59,0.0280561,2,7,60,0.0280561,2,7,61,0.0300601,3,2,0,0.0300601,3,2,7,0.0300601,3,4,49,0.0300601,4,4,7,0.0280561,
a6b8
BLACK
3,1,14,4,5,2,1,14,14,14,0,14,14,0,0,14,14,0,2,3,14,14,14,14,14,14,14,8,0,14,14,14,0,14,14,8,14,8,14,0,14,14,8,14,14,14,14,14,8,8,14,13,10,14,8,8,11,9,10,12,14,14,9,11,0,1,0,0,-1,
0,0,0,0.0280561,0,0,1,0.0280561,0,0,2,0.0280561,0,1,56,0.0260521,0,1,58,0.0280561,0,3,0,0.0280561,0,3,7,0.0280561,0,3,8,0.0280561,0,3,9,0.0280561,0,3,42,0.0280561,0,4,0,0.0280561,0,4,49,0.0280561,0,5,49,0.0280561,0,6,57,0.0280561,0,6,58,0.0280561,0,6,59,0.0260521,1,5,0,0.0280561,1,5,1,0.0280561,1,6,0,0.0260521,1,6,1,0.0280561,2,1,0,0.0280561,2,2,7,0.0280561,2,2,21,0.0280561,2,2,35,0.0280561,2,2,49,0.0280561,2,3,0,0.0280561,2,3,14,0.0280561,2,3,15,0.0280561,2,3,16,0.0280561,2,3,17,0.0280561,2,3,28,0.0260521,3,4,0,0.0260522,3,4,7,0.0280561,3,4,49,0.0280561,4,0,0,0.0280561,4,7,0,0.0280561,
f1e2
WHITE
3,1,14,14,4,2,1,3,0,0,14,2,5,14,0,0,14,14,14,14,14,0,14,14,8,14,0,14,0,14,14,8,14,14,14,8,0,14,14,14,14,14,14,14,11,10,8,14,14,8,8,10,14,8,14,14,14,9,14,13,12,14,9,11,0,0,0,1,-1,
0,1,57,0.0320641,0,1,58,0.0320641,0,4,7,0.0320641,0,4,8,0.0320641,0,4,9,0.0320641,0,4,42,0.0320641,0,4,43,0.0320641,0,6,57,0.0320641,1,0,0,0.0320641,1,1,0,0.0320641,1,1,1,0.0320641,1,3,7,0.0340681,1,3,8,0.0340681,1,3,9,0.0320641,1,3,10,0.0320641,1,3,35,0.0320641,1,3,49,0.0320641,1,3,50,0.0320641,1,3,51,0.0320641,1,4,0,0.0320641,1,4,14,0.0320641,1,4,35,0.0320641,1,4,49,0.0320641,1,6,0,0.0320641,1,6,1,0.0320641,1,7,0,0.0320641,2,5,0,0.0340681,3,2,0,0.0320641,3,2,7,0.0320641,3,4,49,0.0320641,4,4,7,0.0320641,
b7b5
BLACK
3,1,14,4,5,14,1,14,14,14,0,14,2,0,0,14,14,0,2,3,14,14,14,14,14,14,14,8,0,14,14,14,0,8,14,8,14,8,14,0,14,14,8,14,14,14,14,14,8,14,14,13,10,14,8,8,11,9,10,12,14,14,9,11,0,1,0,0,41,
0,0,0,0.0300601,0,0,1,0.0300601,0,0,2,0.0280561,0,1,56,0.0280561,0,1,58,0.0280561,0,3,0,0.0280561,0,3,42,0.0280561,0,4,14,0.0280561,0,4,49,0.0280561,0,6,57,0.0280561,0,6,58,0.0300601,1,4,7,0.0300601,1,4,8,0.0280561,1,4,21,0.0280561,1,5,0,0.0280561,1,5,1,0.0300601,1,6,0,0.0280561,1,6,1,0.0280561,2,1,0,0.0280561,2,2,7,0.0280561,2,2,21,0.0280561,2,2,35,0.0280561,2,2,49,0.0300601,2,3,0,0.0300601,2,3,14,0.0300601,2,3,15,0.0280561,2,3,16,0.0280561,2,3,17,0.0280561,2,3,28,0.0280561,3,4,0,0.0280561,3,4,7,0.0280561,3,4,49,0.0300601,4,0,0,0.0280561,4,0,7,0.0280561,4,7,0,0.0280561,
e4e5
WHITE
3,1,14,14,4,2,1,3,0,0,14,2,5,14,14,0,14,14,14,14,14,0,14,14,8,14,0,8,0,14,0,8,14,14,14,14,0,14,14,14,14,14,14,14,11,10,8,14,14,8,8,10,14,8,14,14,14,9,14,13,12,14,9,11,0,0,0,1,-1,
0,1,57,0.0340682,0,1,58,0.0340681,0,4,7,0.0340681,0,4,8,0.0340681,0,4,9,0.0340682,0,4,42,0.0340681,0,4,43,0.0340682,0,5,7,0.0340682,0,5,8,0.0340681,0,6,57,0.0340682,1,0,0,0.0360722,1,1,0,0.0340682,1,1,1,0.0340681,1,3,7,0.0360722,1,3,8,0.0360722,1,3,9,0.0340681,1,3,10,0.0340681,1,3,35,0.0360721,1,3,49,0.0340681,1,3,50,0.0340681,1,3,51,0.0360721,1,4,14,0.0340681,1,4,35,0.0340682,1,4,49,0.0340682,1,7,0,0.0340682,2,5,0,0.0360721,3,2,0,0.0340681,3,6,0,0.0340681,4,4,7,0.0340681,
b5b4
BLACK
3,1,14,4,5,14,1,14,14,14,0,14,2,0,0,14,14,0,2,3,14,14,14,14,14,8,14,8,14,14,14,14,0,14,14,8,0,8,14,0,14,14,8,14,14,14,14,14,8,14,14,13,10,14,8,8,11,9,10,12,14,14,9,11,0,1,0,0,-1,
0,0,0,0.0320641,0,0,1,0.0320641,0,0,2,0.0320641,0,1,56,0.0320641,0,1,58,0.0320641,0,3,0,0.0320641,0,3,42,0.0320641,0,4,14,0.0320641,0,4,49,0.0320641,0,6,57,0.0320641,0,6,58,0.0320641,1,4,7,0.0320641,1,4,8,0.0320641,1,4,21,0.0320641,1,5,0,0.0320641,1,5,1,0.0340681,1,6,0,0.0320641,1,6,1,0.0320641,2,2,7,0.0320641,2,2,21,0.0320641,2,2,35,0.0320641,2,2,49,0.0340681,2,3,0,0.0340681,2,3,14,0.0320641,2,3,15,0.0320641,2,3,16,0.0320641,2,3,17,0.0320641,2,3,28,0.0320641,4,0,0,0.0320641,4,4,0,0.0320641,4,7,0,0.0320641,
c3b2
WHITE
3,1,14,14,4,2,1,3,0,0,14,2,5,14,14,0,14,14,14,14,14,0,14,14,8,14,0,8,0,14,14,8,14,14,14,14,0,14,0,14,14,14,14,14,11,14,8,14,14,8,8,10,14,8,10,14,14,9,14,13,12,14,9,11,0,0,0,1,-1,
0,1,57,0.0400801,0,1,58,0.0400801,0,4,7,0.0400802,0,4,8,0.0400802,0,4,9,0.0400802,0,4,42,0.0400802,0,4,43,0.0400801,0,5,7,0.0400802,0,5,8,0.0400802,0,6,57,0.0400801,1,0,0,0.0400802,1,1,0,0.0400802,1,1,1,0.0400801,1,3,7,0.0400802,1,3,8,0.0400802,1,3,35,0.0400801,1,3,49,0.0400801,1,3,50,0.0400801,1,3,51,0.0400802,1,4,14,0.0380762,1,4,35,0.0400802,1,4,49,0.0400802,1,7,0,0.0400802,2,5,0,0.0400802,3,2,0,0.0400802,
d8c7
BLACK
3,1,14,4,5,14,1,14,14,2,0,14,2,0,0,14,14,0,14,3,14,14,14,14,14,8,14,8,14,14,14,14,0,14,14,8,0,8,14,0,14,14,8,14,14,14,14,14,8,14,12,13,10,14,8,8,11,9,10,14,14,14,9,11,0,1,0,0,-1,
0,0,0,0.0300601,0,0,1,0.0300601,0,0,2,0.0280561,0,1,56,0.0280561,0,1,57,0.0280561,0,1,58,0.0280561,0,3,0,0.0280561,0,3,42,0.0280561,0,4,14,0.0280561,0,4,49,0.0280561,0,6,57,0.0280561,0,6,58,0.0300601,1,1,7,0.0280561,1,1,8,0.0280561,1,1,21,0.0280561,1,1,49,0.0300601,1,2,0,0.0280561,1,2,1,0.0280561,1,4,7,0.0300601,1,4,8,0.0280561,1,4,21,0.0300601,1,5,0,0.0280561,1,5,1,0.0300601,1,6,0,0.0280561,1,6,1,0.0280561,2,3,0,0.0300601,2,3,14,0.0300601,2,3,15,0.0280561,2,3,16,0.0280561,2,3,17,0.0280561,2,3,28,0.0280561,2,3,42,0.0280561,4,0,0,0.0280561,4,4,0,0.0280561,4,7,0,0.0280561,
d3c3
WHITE
3,1,14,14,14,2,1,3,0,0,14,2,5,4,14,0,14,14,14,14,14,0,14,14,8,14,0,8,0,14,14,8,14,14,14,14,0,14,0,14,14,14,14,14,14,11,8,14,14,8,8,10,14,8,10,14,14,9,14,13,12,14,9,11,0,0,0,1,-1,
0,1,57,0.0320641,0,1,58,0.0320641,0,5,7,0.0340681,0,5,8,0.0340682,0,6,57,0.0340681,1,0,0,0.0340682,1,1,0,0.0340681,1,1,1,0.0340681,1,3,7,0.0340681,1,3,8,0.0340681,1,3,21,0.0340681,1,3,35,0.0340681,1,3,49,0.0340681,1,3,50,0.0340681,1,3,51,0.0340681,1,4,28,0.0320641,1,4,35,0.0320641,1,4,49,0.0340681,1,5,7,0.0320641,1,5,8,0.0320641,1,5,14,0.0320641,1,5,35,0.0340682,1,5,49,0.0340681,1,5,50,0.0320641,1,7,0,0.0340681,2,5,0,0.0340681,3,2,0,0.0340681,4,4,0,0.0320641,4,4,7,0.0320641,4,6,49,0.0320641,
e7d8
BLACK
3,1,14,4,5,14,1,14,14,2,0,14,2,0,0,14,14,0,3,14,14,14,14,14,14,8,14,8,14,14,14,14,0,14,14,8,0,8,14,0,14,14,8,14,14,14,14,14,8,14,12,13,14,14,8,8,11,9,10,10,14,14,9,11,0,1,0,0,-1,
0,0,0,0.0280561,0,0,1,0.0280561,0,0,2,0.0260521,0,1,56,0.0260521,0,1,58,0.0260521,0,3,0,0.0280561,0,3,1,0.0280561,0,3,2,0.0260521,0,3,42,0.0260521,0,4,14,0.0260521,0,4,49,0.0280561,0,6,57,0.0280561,0,6,58,0.0280561,1,1,21,0.0260521,1,1,49,0.0280561,1,4,7,0.0280561,1,4,8,0.0260521,1,4,21,0.0280561,1,4,49,0.0280561,1,4,50,0.0280561,1,4,51,0.0260521,1,4,52,0.0260521,1,5,0,0.0260521,1,5,1,0.0280561,1,6,0,0.0260521,1,6,1,0.0260521,2,2,0,0.0260521,2,2,1,0.0280561,2,2,2,0.0280561,2,2,14,0.0260521,2,2,15,0.0260521,2,2,16,0.0280561,2,2,17,0.0260521,2,2,18,0.0280561,4,0,0,0.0280561,4,4,0,0.0260521,4,7,0,0.0260521,
e2a6
WHITE
3,1,14,14,2,2,1,3,0,0,14,14,5,4,14,0,14,14,14,14,14,0,14,10,8,14,0,8,0,14,14,8,14,14,14,14,0,14,0,14,14,14,14,14,14,11,8,14,14,8,8,14,14,8,10,14,14,9,14,13,12,14,9,11,0,0,0,1,-1,
0,1,56,0.0380761,0,1,57,0.0380762,0,1,58,0.0380761,0,4,49,0.0380762,0,4,50,0.0380761,0,4,51,0.0380761,0,4,52,0.0380762,0,5,7,0.0380762,0,5,8,0.0380761,0,6,57,0.0400802,1,0,0,0.0400802,1,1,0,0.0380762,1,1,1,0.0380761,1,4,35,0.0380762,1,4,42,0.0380762,1,4,49,0.0400802,1,5,7,0.0380762,1,5,8,0.0380762,1,5,14,0.0380762,1,5,49,0.0380762,1,5,50,0.0380761,2,5,0,0.0400802,3,2,0,0.0400802,4,4,0,0.0380762,4,4,7,0.0380762,4,6,49,0.0380762,
h7h6
BLACK
3,1,14,4,5,14,1,14,14,2,0,14,14,0,0,14,14,0,3,14,14,14,14,14,14,8,14,8,14,14,14,14,0,14,14,8,0,8,14,0,2,14,8,14,14,14,14,8,8,14,12,13,14,14,8,14,11,9,10,10,14,14,9,11,0,1,0,0,-1,
0,0,0,0.0260521,0,0,1,0.0260521,0,0,2,0.0240481,0,1,56,0.0240481,0,1,58,0.0240481,0,3,0,0.0260521,0,3,1,0.0260521,0,3,2,0.0240481,0,3,7,0.0260521,0,3,8,0.0260521,0,3,9,0.0260521,0,3,42,0.0240481,0,4,0,0.0260521,0,4,14,0.0240481,0,4,49,0.0260521,0,6,57,0.0260521,0,6,58,0.0260521,0,6,59,0.024048,1,1,21,0.0240481,1,1,49,0.0260521,1,5,0,0.0240481,1,5,1,0.0260521,1,6,0,0.0240481,1,6,1,0.0240481,2,2,0,0.0240481,2,2,1,0.0260521,2,2,2,0.0260521,2,2,14,0.0240481,2,2,15,0.0240481,2,2,16,0.0260521,2,2,17,0.0240481,2,2,18,0.0260521,4,4,0,0.0240481,5,0,7,0.0240481,5,0,8,0.0240481,5,0,21,0.0260521,5,0,22,0.0260521,5,0,23,0.0240481,5,0,24,0.0240481,5,0,25,0.0240481,
a6c8 (capture)
WHITE
3,1,14,14,2,10,1,3,14,0,14,14,5,4,14,0,0,14,14,14,14,0,14,14,8,14,0,8,0,14,14,8,14,14,14,14,0,14,0,14,14,14,14,14,14,11,8,14,14,8,8,14,14,8,10,14,14,9,14,13,12,14,9,11,0,0,0,1,-1,
1,4,21,0.250501,1,4,35,0.248497,1,4,42,0.250501,1,5,28,0.250501,
d7e8
BLACK
3,1,14,4,5,14,1,14,14,2,0,14,14,0,0,14,14,0,3,14,14,14,14,14,14,8,14,8,14,14,14,14,0,14,14,8,0,8,14,0,14,14,8,14,14,14,14,8,8,14,12,14,14,14,8,14,11,9,2,10,13,14,9,11,0,1,0,0,-1,
0,0,0,0.0260521,0,0,1,0.0260521,0,0,2,0.0260522,0,1,56,0.0240481,0,1,58,0.0240481,0,3,0,0.0260521,0,3,1,0.0260521,0,3,2,0.0240481,0,3,7,0.0260521,0,3,8,0.0260521,0,3,9,0.0260521,0,3,42,0.0260521,0,4,0,0.0260521,0,4,14,0.0260521,0,4,49,0.0260521,0,6,57,0.0260521,0,6,58,0.0260521,0,6,59,0.0240481,1,1,21,0.0260521,1,1,49,0.0260521,1,5,0,0.0260521,1,5,1,0.0260521,1,6,0,0.0240481,1,6,1,0.0260521,2,2,0,0.0260521,2,2,1,0.0260521,2,2,2,0.0260521,2,2,14,0.0240481,2,2,15,0.0260521,2,2,16,0.0260521,2,2,17,0.0260522,2,2,18,0.0260521,4,0,0,0.0260521,4,4,0,0.024048,7,2,21,0.0260521,7,2,22,0.0260521,7,2,23,0.0260521,7,2,35,0.0240481,7,2,36,0.0260521,
g2g3
WHITE
3,1,14,5,2,10,1,3,14,0,14,14,14,4,14,0,0,14,14,14,14,0,14,14,8,14,0,8,0,14,14,8,14,14,14,14,0,14,0,14,14,8,14,14,14,11,8,14,14,14,8,14,14,8,10,14,14,9,14,13,12,14,9,11,0,0,0,1,-1,
0,0,0,0.0360721,0,1,56,0.0340681,0,1,57,0.0340681,0,3,0,0.0340681,0,3,42,0.0340682,0,3,49,0.0360722,0,4,49,0.0340682,0,4,50,0.0340681,0,4,51,0.0340682,0,4,52,0.0340682,0,6,57,0.0340682,0,6,59,0.0340681,1,1,0,0.0340682,1,1,1,0.0340681,1,5,7,0.0340682,1,5,8,0.0340681,1,5,14,0.0340682,1,5,28,0.0360721,1,5,42,0.0340681,1,5,43,0.0360722,1,5,44,0.0340681,1,5,49,0.0340682,1,5,50,0.0340681,1,7,0,0.0340681,2,5,0,0.0360722,3,2,0,0.0360721,4,4,0,0.0340681,4,4,7,0.0340681,4,6,49,0.0340681,
d8f6
BLACK
3,1,14,4,5,14,1,14,14,2,0,14,14,0,14,14,14,0,3,14,14,14,0,14,14,8,14,8,14,14,14,14,0,14,14,8,0,8,14,0,14,14,8,14,14,10,14,8,8,14,12,14,14,14,8,14,11,9,2,14,13,14,9,11,0,1,0,0,-1,
0,0,0,0.0280561,0,0,1,0.0280561,0,0,2,0.0260521,0,1,56,0.0260521,0,1,58,0.0260521,0,3,0,0.0280561,0,3,1,0.0280561,0,3,2,0.0260521,0,3,7,0.0280561,0,3,8,0.0280561,0,3,9,0.0280561,0,3,42,0.0260521,0,4,0,0.0280561,0,4,14,0.0260521,0,4,49,0.0280561,0,6,57,0.0280561,0,6,58,0.0280561,0,6,59,0.0260521,1,1,21,0.0260521,1,1,49,0.0280561,1,5,0,0.0260521,1,5,1,0.0280561,2,2,0,0.0260521,2,2,1,0.0280561,2,2,2,0.0280561,2,2,14,0.0260521,2,2,15,0.0260521,2,2,16,0.0280561,2,6,0,0.0280561,4,0,0,0.0280561,4,4,0,0.0260521,4,4,7,0.0260521,7,2,21,0.0260521,7,2,22,0.0260521,7,2,23,0.0260521,7,2,35,0.0260521,7,2,36,0.0260521,
g3g4
WHITE
3,1,14,5,14,10,1,3,14,0,14,14,14,4,14,0,0,14,2,14,14,0,14,14,8,14,0,8,0,14,14,8,14,8,14,14,0,14,0,14,14,14,14,14,14,11,8,14,14,14,8,14,14,8,10,14,14,9,14,13,12,14,9,11,0,0,0,1,-1,
0,0,0,0.0320642,0,1,56,0.0300601,0,3,0,0.0320641,0,3,14,0.0320642,0,3,42,0.0300601,0,3,49,0.0320641,0,6,57,0.0320641,0,6,59,0.0300601,1,1,0,0.0320641,1,1,1,0.0320641,1,5,7,0.0320641,1,5,8,0.0300601,1,5,14,0.0300601,1,5,28,0.0320641,1,5,35,0.0320641,1,5,42,0.0300601,1,5,43,0.0320641,1,5,44,0.0300601,1,5,49,0.0320642,1,5,50,0.0300601,1,7,0,0.0320641,2,2,7,0.0300601,2,2,21,0.0320641,2,2,22,0.0300601,2,2,49,0.0320641,2,2,50,0.0320641,2,5,0,0.0320641,3,2,0,0.0320641,3,2,49,0.0320641,4,4,0,0.0300601,4,4,7,0.0300601,4,6,49,0.0300601,
e8d8
BLACK
3,1,14,4,5,14,1,14,14,2,0,14,14,0,14,14,14,0,3,14,14,14,14,14,14,8,14,8,14,14,0,14,0,14,14,8,0,8,14,0,14,14,8,14,14,10,14,8,8,14,12,14,14,14,8,14,11,9,2,13,14,14,9,11,0,1,0,0,-1,
0,0,0,0.0260521,0,0,1,0.0260521,0,0,2,0.0260521,0,1,56,0.0240481,0,1,58,0.0240481,0,3,0,0.0260521,0,3,1,0.0260521,0,3,2,0.0240481,0,3,7,0.0260521,0,3,8,0.0260521,0,3,42,0.0260521,0,4,0,0.0260521,0,4,14,0.0260521,0,4,49,0.0260521,0,6,57,0.0260521,0,6,58,0.0260521,0,6,59,0.0240481,1,1,21,0.0260521,1,1,49,0.0260521,1,5,0,0.0260521,1,5,1,0.0260521,2,2,0,0.0260521,2,2,1,0.0260521,2,2,2,0.0260521,2,2,14,0.0240481,2,2,15,0.0260521,2,2,16,0.0260521,2,2,17,0.0260522,2,2,18,0.0260521,3,6,0,0.0260522,3,6,49,0.0260521,4,0,0,0.0260521,4,4,0,0.024048,4,4,7,0.0240481,7,2,21,0.0260521,7,2,22,0.0260521,7,2,23,0.0260521,7,2,35,0.0240481,7,2,36,0.0260521,
c3c4
WHITE
3,1,14,14,5,10,1,3,14,0,14,14,14,4,14,0,0,14,2,14,14,0,14,14,8,14,0,8,0,14,14,8,14,8,14,14,0,11,0,14,14,14,14,14,14,14,8,14,14,14,8,14,14,8,10,14,14,9,14,13,12,14,9,11,0,0,0,1,-1,
0,0,0,0.0370671,0,1,56,0.0294913,0,4,14,0.0294913,0,4,42,0.0370671,0,4,49,0.0370671,0,6,57,0.0370671,0,6,59,0.0294913,1,1,0,0.0370671,1,1,1,0.0370671,1,5,7,0.0370671,1,5,8,0.0370671,1,5,14,0.0370671,1,5,28,0.0370671,1,5,42,0.0370671,1,5,43,0.0370671,1,5,44,0.0370671,1,5,49,0.0370671,1,5,50,0.0370671,1,7,0,0.0370671,2,2,7,0.0370671,2,2,21,0.0370671,2,2,49,0.0370671,2,2,50,0.0370671,2,5,0,0.0370671,3,2,0,0.0370671,3,2,49,0.0370671,3,4,7,0.0294913,4,4,0,0.0294913,
c7e5 (capture)
BLACK
3,1,14,4,5,14,1,14,14,2,0,14,14,0,14,14,14,0,14,14,14,14,14,14,14,8,3,8,14,14,0,14,0,14,14,8,12,8,14,0,14,14,8,14,14,10,14,8,8,14,14,14,14,14,8,14,11,9,2,13,14,14,9,11,0,1,0,0,-1,
0,3,7,0.251992,0,4,14,0.251992,0,4,49,0.251992,0,6,59,0.244024,
d1e2
WHITE
3,1,14,14,5,10,1,3,14,0,14,14,14,14,14,0,0,14,2,14,14,0,14,14,8,14,0,4,0,14,14,8,14,8,14,14,0,11,0,14,14,14,14,14,14,14,8,14,14,14,8,12,14,8,10,14,14,9,14,13,14,14,9,11,0,0,0,1,-1,
0,0,0,0.0361908,0,1,56,0.0283976,0,4,7,0.0283977,0,4,14,0.0283976,0,4,42,0.0361909,0,4,49,0.0361908,0,6,57,0.0361908,0,6,59,0.0283977,1,1,0,0.0283977,1,1,1,0.0361908,1,7,0,0.0361908,2,2,21,0.0361909,2,2,49,0.0361908,2,2,50,0.0361908,2,5,0,0.0361908,3,2,0,0.0361908,3,2,49,0.0283977,3,3,0,0.0361908,3,3,1,0.0283977,3,3,2,0.0361908,3,3,21,0.0361908,3,3,22,0.0361908,3,3,28,0.0361908,3,3,29,0.0361909,3,3,30,0.0283976,3,3,49,0.0361909,3,3,50,0.0283976,3,3,51,0.0361908,3,4,7,0.0283977,4,4,0,0.0283976,
b8a6
BLACK
3,1,14,14,5,14,1,14,14,2,0,14,4,0,14,14,14,0,14,14,14,14,14,14,14,8,3,8,14,14,0,14,0,14,14,8,12,8,14,0,9,14,8,14,14,10,14,8,8,14,14,14,14,14,8,14,11,14,2,13,14,14,9,11,0,1,0,0,-1,
0,0,0,0.0378762,0,0,1,0.0378762,0,0,2,0.0292585,0,1,56,0.0292585,0,1,57,0.0292584,0,1,58,0.0292584,0,4,14,0.0292584,0,4,42,0.0292585,0,4,49,0.0292585,0,6,57,0.0292584,0,6,58,0.0378762,1,1,7,0.0292585,1,1,8,0.0292585,1,1,21,0.0292584,1,1,49,0.0292585,1,2,0,0.0292585,1,4,0,0.0292584,1,4,1,0.0292584,1,4,2,0.0292584,1,5,0,0.0292585,1,5,1,0.0378762,3,2,0,0.0292585,3,2,1,0.0292584,3,2,14,0.0292585,3,2,28,0.0292585,3,2,42,0.0292585,3,6,0,0.0292584,3,6,49,0.0292584,7,2,21,0.0292585,7,2,22,0.0292584,7,2,23,0.0292585,7,2,35,0.0292584,7,2,36,0.0292584,
c4c5
WHITE
3,1,14,14,5,10,14,3,14,0,14,14,14,14,14,0,0,14,2,14,14,0,14,1,8,14,0,4,0,11,14,8,14,8,14,14,0,14,0,14,14,14,14,14,14,14,8,14,14,14,8,12,14,8,10,14,14,9,14,13,14,14,9,11,0,0,0,1,-1,
0,0,0,0.0314235,0,1,56,0.0314234,0,4,7,0.0314235,0,4,14,0.0314235,0,4,42,0.0314235,0,4,49,0.0314235,0,7,42,0.0314235,0,7,43,0.0314235,1,1,0,0.0314236,1,1,1,0.0314235,2,2,21,0.0314235,2,2,49,0.0400471,2,2,50,0.0314235,2,7,59,0.0314236,2,7,60,0.0314235,2,7,61,0.0314235,3,2,0,0.0314235,3,2,49,0.0314235,3,3,0,0.0314235,3,3,1,0.0314236,3,3,2,0.0314235,3,3,21,0.0400471,3,3,22,0.0314235,3,3,23,0.0314235,3,3,28,0.0314235,3,3,29,0.0314235,3,3,30,0.0314236,3,3,49,0.0314235,3,3,50,0.0314236,3,3,51,0.0400471,4,4,0,0.0314235,
d8e8
BLACK
3,1,14,14,5,14,1,14,14,2,0,14,4,0,14,14,14,0,14,14,14,14,14,14,14,8,14,8,14,14,0,14,0,14,3,8,12,8,14,0,9,14,8,14,14,10,14,8,8,14,14,14,14,14,8,14,11,14,2,14,13,14,9,11,0,1,0,0,-1,
0,0,0,0.0319008,0,0,1,0.0319008,0,0,2,0.0319008,0,1,56,0.0242074,0,1,57,0.0319008,0,1,58,0.0242074,0,4,14,0.0242074,0,4,42,0.0319008,0,4,49,0.0319008,0,6,57,0.0319008,0,6,58,0.0319008,1,1,7,0.0319008,1,1,8,0.0319008,1,1,21,0.0242075,1,1,49,0.0319008,1,2,0,0.0319008,1,2,1,0.0242075,1,4,0,0.0242074,1,4,1,0.0319008,1,4,2,0.0319008,1,5,0,0.0319008,1,5,1,0.0319008,3,6,0,0.0319008,3,6,49,0.0242075,4,2,0,0.0242074,4,2,14,0.0319008,4,2,28,0.0319008,4,2,29,0.0319008,4,2,42,0.0319008,7,2,21,0.0319008,7,2,22,0.0242075,7,2,23,0.0242074,7,2,35,0.0242075,7,2,36,0.0319008,
e2e5 (capture)
WHITE
3,1,14,5,14,10,14,3,14,0,14,14,14,14,14,0,0,14,2,14,14,0,14,1,8,14,0,12,0,11,14,8,14,8,14,14,0,14,0,14,14,14,14,14,14,14,8,14,14,14,8,14,14,8,10,14,14,9,14,13,14,14,9,11,0,0,0,1,-1,
0,1,56,0.165315,0,3,14,0.173427,0,3,42,0.165315,0,3,49,0.165315,2,2,7,0.165315,2,2,21,0.165315,
e8d8
BLACK
3,1,14,14,5,14,1,14,14,2,0,14,14,0,14,14,14,0,14,14,14,14,14,14,14,8,14,8,14,14,0,14,0,14,3,8,4,8,14,0,9,14,8,14,14,10,14,8,8,14,14,14,14,14,8,14,11,14,2,13,14,14,9,11,0,1,0,0,-1,
0,0,0,0.0188051,0,0,1,0.0275326,0,0,2,0.0188051,0,1,56,0.0188051,0,1,57,0.0188051,0,1,58,0.0188051,0,4,0,0.0275326,0,4,14,0.0188051,0,4,42,0.0188051,0,4,49,0.0188052,0,6,57,0.0188051,0,6,58,0.0275326,0,6,59,0.0188051,1,1,7,0.0188052,1,1,8,0.0188051,1,1,21,0.0188051,1,1,49,0.0188052,1,2,0,0.0188051,1,2,1,0.0188052,1,5,0,0.0188051,1,5,1,0.0275326,3,6,0,0.0188051,3,6,49,0.0188051,4,2,0,0.0188051,4,2,14,0.0188051,4,2,28,0.0275326,4,2,29,0.0275326,4,2,42,0.0275326,4,4,0,0.0188051,4,4,1,0.0188052,4,4,2,0.0188052,4,4,7,0.0188051,4,4,14,0.0188052,4,4,21,0.0275326,4,4,22,0.0188051,4,4,23,0.0188051,4,4,28,0.0188052,4,4,29,0.0188051,4,4,30,0.0188051,4,4,35,0.0188051,4,4,42,0.0188052,4,4,49,0.0275326,4,4,50,0.0188051,4,4,51,0.0188052,7,2,21,0.0188052,7,2,22,0.0188051,7,2,23,0.0188052,7,2,35,0.0188052,7,2,36,0.0188051,
e5c7
WHITE
3,1,14,14,5,10,14,3,14,0,14,14,14,12,14,0,0,14,2,14,14,0,14,1,8,14,0,14,0,11,14,8,14,8,14,14,0,14,0,14,14,14,14,14,14,14,8,14,14,14,8,14,14,8,10,14,14,9,14,13,14,14,9,11,0,0,0,1,-1,
0,4,7,0.330653,0,4,42,0.338693,2,7,60,0.330653,
a6c7 (capture)
BLACK
3,1,14,14,5,14,1,14,14,2,0,14,14,0,14,14,14,0,14,14,14,14,14,14,14,8,14,8,14,14,0,14,0,14,3,8,14,8,14,0,14,14,8,14,14,10,14,8,8,14,9,14,14,14,8,14,11,14,2,13,14,14,9,11,0,1,0,0,-1,
0,0,0,0.0319008,0,0,1,0.0319008,0,0,2,0.0319008,0,1,56,0.0242075,0,1,57,0.0319008,0,1,58,0.0242075,0,4,0,0.0319008,0,4,14,0.0242074,0,4,42,0.0319008,0,4,49,0.0319008,0,6,57,0.0319008,0,6,58,0.0319008,0,6,59,0.0242074,1,1,7,0.0319008,1,1,8,0.0319008,1,1,21,0.0242074,1,1,49,0.0319008,1,2,0,0.0319008,1,2,1,0.0242074,1,5,0,0.0319008,1,5,1,0.0319008,3,6,0,0.0319008,3,6,49,0.0242075,4,0,0,0.0319008,4,2,0,0.0242075,4,2,14,0.0319008,4,2,28,0.0319008,4,2,29,0.0319008,4,2,42,0.0319008,7,2,21,0.0319008,7,2,22,0.0242074,7,2,23,0.0242075,7,2,35,0.0242074,7,2,36,0.0319008,
g1e2
WHITE
3,1,14,14,5,10,14,3,14,0,14,14,14,1,14,0,0,14,2,14,14,0,14,14,8,14,0,14,0,11,14,8,14,8,14,14,0,14,0,14,14,14,14,14,14,14,8,14,14,14,8,9,14,8,10,14,14,14,14,13,14,14,9,11,0,0,0,1,-1,
0,0,0,0.0494625,0,1,56,0.0417199,0,4,14,0.0417199,0,4,42,0.0494625,0,4,49,0.0494625,0,7,42,0.0494626,0,7,43,0.0417199,1,1,0,0.0494626,1,1,1,0.0494625,1,5,56,0.0494625,1,5,57,0.0494625,1,5,59,0.0417199,1,5,60,0.0494625,1,7,0,0.0494625,2,2,7,0.0494626,2,2,21,0.0494626,2,2,49,0.0494625,2,2,50,0.0494625,3,2,0,0.0494626,3,2,49,0.0494625,4,4,0,0.0417199,
f5g4 (capture)
BLACK
3,1,14,14,5,14,14,14,14,2,0,14,1,0,14,14,14,0,14,14,14,14,14,14,14,8,14,8,14,14,8,14,0,14,3,8,14,14,14,0,14,14,8,14,14,10,14,8,8,14,9,14,14,14,8,14,11,14,2,13,14,14,9,11,0,1,0,0,-1,
0,0,0,0.0348072,0,0,1,0.0348072,0,0,2,0.0264129,0,1,56,0.0264129,0,1,57,0.0264129,0,1,58,0.0264129,0,4,14,0.0264129,0,4,42,0.0264129,0,4,49,0.0348072,1,1,7,0.0264129,1,1,8,0.0264129,1,1,21,0.0264129,1,1,49,0.0348072,1,2,0,0.0264129,1,2,1,0.0264128,1,4,56,0.0264129,1,4,57,0.0264129,1,4,58,0.0264129,1,4,59,0.0264129,1,4,60,0.0264129,1,4,63,0.0264129,1,5,0,0.0264129,1,5,1,0.0348072,4,0,0,0.0264129,4,2,0,0.0264129,4,2,14,0.0264129,4,2,28,0.0348072,4,2,29,0.0348072,4,2,42,0.0348072,7,2,21,0.0264129,7,2,22,0.0264129,7,2,23,0.0264129,7,2,24,0.0348072,7,2,35,0.0264129,7,2,36,0.0264129,
e1f1
WHITE
3,1,14,14,5,10,14,3,14,0,14,14,14,1,14,0,0,14,2,14,14,0,14,14,8,14,14,14,0,11,14,8,14,0,14,14,0,14,0,14,14,14,14,14,14,14,8,14,14,14,8,9,14,8,10,14,14,14,13,14,14,14,9,11,0,0,0,0,-1,
0,0,0,0.0503795,0,1,56,0.0503795,0,4,14,0.0503795,0,4,42,0.0503795,0,4,49,0.0503795,0,7,42,0.0503795,0,7,43,0.0427897,1,1,0,0.0503795,1,1,1,0.0503795,1,5,56,0.0503795,1,5,57,0.0503795,1,5,59,0.0503795,1,5,60,0.0503795,1,7,0,0.0503795,2,2,7,0.0503795,2,2,21,0.0503795,2,2,49,0.0503795,2,2,50,0.0503795,4,1,0,0.0503795,4,4,0,0.0503795,
d8e7
BLACK
3,1,14,14,14,5,14,14,14,2,0,14,1,0,14,14,14,0,14,14,14,14,14,14,14,8,14,8,14,14,8,14,0,14,3,8,14,14,14,0,14,14,8,14,14,10,14,8,8,14,9,14,13,14,8,14,11,14,2,14,14,14,9,11,0,0,0,0,-1,
0,0,0,0.0348072,0,0,1,0.0348072,0,0,2,0.0264129,0,1,56,0.0264129,0,1,57,0.0264129,0,1,58,0.0264128,0,5,7,0.0264129,0,5,14,0.0264129,0,5,42,0.0264129,1,1,7,0.0264129,1,1,8,0.0264129,1,1,21,0.0264129,1,1,49,0.0348072,1,2,0,0.0264129,1,2,1,0.0264129,1,4,56,0.0264129,1,4,57,0.0264129,1,4,58,0.0264129,1,4,59,0.0264129,1,4,60,0.0264129,1,4,63,0.0264129,1,5,0,0.0264129,1,5,1,0.0348072,4,0,0,0.0348072,4,2,0,0.0264129,4,2,14,0.0264129,4,2,28,0.0348072,4,2,29,0.0348072,4,2,42,0.0348072,7,2,21,0.0264129,7,2,22,0.0264129,7,2,23,0.0264129,7,2,24,0.0348072,7,2,35,0.0264129,7,2,36,0.0264129,
c5c6 (capture)
WHITE
3,1,14,14,14,10,14,3,14,0,14,5,14,1,14,0,0,14,2,14,14,11,14,14,8,14,14,14,0,14,14,8,14,0,14,14,0,14,0,14,14,14,14,14,14,14,8,14,14,14,8,9,14,8,10,14,14,14,13,14,14,14,9,11,0,0,0,0,-1,
0,0,0,0.0586912,0,7,42,0.0504674,0,7,43,0.0504674,1,1,0,0.0504674,1,1,1,0.0504674,1,3,21,0.0586912,1,3,28,0.0504674,1,3,35,0.0586912,1,3,42,0.0504674,1,5,56,0.0504674,1,5,57,0.0504674,1,5,59,0.0504674,1,5,60,0.0586912,1,7,0,0.0504675,2,2,7,0.0504675,2,2,49,0.0586912,2,2,50,0.0504675,4,1,0,0.0504674,4,4,0,0.0504674,
e7f8
BLACK
3,1,14,14,14,5,14,14,14,2,0,14,1,0,14,14,14,0,14,14,14,14,14,14,14,8,14,8,14,14,8,14,0,14,14,8,14,14,14,0,14,14,3,14,14,10,14,8,8,14,9,14,14,14,8,14,11,14,2,14,14,13,9,11,0,0,0,0,-1,
0,0,0,0.0271679,0,0,1,0.0271679,0,0,2,0.0271679,0,1,56,0.0197246,0,1,57,0.0271679,0,1,58,0.0197245,0,5,7,0.0271679,0,5,14,0.0271679,0,5,42,0.0197246,1,1,7,0.0271679,1,1,8,0.0271679,1,1,21,0.0271678,1,1,49,0.0271679,1,2,0,0.0271679,1,2,1,0.0197245,1,4,56,0.0271679,1,4,57,0.0271679,1,4,58,0.0271678,1,4,59,0.0271678,1,4,60,0.0197246,1,4,63,0.0197245,1,5,0,0.0271679,1,5,1,0.0271679,4,0,0,0.0271679,5,2,0,0.0271679,5,2,14,0.0271679,5,2,15,0.0271679,5,2,16,0.0271679,5,2,28,0.0271679,5,2,29,0.0271678,5,2,30,0.0197245,5,2,42,0.0271679,5,2,43,0.0271679,7,2,21,0.0271679,7,2,22,0.0271679,7,2,23,0.0271679,7,2,24,0.0271679,7,2,35,0.0197245,7,2,36,0.0271678,
e2f4
WHITE
3,1,5,14,14,10,14,3,14,0,14,14,14,1,14,0,0,14,2,14,14,11,14,14,8,14,14,14,0,14,14,8,14,0,9,14,0,14,0,14,14,14,14,14,14,14,8,14,14,14,8,14,14,8,10,14,14,14,13,14,14,14,9,11,0,0,0,0,-1,
0,0,0,0.0494625,0,1,56,0.0417199,0,2,0,0.0494625,0,2,7,0.0494626,0,2,14,0.0494625,0,7,42,0.0494626,0,7,43,0.0417199,1,1,0,0.0494625,1,1,1,0.0494625,1,5,56,0.0494626,1,5,57,0.0494625,1,5,59,0.0417199,1,5,60,0.0494625,1,7,0,0.0494626,2,2,7,0.0494625,2,2,21,0.0494625,2,2,22,0.0417199,2,2,49,0.0494625,2,2,50,0.0494626,4,1,0,0.0494625,4,4,0,0.0417199,
f6h4
BLACK
3,1,14,14,14,5,14,14,14,2,0,14,14,0,14,14,14,0,14,14,14,14,14,14,14,8,14,8,14,1,8,10,0,14,14,8,14,14,14,0,14,14,3,14,14,14,14,8,8,14,9,14,14,14,8,14,11,14,2,14,14,13,9,11,0,0,0,0,-1,
0,0,0,0.0246729,0,0,1,0.0246729,0,0,2,0.0246729,0,1,56,0.0174207,0,1,57,0.0246729,0,1,58,0.0174207,0,5,7,0.0246729,0,5,14,0.0246729,0,5,42,0.0174207,0,5,49,0.0246729,1,1,7,0.0246729,1,1,8,0.0246729,1,1,21,0.0246729,1,1,49,0.0246729,1,2,0,0.0246729,1,2,1,0.0246729,1,5,0,0.0246729,3,5,57,0.0246729,3,5,58,0.0246729,3,5,59,0.0246729,3,5,60,0.0246729,3,5,61,0.0246729,3,5,62,0.0246729,3,5,63,0.0246729,4,0,0,0.0246729,5,2,0,0.0246729,5,2,14,0.0246729,5,2,15,0.0246729,5,2,16,0.0246729,5,2,17,0.0246729,5,2,18,0.0246729,5,2,28,0.0246729,5,2,29,0.0246729,5,2,30,0.0174206,5,2,42,0.0246729,5,2,43,0.0246729,7,2,21,0.0246729,7,2,22,0.0246729,7,2,23,0.0246729,7,2,24,0.0246729,7,2,35,0.0174206,7,2,36,0.0246729,
c2c4
WHITE
3,1,5,14,14,10,14,3,14,0,14,14,14,1,14,0,0,14,14,14,14,11,14,14,8,14,14,14,0,14,14,8,2,0,9,14,0,8,0,14,14,14,14,14,14,14,8,14,14,14,8,14,14,14,10,14,14,14,13,14,14,14,9,11,0,0,0,0,45,
0,0,0,0.0452394,0,1,56,0.0368478,0,1,57,0.0368478,0,2,0,0.0368478,0,2,7,0.0368478,0,2,14,0.0368477,0,7,42,0.0368478,0,7,43,0.0368478,1,1,0,0.0368478,1,1,1,0.0368478,1,5,56,0.0368478,1,5,57,0.0452394,1,5,59,0.0368478,1,5,60,0.0452394,1,7,0,0.0368478,3,4,7,0.0368478,4,0,7,0.0368478,4,0,8,0.0452394,4,0,21,0.0368478,4,0,22,0.0368477,4,0,23,0.0368477,4,0,24,0.0452394,4,1,0,0.0368478,4,4,0,0.0368478,4,4,7,0.0368478,4,6,49,0.0368478,
h4d8
BLACK
3,1,14,14,14,5,14,14,14,2,14,14,14,0,14,14,14,0,14,14,14,14,14,14,14,8,0,8,14,1,8,14,0,14,14,8,14,14,14,0,14,14,3,14,14,14,14,8,8,14,9,14,14,14,8,14,11,14,2,10,14,13,9,11,0,0,0,0,-1,
0,0,0,0.0292,0,0,1,0.0292,0,0,2,0.0212,0,1,56,0.0212,0,1,57,0.0211999,0,1,58,0.0211999,0,5,7,0.0292,0,5,14,0.0212,0,5,42,0.0212,0,5,49,0.0292,1,1,7,0.0211999,1,1,8,0.0211999,1,1,21,0.0212,1,1,49,0.0292,1,5,0,0.0212,3,2,0,0.0292,3,2,7,0.0292,3,5,57,0.0212,3,5,58,0.0292,3,5,59,0.0292,3,5,60,0.0292,3,5,61,0.0292,3,5,62,0.0212,3,5,63,0.0292,4,0,0,0.0292,5,2,0,0.0292,5,2,14,0.0292,5,2,15,0.0212,5,2,16,0.0211999,5,2,17,0.0292,5,2,18,0.0211999,5,2,28,0.0292,5,2,42,0.0211999,5,2,43,0.0212,7,2,21,0.0292,7,2,22,0.0211999,7,2,23,0.0212,7,2,24,0.0292,7,2,35,0.0211999,7,2,36,0.0212,
f4g2
WHITE
3,1,5,14,2,10,14,3,14,0,14,14,14,1,14,0,0,14,14,14,14,11,14,14,8,14,14,14,0,14,14,8,14,0,14,14,0,8,0,14,14,14,14,14,14,14,8,14,14,9,8,14,14,14,10,14,14,14,13,14,14,14,9,11,0,0,0,0,-1,
0,0,0,0.0479392,0,1,56,0.0401302,0,1,57,0.0479393,0,2,0,0.0479393,0,2,7,0.0479392,0,2,14,0.0479392,0,4,49,0.0479393,0,4,50,0.0479392,0,4,51,0.0479393,0,4,52,0.0401302,0,7,42,0.0479392,0,7,43,0.0401301,1,1,0,0.0479393,1,1,1,0.0479392,1,5,56,0.0479392,1,5,57,0.0479392,1,5,59,0.0401301,1,5,60,0.0479393,1,7,0,0.0479392,3,4,7,0.0401301,4,1,0,0.0401302,4,4,0,0.0401302,
c7e8
BLACK
3,1,14,14,14,5,14,14,14,2,14,14,14,0,1,14,14,0,14,14,14,14,14,14,14,8,0,8,14,14,8,14,0,14,14,8,14,14,14,0,14,14,3,14,14,14,14,8,8,14,14,14,14,14,8,14,11,14,2,10,9,13,9,11,0,0,0,0,-1,
0,0,0,0.0311276,0,0,1,0.0311276,0,0,2,0.0231423,0,1,56,0.0231423,0,1,57,0.0231423,0,1,58,0.0231423,0,5,14,0.0231423,0,5,42,0.0231423,0,5,49,0.0311276,1,1,7,0.0231423,1,1,8,0.0231423,1,1,21,0.0231423,1,1,49,0.0311276,1,5,0,0.0231423,1,5,1,0.0311276,1,6,57,0.0311276,1,6,58,0.0311276,1,6,59,0.0311276,1,6,60,0.0231423,3,2,0,0.0311276,3,2,7,0.0311276,4,0,0,0.0311276,5,2,0,0.0311276,5,2,14,0.0311276,5,2,15,0.0231423,5,2,16,0.0231423,5,2,17,0.0311276,5,2,18,0.0231423,5,2,28,0.0311276,5,2,42,0.0231423,5,2,43,0.0311276,7,2,21,0.0311276,7,2,22,0.0231423,7,2,23,0.0231423,7,2,24,0.0311276,7,2,35,0.0231423,7,2,36,0.0231423,
c8g4 (capture)
WHITE
3,1,5,1,2,14,14,3,14,0,14,14,14,14,14,0,0,14,14,14,14,11,14,14,8,14,14,14,0,14,14,8,14,10,14,14,0,8,0,14,14,14,14,14,14,14,8,14,14,9,8,14,14,14,10,14,14,14,13,14,14,14,9,11,0,0,0,0,-1,
0,0,0,0.0479393,0,1,56,0.0401302,0,1,57,0.0479392,0,2,0,0.0479392,0,2,7,0.0479392,0,3,56,0.0479392,0,3,57,0.0401302,0,3,58,0.0401301,0,4,7,0.0479393,0,4,8,0.0401302,0,4,9,0.0479392,0,4,49,0.0479393,0,4,50,0.0479393,0,4,51,0.0479392,0,4,52,0.0479392,0,7,42,0.0479392,0,7,43,0.0401301,1,1,0,0.0479392,1,1,1,0.0479393,1,7,0,0.0479393,3,4,7,0.0401301,4,4,0,0.0401302,
a7a6
BLACK
3,1,14,14,14,5,14,14,14,2,14,14,14,0,1,14,14,0,14,14,14,14,14,14,14,8,0,8,14,14,2,14,0,14,14,8,14,14,14,0,8,14,3,14,14,14,14,8,14,14,14,14,14,14,8,14,11,14,14,10,9,13,9,11,0,0,0,0,-1,
0,0,0,0.0271679,0,0,1,0.0271679,0,0,2,0.0271679,0,1,56,0.0197245,0,1,57,0.0271678,0,1,58,0.0197245,0,5,14,0.0271678,0,5,42,0.0197246,0,5,49,0.0271679,1,1,7,0.0271678,1,1,8,0.0271679,1,1,21,0.0197246,1,1,49,0.0271679,1,5,0,0.0271679,1,5,1,0.0271679,1,6,57,0.0271679,1,6,58,0.0271679,1,6,59,0.0271679,1,6,60,0.0271679,3,2,0,0.0271679,3,2,7,0.0271679,3,6,21,0.0271679,3,6,35,0.0197245,3,6,36,0.0271679,3,6,37,0.0197245,3,6,49,0.0197245,3,6,50,0.0271678,3,6,51,0.0271679,3,6,52,0.0271679,5,2,0,0.0271679,5,2,1,0.0271679,5,2,14,0.0271679,5,2,15,0.0271679,5,2,16,0.0197246,5,2,17,0.0271679,5,2,18,0.0271679,5,2,28,0.0271678,5,2,42,0.0271679,5,2,43,0.0271679,
g4e6
WHITE
3,1,5,1,2,14,14,3,14,0,14,14,14,14,14,14,0,14,14,10,14,11,14,0,8,14,14,14,0,14,14,8,14,14,14,14,0,8,0,14,14,14,14,14,14,14,8,14,14,9,8,14,14,14,10,14,14,14,13,14,14,14,9,11,0,0,0,0,-1,
0,0,0,0.0494625,0,1,56,0.0417199,0,1,57,0.0494625,0,2,7,0.0494625,0,3,56,0.0494625,0,3,57,0.0417199,0,3,58,0.0417199,0,4,7,0.0494626,0,4,8,0.0494626,0,4,9,0.0494625,0,4,49,0.0494626,0,4,50,0.0494626,0,4,51,0.0494625,0,4,52,0.0494626,0,7,0,0.0494625,0,7,42,0.0494625,0,7,43,0.0417199,1,1,0,0.0494625,1,1,1,0.0494625,3,4,7,0.0494625,4,4,0,0.0417199,
d8g5
BLACK
3,1,14,14,14,5,14,14,14,2,14,14,14,0,1,14,14,0,14,14,14,14,14,14,14,8,0,8,14,14,14,14,0,14,14,8,14,14,10,0,8,14,3,14,2,14,14,8,14,14,14,14,14,14,8,14,11,14,14,14,9,13,9,11,0,0,0,0,-1,
0,0,0,0.0348072,0,0,1,0.0348072,0,0,2,0.0264129,0,1,56,0.0264129,0,1,57,0.0264129,0,1,58,0.0264129,0,5,14,0.0264129,0,5,42,0.0264129,0,5,49,0.0348072,1,1,7,0.0264129,1,1,8,0.0264129,1,1,21,0.0264129,1,1,49,0.0264129,1,5,0,0.0264129,1,5,1,0.0348072,1,6,57,0.0348072,1,6,58,0.0348072,1,6,59,0.0348072,1,6,60,0.0264129,3,2,0,0.0264129,3,2,7,0.0264129,5,2,0,0.0264129,5,2,1,0.0264129,5,2,14,0.0264129,5,2,28,0.0264129,5,2,42,0.0264129,5,2,43,0.0264129,5,4,7,0.0264129,5,4,8,0.0348072,5,4,21,0.0264129,5,4,22,0.0264129,5,4,23,0.0348072,5,4,35,0.0264128,5,4,49,0.0264129,5,4,50,0.0264129,
e6g4
WHITE
3,1,5,1,14,14,14,3,14,0,14,14,14,14,14,14,0,14,14,14,14,11,14,0,8,2,14,14,0,14,14,8,14,10,14,14,0,8,0,14,14,14,14,14,14,14,8,14,14,9,8,14,14,14,10,14,14,14,13,14,14,14,9,11,0,0,0,0,-1,
0,0,0,0.0458475,0,1,56,0.0380629,0,1,57,0.0458475,0,2,0,0.0458475,0,2,7,0.0458475,0,3,56,0.0458475,0,3,57,0.0380629,0,3,58,0.0380629,0,7,0,0.0458475,0,7,42,0.0458475,0,7,43,0.0380629,0,7,44,0.0458475,1,1,0,0.0458475,3,1,7,0.0458475,3,1,8,0.0458475,3,1,9,0.0458475,3,1,10,0.0458475,3,1,21,0.0458475,3,1,22,0.0458475,3,1,23,0.0458475,3,1,49,0.0380629,3,4,7,0.0380629,4,4,0,0.0380629,
g5c1
BLACK
3,1,10,14,14,5,14,14,14,2,14,14,14,0,1,14,14,0,14,14,14,14,14,14,14,8,0,8,14,14,2,14,0,14,14,8,14,14,14,0,8,14,3,14,14,14,14,8,14,14,14,14,14,14,8,14,11,14,14,14,9,13,9,11,0,0,0,0,-1,
0,0,0,0.0271679,0,0,1,0.0271679,0,0,2,0.0271679,0,1,56,0.0197245,0,1,57,0.0271678,0,1,58,0.0197245,0,5,14,0.0271678,0,5,42,0.0197246,0,5,49,0.0271679,1,1,7,0.0271678,1,1,8,0.0271679,1,1,21,0.0197246,1,1,49,0.0271679,1,5,0,0.0271679,1,5,1,0.0271679,1,6,57,0.0271679,1,6,58,0.0271679,1,6,59,0.0271679,1,6,60,0.0271679,3,2,0,0.0271679,3,2,7,0.0271679,3,6,21,0.0271679,3,6,35,0.0197245,3,6,36,0.0271679,3,6,37,0.0197245,3,6,49,0.0197245,3,6,50,0.0271678,3,6,51,0.0271679,3,6,52,0.0271679,5,2,0,0.0271679,5,2,1,0.0271679,5,2,14,0.0271679,5,2,15,0.0271679,5,2,16,0.0197246,5,2,17,0.0271679,5,2,18,0.0271679,5,2,28,0.0271678,5,2,42,0.0271679,5,2,43,0.0271679,
c6h6 (capture)
WHITE
3,1,5,1,14,14,14,3,14,0,14,14,14,14,14,14,11,14,14,14,14,14,14,0,8,14,14,14,0,14,14,8,14,10,14,14,0,8,0,14,14,14,14,14,14,14,8,14,14,9,8,14,14,14,10,14,14,14,13,14,14,2,9,11,0,0,0,0,-1,
0,0,0,0.040299,0,0,1,0.040299,0,1,56,0.0402991,0,1,57,0.040299,0,1,58,0.0402991,0,2,0,0.040299,0,2,7,0.0402991,0,3,56,0.040299,0,3,57,0.040299,0,3,58,0.040299,0,7,0,0.040299,0,7,42,0.040299,0,7,43,0.0328238,0,7,44,0.040299,1,1,0,0.040299,1,1,1,0.040299,1,1,49,0.040299,3,4,7,0.0402991,4,4,0,0.040299,7,5,21,0.040299,7,5,35,0.040299,7,5,36,0.040299,7,5,37,0.040299,7,5,38,0.040299,7,5,39,0.0402991,
g7h6 (capture)
BLACK
3,1,10,14,14,5,14,14,14,2,14,14,14,0,1,14,14,0,14,14,14,14,14,14,14,8,0,8,14,14,2,14,0,14,14,8,14,14,14,0,8,14,14,14,14,14,14,8,14,14,14,14,14,14,14,14,11,14,14,14,9,13,9,11,0,0,0,0,-1,
0,0,0,0.0327425,0,0,1,0.0327426,0,0,2,0.0327426,0,1,56,0.0327425,0,1,57,0.0327426,0,1,58,0.0327425,0,5,14,0.0327426,0,5,42,0.0327426,0,5,49,0.0411535,1,1,7,0.0327426,1,1,8,0.0327426,1,1,21,0.0327425,1,1,49,0.0327426,1,5,0,0.0327426,1,5,1,0.0411535,1,6,57,0.0411535,1,6,58,0.0411535,1,6,59,0.0327426,1,6,60,0.0327425,3,2,0,0.0327426,3,2,7,0.0327426,3,6,21,0.0327426,3,6,35,0.0327426,3,6,36,0.0327426,3,6,37,0.0327426,3,6,49,0.0327426,3,6,50,0.0327426,3,6,51,0.0411535,3,6,52,0.0411535,
a1a3
WHITE
3,1,5,1,14,14,14,3,14,14,14,14,14,14,14,14,0,14,14,14,14,14,14,0,8,14,14,14,0,14,14,8,14,10,14,14,0,8,0,14,14,14,14,14,14,14,8,11,14,9,8,14,14,14,10,14,14,14,13,14,14,2,9,14,0,0,0,0,-1,
0,0,0,0.0479393,0,1,56,0.0401302,0,1,57,0.0479392,0,2,0,0.0479392,0,2,7,0.0479392,0,2,49,0.0479393,0,3,56,0.0479392,0,3,57,0.0401302,0,3,58,0.0401301,0,3,59,0.0479393,0,7,0,0.0479392,0,7,42,0.0479392,0,7,43,0.0401301,0,7,44,0.0479393,3,4,7,0.0401301,4,4,0,0.0401302,4,6,7,0.0479392,7,5,21,0.0479393,7,5,35,0.0479393,7,5,36,0.0479392,7,5,37,0.0479392,7,5,38,0.0401302,
e8d6
BLACK
14,1,10,14,14,5,14,14,14,2,14,14,14,0,1,14,3,0,14,14,14,14,14,14,14,8,0,8,14,14,2,14,0,14,14,8,14,14,14,0,8,14,14,9,14,14,14,8,14,14,14,14,14,14,14,14,11,14,14,14,14,13,9,11,0,0,0,0,-1,
0,1,56,0.0294913,0,1,57,0.0370671,0,5,14,0.0370671,0,5,42,0.0294913,0,5,49,0.0370671,1,1,7,0.0370671,1,1,8,0.0370671,1,1,21,0.0294913,1,1,35,0.0294913,1,5,0,0.0370671,1,5,1,0.0370671,1,6,57,0.0370671,1,6,58,0.0370671,1,6,59,0.0370671,1,6,60,0.0370671,2,0,0,0.0370671,2,0,28,0.0370671,2,0,29,0.0370671,3,2,0,0.0370671,3,2,7,0.0370671,3,6,21,0.0370671,3,6,35,0.0370671,3,6,36,0.0370671,3,6,37,0.0294913,3,6,49,0.0370671,3,6,50,0.0370671,3,6,51,0.0370671,3,6,52,0.0370671,
g4c8
WHITE
3,1,5,14,14,10,14,3,14,14,14,14,14,14,14,14,0,14,14,14,1,14,14,0,8,14,14,14,0,14,14,8,14,14,14,14,0,8,0,14,14,14,14,14,14,14,8,11,14,9,8,14,14,14,10,14,14,14,13,14,14,2,9,14,0,0,0,0,-1,
0,0,0,0.0452394,0,1,56,0.0368478,0,1,57,0.0368478,0,2,0,0.0368478,0,2,7,0.0368478,0,2,14,0.0368477,0,2,49,0.0368478,0,7,0,0.0452394,0,7,42,0.0368478,0,7,43,0.0368478,2,4,56,0.0368477,2,4,57,0.0368478,2,4,58,0.0368478,2,4,59,0.0368478,2,4,60,0.0368478,2,4,61,0.0368478,2,4,62,0.0368478,2,4,63,0.0452394,3,4,7,0.0368478,4,4,0,0.0368478,4,6,7,0.0452394,7,5,21,0.0452394,7,5,35,0.0368478,7,5,36,0.0368477,7,5,37,0.0368478,7,5,38,0.0368478,
d6b5
BLACK
14,1,10,14,14,5,14,14,14,2,14,14,14,0,1,14,3,0,14,14,14,14,14,14,14,8,0,8,14,14,14,14,0,9,14,8,14,14,14,0,8,14,14,14,14,14,14,8,14,14,14,14,14,14,14,14,11,14,2,14,14,13,9,11,0,0,0,0,-1,
0,1,56,0.0294913,0,1,57,0.0370671,0,5,14,0.0370671,0,5,42,0.0294913,0,5,49,0.0370671,1,1,7,0.0370671,1,1,8,0.0370671,1,1,21,0.0294913,1,1,35,0.0294913,1,5,0,0.0370671,1,5,1,0.0370671,1,6,57,0.0370671,1,6,58,0.0370671,1,6,59,0.0370671,1,6,60,0.0370671,2,0,0,0.0370671,2,0,28,0.0370671,2,0,29,0.0370671,3,2,0,0.0370671,3,2,7,0.0370671,3,2,49,0.0370671,7,2,21,0.0370671,7,2,22,0.0370671,7,2,23,0.0370671,7,2,24,0.0370671,7,2,25,0.0370671,7,2,35,0.0294913,7,2,36,0.0370671,
f1e1
WHITE
3,1,5,14,14,10,14,3,14,14,14,14,14,14,14,14,0,14,14,14,14,14,14,0,8,14,14,14,0,14,1,8,14,14,14,14,0,8,0,14,14,14,14,14,14,14,8,11,14,9,8,14,14,14,10,14,14,14,14,13,14,2,9,14,0,0,0,0,-1,
0,0,0,0.0458475,0,1,56,0.0380629,0,1,57,0.0458475,0,2,0,0.0458475,0,2,7,0.0458475,0,2,14,0.0458475,0,2,49,0.0458475,0,7,0,0.0458475,0,7,42,0.0458475,0,7,43,0.0380629,3,4,7,0.0380629,3,6,57,0.0458475,3,6,58,0.0458475,3,6,60,0.0458475,3,6,61,0.0380629,3,6,62,0.0380629,4,4,0,0.0380629,4,6,7,0.0458475,7,5,21,0.0458475,7,5,35,0.0458475,7,5,36,0.0458475,7,5,37,0.0458475,7,5,38,0.0380629,
d5c4 (capture)
BLACK
14,1,10,14,5,14,14,14,14,2,14,14,14,0,1,14,3,0,14,14,14,14,14,14,14,8,8,8,14,14,14,14,0,9,14,14,14,14,14,0,8,14,14,14,14,14,14,8,14,14,14,14,14,14,14,14,11,14,2,14,14,13,9,11,0,0,0,0,-1,
0,1,56,0.0328238,0,1,57,0.0402991,0,4,0,0.040299,0,4,14,0.040299,0,4,42,0.040299,1,1,7,0.040299,1,1,8,0.040299,1,1,21,0.0402991,1,1,35,0.040299,1,5,0,0.040299,1,5,1,0.040299,1,6,57,0.040299,1,6,58,0.040299,1,6,59,0.040299,2,0,0,0.040299,2,0,28,0.0402991,2,0,29,0.040299,2,1,7,0.040299,7,2,21,0.040299,7,2,22,0.0402991,7,2,23,0.040299,7,2,24,0.040299,7,2,25,0.040299,7,2,35,0.0402991,7,2,36,0.040299,
b2a1
WHITE
3,1,5,14,14,10,14,3,14,14,14,14,14,14,14,14,0,14,14,14,14,14,14,0,8,14,14,14,14,14,1,8,14,14,14,14,0,0,0,14,14,14,14,14,14,14,8,11,14,9,8,14,14,14,14,14,14,14,14,13,14,2,9,10,0,0,0,0,-1,
0,0,0,0.040299,0,1,56,0.0402991,0,1,57,0.0402991,0,2,0,0.040299,0,2,7,0.0402991,0,2,14,0.040299,0,2,49,0.040299,0,7,0,0.040299,0,7,42,0.040299,0,7,43,0.0328238,3,6,57,0.040299,3,6,58,0.040299,3,6,60,0.040299,3,6,61,0.040299,3,6,62,0.0402991,4,4,0,0.040299,4,5,0,0.040299,4,5,7,0.040299,4,6,7,0.040299,7,5,21,0.040299,7,5,22,0.0402991,7,5,35,0.040299,7,5,36,0.040299,7,5,37,0.040299,7,5,38,0.040299,
b5a7
BLACK
2,1,10,14,5,14,14,14,14,14,14,14,14,0,1,14,3,0,14,14,14,14,14,14,14,8,8,8,14,14,14,14,0,14,14,14,14,14,14,0,8,14,14,14,14,14,14,8,9,14,14,14,14,14,14,14,11,14,2,14,14,13,9,11,0,0,0,0,-1,
0,0,7,0.0458475,0,0,8,0.0458475,0,0,9,0.0458475,0,1,56,0.0380629,0,1,57,0.0458475,0,4,0,0.0458475,0,4,14,0.0380629,0,4,42,0.0458475,1,5,0,0.0458475,1,5,1,0.0458475,1,6,57,0.0458475,1,6,58,0.0458475,1,6,59,0.0458475,2,0,0,0.0380629,2,0,28,0.0458475,2,1,7,0.0458475,7,2,21,0.0458475,7,2,22,0.0380629,7,2,23,0.0380629,7,2,24,0.0458475,7,2,25,0.0458475,7,2,35,0.0380629,7,2,36,0.0380629,
b3c4 (capture)
WHITE
3,1,5,14,14,10,14,3,14,14,14,14,14,14,14,1,0,14,14,14,14,14,14,0,8,14,14,14,14,14,14,8,14,14,14,14,0,8,0,14,14,14,14,14,14,14,14,11,14,9,8,14,14,14,14,14,14,14,14,13,14,2,9,10,0,0,0,0,-1,
0,0,0,0.0494625,0,1,56,0.0417199,0,1,57,0.0494625,0,2,0,0.0494625,0,2,7,0.0494626,0,2,14,0.0494625,0,2,49,0.0494625,0,7,42,0.0494625,0,7,43,0.0417199,1,7,58,0.0494625,1,7,59,0.0494625,1,7,60,0.0494626,4,4,0,0.0417199,4,6,0,0.0494625,4,6,7,0.0494625,7,5,21,0.0494626,7,5,22,0.0417199,7,5,35,0.0494626,7,5,36,0.0494625,7,5,37,0.0494626,7,5,38,0.0417199,
a7b5
BLACK
2,1,10,14,5,14,14,14,14,14,14,14,14,0,1,14,3,14,14,14,14,14,14,14,14,8,0,8,14,14,14,14,0,9,14,14,14,14,14,0,8,14,14,14,14,14,14,8,14,14,14,14,14,14,14,14,11,14,2,14,14,13,9,11,0,0,0,0,-1,
0,0,7,0.0314236,0,0,8,0.0314235,0,0,9,0.0314235,0,1,56,0.0314235,0,1,57,0.0314235,0,4,0,0.0314235,0,4,14,0.0314236,0,4,42,0.0314235,1,5,0,0.0314235,1,5,1,0.0400471,1,6,57,0.0400471,1,6,58,0.0314235,1,6,59,0.0314235,2,0,0,0.0314236,2,0,14,0.0314235,2,0,15,0.0314235,2,0,16,0.0400471,2,0,17,0.0314235,2,0,18,0.0314236,2,0,19,0.0314235,2,0,20,0.0314235,2,0,28,0.0314235,3,2,0,0.0314235,3,2,49,0.0314235,7,2,21,0.0314235,7,2,22,0.0314236,7,2,23,0.0314235,7,2,24,0.0314235,7,2,25,0.0314235,7,2,35,0.0314234,7,2,36,0.0314235,
g2e3
WHITE
3,1,5,14,14,10,14,3,14,14,14,14,14,14,14,14,0,14,14,14,14,14,14,0,8,14,14,14,14,14,1,8,14,14,14,14,0,8,0,14,14,14,14,9,14,14,14,11,14,14,8,14,14,14,14,14,14,14,14,13,14,2,9,10,0,0,0,0,-1,
0,0,0,0.0458475,0,1,56,0.0380629,0,1,57,0.0458475,0,2,0,0.0458475,0,2,7,0.0458475,0,2,14,0.0458475,0,2,49,0.0458475,0,7,0,0.0458475,0,7,42,0.0458475,0,7,43,0.0380629,3,6,57,0.0458475,3,6,58,0.0458475,3,6,60,0.0458475,3,6,61,0.0380629,3,6,62,0.0380629,4,4,0,0.0380629,4,4,49,0.0458475,4,6,0,0.0380629,4,6,7,0.0458475,7,5,21,0.0458475,7,5,22,0.0380629,7,5,35,0.0458475,7,5,36,0.0458475,
b5c3
BLACK
2,1,10,14,5,14,14,14,14,14,14,14,14,0,14,14,3,14,9,14,1,14,14,14,14,8,0,8,14,14,14,14,0,14,14,14,14,14,14,0,8,14,14,14,14,14,14,8,14,14,14,14,14,14,14,14,11,14,2,14,14,13,9,11,0,0,0,0,-1,
0,0,7,0.0368478,0,0,8,0.0368478,0,1,56,0.0368478,0,1,57,0.0368477,0,4,14,0.0368478,1,5,0,0.0368477,1,5,1,0.0452394,2,0,0,0.0368478,2,0,14,0.0368478,2,0,15,0.0368478,2,0,28,0.0368478,2,4,56,0.0368478,2,4,57,0.0368478,2,4,58,0.0368478,2,4,60,0.0368478,2,4,61,0.0452394,2,4,62,0.0368478,2,4,63,0.0452394,3,2,0,0.0452394,7,2,21,0.0368478,7,2,22,0.0368477,7,2,23,0.0368478,7,2,24,0.0452394,7,2,25,0.0368478,7,2,35,0.0368478,7,2,36,0.0368478,
a1b2
WHITE
3,1,5,14,14,10,14,3,14,14,14,14,14,14,14,14,0,14,14,14,14,14,14,0,8,14,14,14,14,14,14,8,14,14,14,14,0,8,0,14,14,14,14,9,14,1,14,11,14,14,8,14,14,14,10,14,14,14,14,13,14,2,9,14,0,0,0,0,-1,
0,0,0,0.040299,0,1,56,0.0402991,0,1,57,0.0402991,0,2,0,0.040299,0,2,7,0.040299,0,2,14,0.040299,0,2,49,0.040299,0,7,0,0.040299,0,7,42,0.0402991,0,7,43,0.0328238,4,4,0,0.040299,4,4,49,0.040299,4,6,0,0.0402991,4,6,7,0.040299,5,5,56,0.040299,5,5,57,0.040299,5,5,58,0.040299,5,5,59,0.0402991,5,5,60,0.040299,5,5,61,0.040299,5,5,62,0.040299,5,5,63,0.040299,7,5,21,0.040299,7,5,35,0.040299,7,5,36,0.040299,
c1d2
BLACK
14,1,14,14,5,14,14,14,14,2,14,10,14,0,14,14,3,14,9,14,1,14,14,14,14,8,0,8,14,14,14,14,0,14,14,14,14,14,14,0,8,14,14,14,14,14,14,8,14,14,14,14,14,14,14,14,11,14,2,14,14,13,9,11,0,0,0,0,-1,
0,1,56,0.330653,0,4,14,0.330653,0,4,49,0.338693,
e1f1
WHITE
3,1,5,14,14,10,14,3,14,14,14,14,14,14,14,14,0,14,14,14,14,14,14,0,8,14,14,14,14,14,14,8,14,14,14,14,0,8,0,14,14,14,14,9,14,1,14,11,14,14,8,14,2,14,10,14,14,14,13,14,14,14,9,14,0,0,0,0,-1,
0,0,0,0.040299,0,1,56,0.0402991,0,1,57,0.040299,0,2,0,0.040299,0,2,7,0.0402991,0,2,14,0.040299,0,2,49,0.0402991,0,7,0,0.040299,0,7,42,0.040299,0,7,43,0.0328238,4,4,0,0.040299,4,4,49,0.040299,4,6,0,0.040299,4,6,7,0.040299,5,5,56,0.040299,5,5,57,0.040299,5,5,58,0.040299,5,5,59,0.040299,5,5,60,0.0402991,5,5,61,0.0402991,5,5,62,0.040299,5,5,63,0.040299,6,4,7,0.040299,6,4,35,0.040299,6,4,49,0.040299,
c3d5
BLACK
14,1,14,14,14,5,14,14,14,2,14,10,14,0,14,14,3,14,14,14,1,14,14,14,14,8,0,8,14,14,14,14,0,14,14,9,14,14,14,0,8,14,14,14,14,14,14,8,14,14,14,14,14,14,14,14,11,14,2,14,14,13,9,11,0,0,0,0,-1,
0,1,56,0.0265984,0,1,57,0.0344326,0,5,7,0.0344327,0,5,14,0.0344327,0,5,49,0.0344327,1,1,7,0.0344327,1,1,8,0.0344326,1,1,21,0.0265984,1,1,35,0.0265984,1,5,0,0.0344326,1,5,1,0.0344327,2,0,0,0.0265984,2,0,14,0.0344327,2,0,15,0.0265984,2,0,16,0.0344327,2,0,28,0.0265984,2,0,29,0.0344327,2,4,56,0.0265984,2,4,57,0.0344326,2,4,58,0.0265984,2,4,60,0.0344327,2,4,61,0.0344327,2,4,63,0.0344327,3,2,0,0.0344327,3,2,7,0.0344327,7,2,21,0.0344327,7,2,22,0.0265984,7,2,23,0.0265984,7,2,24,0.0344327,7,2,25,0.0265984,7,2,35,0.0265984,7,2,36,0.0265985,
f2f3
WHITE
3,1,5,14,14,10,14,3,14,14,14,14,14,14,14,14,0,14,14,14,14,14,14,0,8,14,14,14,1,14,14,8,14,14,14,14,0,8,0,14,14,14,8,9,14,14,14,11,14,14,14,14,2,14,10,14,14,14,13,14,14,14,9,14,0,0,0,0,-1,
0,0,0,0.040299,0,1,56,0.0402991,0,1,57,0.040299,0,2,0,0.040299,0,2,7,0.040299,0,2,14,0.040299,0,2,49,0.0402991,0,7,0,0.040299,0,7,42,0.040299,0,7,43,0.0328238,3,4,57,0.040299,3,4,58,0.040299,3,4,59,0.040299,3,4,60,0.040299,3,4,61,0.0402991,3,4,62,0.040299,3,4,63,0.040299,4,4,0,0.040299,4,4,49,0.040299,4,6,0,0.0402991,4,6,7,0.040299,6,4,7,0.0402991,6,4,21,0.040299,6,4,35,0.040299,6,4,49,0.040299,
g8f6
BLACK
14,1,14,14,14,5,14,14,14,2,14,10,14,14,14,14,3,14,14,14,1,0,14,14,14,8,0,8,14,14,14,14,0,14,14,9,14,14,14,0,8,14,14,14,14,9,14,8,14,14,14,14,14,14,14,14,11,14,2,14,14,13,14,11,0,0,0,0,-1,
0,1,56,0.0265984,0,1,57,0.0344326,0,5,0,0.0344327,0,5,7,0.0344327,0,5,14,0.0344327,0,5,49,0.0344327,1,1,7,0.0344327,1,1,8,0.0344326,1,1,21,0.0265984,1,1,35,0.0265984,2,0,0,0.0265984,2,0,14,0.0344327,2,0,15,0.0265984,2,0,16,0.0344327,2,0,28,0.0265984,2,0,29,0.0344327,2,4,56,0.0265984,2,4,57,0.0344326,2,4,58,0.0265984,2,4,60,0.0344326,2,4,61,0.0344327,2,4,63,0.0344327,2,5,0,0.0344327,3,2,0,0.0344327,3,2,7,0.0344327,7,2,21,0.0344327,7,2,22,0.0265984,7,2,23,0.0265984,7,2,24,0.0344327,7,2,25,0.0265984,7,2,35,0.0265984,7,2,36,0.0265985,
c8d7
WHITE
3,14,5,14,14,14,14,3,14,14,14,14,10,14,14,14,0,14,1,14,14,14,14,0,8,14,14,14,1,14,14,8,14,14,14,14,0,8,0,14,14,14,8,9,14,14,14,11,14,14,14,14,2,14,10,14,14,14,13,14,14,14,9,14,0,0,0,0,-1,
0,0,0,0.0344327,0,0,14,0.0344327,0,2,0,0.0344327,0,2,7,0.0265984,0,2,42,0.0344327,0,2,49,0.0265985,0,7,0,0.0344327,0,7,42,0.0265984,0,7,43,0.0265984,0,7,44,0.0344327,0,7,45,0.0344327,2,2,57,0.0265984,2,2,58,0.0344326,2,2,59,0.0344326,2,2,60,0.0344326,2,2,61,0.0344327,2,2,62,0.0344327,2,2,63,0.0265984,3,4,57,0.0265984,3,4,58,0.0265984,3,4,59,0.0344326,3,4,61,0.0265984,3,4,62,0.0265984,3,4,63,0.0344327,4,4,0,0.0265984,4,4,49,0.0344327,4,6,0,0.0265984,4,6,7,0.0344327,6,4,7,0.0265984,6,4,21,0.0344327,6,4,35,0.0344327,6,4,49,0.0344327,
a8e8
BLACK
14,1,14,14,14,5,14,14,14,2,14,10,14,14,14,14,3,14,14,14,1,0,14,14,14,8,0,8,14,14,14,14,0,14,14,9,14,14,14,0,8,14,14,14,14,9,14,8,14,14,14,2,14,14,14,14,14,14,14,14,11,13,14,11,0,0,0,0,-1,
0,1,56,0.0242074,0,1,57,0.0319008,0,5,0,0.0319008,0,5,7,0.0319008,0,5,14,0.0319008,0,5,49,0.0319008,1,1,7,0.0319008,1,1,8,0.0319008,1,1,21,0.0242075,1,1,35,0.0242074,2,0,0,0.0242075,2,0,14,0.0319008,2,0,15,0.0242074,2,0,16,0.0319008,2,0,28,0.0319008,2,0,29,0.0319008,2,4,56,0.0242074,2,4,57,0.0319008,2,4,58,0.0242075,2,4,60,0.0319008,2,4,61,0.0319008,2,4,63,0.0319008,2,5,0,0.0319008,3,2,0,0.0319008,3,2,7,0.0319008,6,3,7,0.0319008,6,3,21,0.0242074,6,3,22,0.0319008,6,3,23,0.0319008,6,3,24,0.0242075,6,3,35,0.0319008,6,3,36,0.0242074,6,3,37,0.0319008,6,3,49,0.0242075,
a3c3
WHITE
3,14,5,3,14,14,14,14,14,14,14,14,10,14,14,14,0,14,1,14,14,14,14,0,8,14,14,14,1,14,14,8,14,14,14,14,0,8,0,14,14,14,8,9,14,11,14,14,14,14,14,14,2,14,10,14,14,14,13,14,14,14,9,14,0,0,0,0,-1,
0,0,0,0.028804,0,0,14,0.028804,0,2,0,0.028804,0,2,7,0.0288041,0,2,42,0.0288041,0,2,49,0.0288041,0,3,0,0.0288041,0,3,1,0.0288041,0,3,2,0.0214148,0,3,3,0.0288041,0,3,4,0.0288041,0,3,14,0.028804,0,3,15,0.0288041,0,3,16,0.0288041,0,3,17,0.0288041,2,2,57,0.0288041,2,2,58,0.0288041,2,2,59,0.0288041,2,2,60,0.0288041,2,2,61,0.028804,2,2,63,0.0288041,3,4,57,0.0288041,3,4,58,0.0214148,3,4,59,0.028804,3,4,61,0.0288041,3,4,62,0.0288041,3,4,63,0.028804,4,4,0,0.0214148,4,4,7,0.0214148,4,4,49,0.028804,4,6,0,0.0288041,4,6,49,0.0288041,6,4,7,0.0214148,6,4,21,0.028804,6,4,35,0.0288041,6,4,49,0.028804,
d5e7
BLACK
14,1,14,14,14,5,14,14,14,2,14,10,14,14,14,14,14,14,3,14,1,0,14,14,14,8,0,8,14,14,14,14,0,14,14,14,14,14,14,0,8,14,14,14,14,9,14,8,14,14,14,2,9,14,14,14,14,14,14,14,11,13,14,11,0,0,0,0,-1,
0,1,56,0.0314235,0,1,58,0.0314235,0,5,0,0.0314235,0,5,7,0.0314235,0,5,14,0.0314235,0,5,49,0.0400471,1,1,21,0.0314235,1,1,35,0.0314236,1,1,49,0.0314235,2,2,14,0.0314236,2,2,28,0.0314234,2,2,29,0.0314236,2,2,42,0.0314235,2,2,43,0.0314235,2,4,56,0.0314235,2,4,57,0.0314235,2,4,58,0.0314235,2,4,60,0.0314235,2,4,61,0.0314235,2,4,63,0.0400471,2,5,0,0.0400471,3,2,0,0.0314235,6,3,7,0.0314235,6,3,21,0.0314236,6,3,22,0.0314235,6,3,23,0.0314235,6,3,24,0.0314235,6,3,35,0.0314235,6,3,36,0.0314235,6,3,37,0.0314236,6,3,49,0.0314235,
e3d1
WHITE
3,14,5,3,14,14,14,14,14,14,14,1,10,14,14,14,0,14,1,14,14,14,14,0,8,14,14,14,14,14,14,8,14,14,14,14,0,8,0,14,14,14,8,14,14,11,14,14,14,14,14,14,2,14,10,14,14,14,13,14,9,14,9,14,0,0,0,0,-1,
0,0,0,0.0344327,0,0,14,0.0344327,0,2,0,0.0344327,0,2,42,0.0344327,0,2,49,0.0265984,0,3,14,0.0344327,0,3,15,0.0265984,0,3,16,0.0344326,0,3,17,0.0265984,1,3,56,0.0265984,1,3,57,0.0344327,1,3,58,0.0265985,1,3,59,0.0265984,1,3,60,0.0344327,1,3,63,0.0344326,2,2,56,0.0344327,2,2,57,0.0265984,2,2,58,0.0344326,2,2,59,0.0344327,2,2,60,0.0344326,2,2,61,0.0344327,2,2,63,0.0265984,4,4,0,0.0265984,4,4,7,0.0265984,4,6,0,0.0265984,4,6,49,0.0265984,6,4,7,0.0265984,6,4,21,0.0344327,6,4,35,0.0344327,6,4,36,0.0344327,6,4,37,0.0344327,6,4,49,0.0344327,
f8f7
BLACK
14,1,14,1,14,5,14,14,14,2,14,10,14,14,14,14,14,14,3,14,14,0,14,14,14,8,0,8,14,14,14,14,0,14,14,14,14,14,14,0,8,14,14,14,14,9,14,8,14,14,14,2,9,13,14,14,14,14,14,14,11,14,14,11,0,0,0,0,-1,
0,1,56,0.0294913,0,1,58,0.0294913,0,3,56,0.0370671,0,3,57,0.0370671,0,5,0,0.0370671,0,5,7,0.0370671,0,5,14,0.0370671,0,5,49,0.0370671,1,1,21,0.0370671,1,1,35,0.0370671,1,1,49,0.0370671,2,2,14,0.0294913,2,2,15,0.0370671,2,2,28,0.0294913,2,2,29,0.0370671,2,2,42,0.0370671,2,2,43,0.0370671,2,5,0,0.0370671,3,2,0,0.0370671,6,3,7,0.0370671,6,3,21,0.0370671,6,3,22,0.0370671,6,3,23,0.0370671,6,3,24,0.0370671,6,3,35,0.0370671,6,3,36,0.0370671,6,3,37,0.0370671,6,3,49,0.0294913,
b2c1
WHITE
3,14,14,3,14,14,14,14,14,14,5,1,10,14,14,14,0,14,1,14,14,14,14,0,8,14,14,14,14,14,14,8,14,14,14,14,0,8,0,14,14,14,8,14,14,11,14,14,14,14,14,14,2,14,14,14,14,14,13,14,9,10,9,14,0,0,0,0,-1,
0,0,0,0.0264129,0,0,14,0.0264129,0,0,15,0.0348072,0,3,14,0.0348072,0,3,15,0.0264129,0,3,16,0.0264129,0,3,17,0.0264129,0,3,42,0.0264129,0,3,43,0.0348072,1,2,28,0.0348072,1,2,35,0.0264129,1,2,42,0.0264129,1,3,56,0.0264129,1,3,57,0.0348072,1,3,58,0.0264129,1,3,59,0.0264128,1,3,60,0.0348072,1,3,63,0.0264129,2,2,56,0.0264129,2,2,57,0.0264129,2,2,58,0.0264129,2,2,59,0.0264129,2,2,60,0.0264129,2,2,61,0.0348072,2,2,63,0.0264129,4,4,0,0.0264129,4,4,7,0.0264129,4,6,0,0.0264129,4,6,49,0.0264129,6,4,7,0.0264129,6,4,21,0.0348072,6,4,35,0.0264129,6,4,36,0.0264129,6,4,37,0.0348072,6,4,49,0.0264129,
e8f8
BLACK
14,1,2,1,14,5,14,14,14,14,14,10,14,14,14,14,14,14,3,14,14,0,14,14,14,8,0,8,14,14,14,14,0,14,14,14,14,14,14,0,8,14,14,14,14,9,14,8,14,14,14,2,9,13,14,14,14,14,14,14,14,11,14,11,0,0,0,0,-1,
0,1,56,0.0294913,0,1,58,0.0294913,0,2,7,0.0370671,0,2,49,0.0370671,0,2,50,0.0370671,0,3,56,0.0370671,0,3,57,0.0370671,0,3,59,0.0370671,0,5,0,0.0370671,0,5,7,0.0370671,0,5,14,0.0370671,0,5,49,0.0370671,2,2,14,0.0294913,2,2,15,0.0370671,2,2,28,0.0294913,2,2,42,0.0370671,2,2,43,0.0370671,2,5,0,0.0370671,3,2,0,0.0370671,6,3,7,0.0370671,6,3,21,0.0370671,6,3,22,0.0370671,6,3,23,0.0370671,6,3,24,0.0370671,6,3,35,0.0370671,6,3,36,0.0370671,6,3,37,0.0370671,6,3,49,0.0294913,
f3f4
WHITE
3,14,3,14,14,14,14,14,14,14,5,1,10,14,14,14,0,14,1,14,14,14,14,0,8,14,14,14,14,14,14,8,14,14,8,14,0,8,0,14,14,14,14,14,14,11,14,14,14,14,14,14,2,14,14,14,14,14,13,14,9,10,9,14,0,0,0,0,-1,
0,0,0,0.0292584,0,0,14,0.0292585,0,2,14,0.0292585,0,2,15,0.0292585,0,2,16,0.0292584,0,2,17,0.0292584,0,2,18,0.0292585,0,2,42,0.0292584,1,2,35,0.0292585,1,2,42,0.0292584,1,3,56,0.0292584,1,3,57,0.0378762,1,3,58,0.0292584,1,3,59,0.0292584,1,3,60,0.0292585,1,3,63,0.0292585,2,2,56,0.0292585,2,2,57,0.0292584,2,2,58,0.0292585,2,2,59,0.0292585,2,2,60,0.0292584,2,2,61,0.0378762,2,2,62,0.0378762,2,2,63,0.0292584,4,4,0,0.0292585,4,4,7,0.0292584,4,6,0,0.0292585,4,6,49,0.0292584,6,4,7,0.0292584,6,4,21,0.0378762,6,4,35,0.0292585,6,4,36,0.0292585,6,4,49,0.0292585,
f6g8
BLACK
14,1,2,1,14,5,14,14,14,14,14,10,14,14,14,14,14,14,3,14,14,14,14,14,14,8,0,8,14,0,14,14,0,14,14,14,14,14,14,0,8,14,14,14,14,14,14,8,14,14,14,2,9,13,14,14,14,14,14,14,14,11,9,11,0,0,0,0,-1,
0,1,56,0.0314235,0,1,58,0.0314235,0,2,7,0.0314236,0,2,49,0.0314235,0,2,50,0.0400471,0,3,56,0.0314235,0,3,57,0.0314236,0,3,59,0.0314235,0,5,0,0.0314235,0,5,7,0.0314235,0,5,14,0.0314235,0,5,49,0.0400471,2,2,14,0.0314236,2,2,15,0.0314236,2,2,16,0.0400471,2,2,17,0.0314235,2,2,18,0.0314235,2,2,28,0.0314234,2,2,42,0.0314235,2,2,43,0.0314235,3,2,0,0.0314235,3,5,0,0.0314235,6,3,7,0.0314235,6,3,21,0.0314236,6,3,22,0.0314235,6,3,23,0.0314235,6,3,24,0.0314235,6,3,35,0.0314235,6,3,36,0.0314235,6,3,37,0.0314235,6,3,49,0.0314235,
f1g2
WHITE
3,1,3,14,14,14,14,14,14,14,5,1,10,14,14,14,0,14,14,14,14,14,14,0,8,14,14,14,14,14,14,8,14,14,8,14,0,8,0,14,14,14,14,14,14,11,14,14,14,13,14,14,2,14,14,14,14,14,14,14,9,10,9,14,0,0,0,0,-1,
0,0,0,0.0458475,0,1,57,0.0458475,0,2,14,0.0458475,0,2,15,0.0458475,0,2,16,0.0458475,0,2,17,0.0458475,0,2,18,0.0458475,1,2,0,0.0380629,1,2,42,0.0458475,1,3,56,0.0380629,1,3,57,0.0458475,1,3,58,0.0458475,1,3,59,0.0380629,1,3,63,0.0458475,4,4,0,0.0380629,4,4,7,0.0380629,4,6,0,0.0380629,4,6,49,0.0458475,6,4,7,0.0380629,6,4,21,0.0458475,6,4,35,0.0458475,6,4,36,0.0458475,6,4,49,0.0458475,
d2e1
BLACK
14,1,2,1,10,14,14,14,14,14,14,14,14,14,5,14,14,14,3,14,14,14,14,14,14,8,0,8,14,0,14,14,0,14,14,14,14,14,14,0,8,14,14,14,14,14,14,8,14,14,14,2,9,13,14,14,14,14,14,14,14,11,9,11,0,0,0,0,-1,
0,1,56,0.0242074,0,1,58,0.0242075,0,2,7,0.0319008,0,2,8,0.0319008,0,2,49,0.0319008,0,2,50,0.0319008,0,3,56,0.0319008,0,3,57,0.0242075,0,3,59,0.0319008,1,6,7,0.0242074,1,6,14,0.0319008,1,6,21,0.0319008,1,6,28,0.0319008,1,6,35,0.0242075,1,6,49,0.0319008,2,2,14,0.0242074,2,2,15,0.0319008,2,2,16,0.0319008,2,2,17,0.0242074,2,2,18,0.0319008,2,2,28,0.0242075,2,2,42,0.0319008,2,2,43,0.0319008,3,2,0,0.0319008,3,5,0,0.0319008,6,3,7,0.0319008,6,3,21,0.0242074,6,3,22,0.0319008,6,3,23,0.0319008,6,3,24,0.0242075,6,3,35,0.0319008,6,3,36,0.0319008,6,3,37,0.0319008,6,3,49,0.0242074,
b1a3
WHITE
3,1,3,14,14,14,14,14,14,14,5,1,10,14,14,14,0,14,14,14,14,14,14,0,8,14,14,14,14,14,14,8,14,14,8,14,0,8,0,14,14,14,14,14,14,11,14,9,14,13,14,14,14,14,14,14,14,14,14,2,9,10,14,14,0,0,0,0,-1,
0,0,0,0.0432647,0,1,57,0.0432647,0,2,14,0.0432647,0,2,15,0.0432647,0,2,16,0.0432647,0,2,17,0.0432647,0,2,18,0.0432647,1,2,0,0.0432647,1,2,42,0.0432647,1,3,56,0.035594,1,3,57,0.0432647,1,3,58,0.0432647,1,3,59,0.035594,1,3,63,0.0432647,4,4,0,0.035594,4,4,7,0.035594,4,6,0,0.0432647,4,6,7,0.0432647,4,6,49,0.0432647,7,3,21,0.0432647,7,3,22,0.0432647,7,3,35,0.035594,7,3,36,0.0432647,7,3,37,0.0432647,
e1g3
BLACK
14,14,2,1,14,14,14,14,14,14,14,14,14,14,5,14,1,14,3,14,14,14,10,14,14,8,0,8,14,0,14,14,0,14,14,14,14,14,14,0,8,14,14,14,14,14,14,8,14,14,14,2,9,13,14,14,14,14,14,14,14,11,9,11,0,0,0,0,-1,
0,2,7,0.0344326,0,2,8,0.0265984,0,2,49,0.0344326,0,3,56,0.0344327,0,3,57,0.0265984,0,3,59,0.0344327,1,6,0,0.0265984,1,6,7,0.0265984,1,6,21,0.0265984,1,6,28,0.0344327,1,6,35,0.0265984,1,6,49,0.0344327,2,0,57,0.0344327,2,0,62,0.0344327,2,0,63,0.0344327,2,2,14,0.0265984,2,2,15,0.0344326,2,2,16,0.0344327,2,2,17,0.0265984,2,2,28,0.0265984,2,2,42,0.0344326,3,2,0,0.0344327,3,5,0,0.0344327,6,3,7,0.0344327,6,3,21,0.0265984,6,3,22,0.0344327,6,3,23,0.0344327,6,3,24,0.0265985,6,3,35,0.0344327,6,3,36,0.0265984,6,3,37,0.0344327,6,3,49,0.0265984,
d7f5
WHITE
3,1,3,14,14,14,14,14,14,14,5,1,14,14,14,14,0,14,14,14,14,14,14,0,8,14,10,14,14,14,14,8,14,14,8,14,0,8,0,14,14,2,14,14,14,11,14,9,14,13,14,14,14,14,14,14,14,14,14,14,9,10,14,14,0,0,0,0,-1,
0,0,0,0.040299,0,1,57,0.040299,0,2,14,0.040299,0,2,15,0.040299,0,2,16,0.040299,0,2,17,0.040299,0,2,18,0.040299,1,2,0,0.040299,1,2,21,0.040299,1,2,42,0.0402991,1,3,56,0.0402991,1,3,57,0.040299,1,3,58,0.0402991,1,3,59,0.040299,1,3,63,0.040299,4,4,0,0.040299,4,4,7,0.040299,4,6,0,0.040299,4,6,7,0.040299,4,6,49,0.040299,5,1,7,0.0402991,5,1,8,0.0402991,5,1,21,0.0328238,5,1,35,0.040299,5,1,49,0.040299,
h8h7
BLACK
14,14,2,1,14,14,14,14,14,14,14,14,14,14,5,14,1,14,3,14,14,14,10,14,14,8,0,8,14,0,14,14,0,14,14,14,14,2,14,0,8,14,14,14,14,14,14,8,14,14,14,14,9,13,14,11,14,14,14,14,14,11,9,14,0,0,0,0,-1,
0,2,7,0.0292585,0,2,8,0.0292584,0,2,49,0.0292584,0,3,56,0.0292585,0,3,57,0.0292584,0,3,59,0.0292585,1,6,0,0.0292584,1,6,7,0.0292584,1,6,21,0.0292584,1,6,28,0.0292585,1,6,35,0.0292584,1,6,49,0.0292584,2,0,57,0.0292585,2,0,62,0.0378762,2,0,63,0.0292585,2,2,14,0.0292584,2,2,15,0.0292584,2,2,16,0.0378762,2,2,17,0.0292585,2,2,28,0.0292585,2,2,42,0.0292585,3,2,0,0.0292584,4,5,7,0.0292584,4,5,8,0.0292584,4,5,21,0.0292585,4,5,22,0.0378762,4,5,35,0.0292585,4,5,36,0.0292585,4,5,37,0.0378762,4,5,38,0.0292585,4,5,49,0.0292585,4,5,50,0.0292585,4,5,51,0.0292584,
c1b2
WHITE
14,1,3,14,14,14,14,14,3,14,5,1,14,14,14,14,0,14,14,14,14,14,14,0,8,14,10,14,14,14,14,8,14,14,8,14,0,8,0,14,14,2,14,14,14,11,14,9,14,13,14,14,14,14,10,14,14,14,14,14,9,14,14,14,0,0,0,0,-1,
0,1,57,0.0368478,0,2,14,0.0368477,0,2,15,0.0452394,0,2,16,0.0368478,0,2,17,0.0368478,0,2,18,0.0368478,1,0,14,0.0368477,1,0,28,0.0368478,1,2,0,0.0368478,1,2,21,0.0368478,1,2,42,0.0368477,1,3,56,0.0368478,1,3,57,0.0452394,1,3,58,0.0368478,1,3,59,0.0368478,1,3,63,0.0452394,4,4,0,0.0368478,4,4,7,0.0368478,4,6,0,0.0368478,4,6,7,0.0452394,4,6,49,0.0368478,5,1,7,0.0368478,5,1,8,0.0368478,5,1,21,0.0368478,5,1,35,0.0368478,5,1,49,0.0452394,
f8e8
BLACK
14,14,14,1,14,14,14,14,14,2,14,14,14,14,5,14,1,14,3,14,14,14,10,14,14,8,0,8,14,0,14,14,0,14,14,14,14,2,14,0,8,14,14,14,14,14,14,8,14,14,14,14,9,13,14,11,14,14,14,14,11,14,9,14,0,0,0,0,-1,
0,3,56,0.0344327,0,3,57,0.0265984,1,1,21,0.0265985,1,1,35,0.0265984,1,6,0,0.0265984,1,6,7,0.0265984,1,6,21,0.0265984,1,6,28,0.0344326,1,6,35,0.0265984,1,6,49,0.0344326,2,0,57,0.0344327,2,0,62,0.0344327,2,0,63,0.0344327,2,2,14,0.0265984,2,2,15,0.0344327,2,2,16,0.0344327,2,2,17,0.0265984,2,2,28,0.0265984,2,2,29,0.0265984,2,2,42,0.0344326,3,2,0,0.0344327,4,5,7,0.0265984,4,5,8,0.0265984,4,5,21,0.0344327,4,5,22,0.0344327,4,5,35,0.0344326,4,5,36,0.0344327,4,5,37,0.0344327,4,5,38,0.0344327,4,5,49,0.0344327,4,5,50,0.0344327,4,5,51,0.0344327,
f5h7 (capture)
WHITE
14,1,14,3,14,14,14,14,10,14,5,1,14,14,14,14,0,14,14,14,14,14,14,0,8,14,14,14,14,14,14,8,14,14,8,14,0,8,0,14,14,2,14,14,14,11,14,9,14,13,14,14,14,14,10,14,14,14,14,14,9,14,14,14,0,0,0,0,-1,
0,1,57,0.040299,0,3,14,0.040299,0,3,15,0.0402991,0,3,16,0.040299,0,3,17,0.0402991,0,3,42,0.040299,1,2,0,0.0402991,1,2,7,0.040299,1,2,28,0.040299,1,2,42,0.040299,1,3,56,0.0402991,1,3,57,0.040299,1,3,58,0.040299,1,3,59,0.040299,1,3,63,0.040299,4,4,0,0.040299,4,4,7,0.040299,4,6,0,0.040299,4,6,7,0.040299,4,6,49,0.040299,5,1,7,0.040299,5,1,8,0.0402991,5,1,21,0.0328238,5,1,35,0.040299,5,1,49,0.040299,
f7g7
BLACK
14,14,14,1,14,14,14,14,14,2,14,14,14,14,5,14,1,14,3,14,14,14,10,14,14,8,0,8,14,0,14,14,0,14,14,14,14,14,14,0,8,14,14,14,14,14,14,8,14,14,14,14,9,14,13,2,14,14,14,14,11,14,9,14,0,0,0,0,-1,
0,3,56,0.0327426,0,3,57,0.0327426,1,1,21,0.0327426,1,1,35,0.0327426,1,6,0,0.0327425,1,6,7,0.0327425,1,6,21,0.0327426,1,6,28,0.0327426,1,6,35,0.0327426,1,6,49,0.0327426,2,0,57,0.0327426,2,0,62,0.0411535,2,0,63,0.0411535,2,2,14,0.0327426,2,2,15,0.0327426,2,2,16,0.0411535,2,2,17,0.0327425,2,2,28,0.0327426,2,2,29,0.0327426,2,2,42,0.0327426,3,2,0,0.0411535,3,5,0,0.0411535,6,7,35,0.0327426,6,7,36,0.0411535,6,7,37,0.0327425,6,7,38,0.0327426,6,7,39,0.0327425,6,7,40,0.0327426,6,7,49,0.0327426,
b2c1
WHITE
14,1,14,3,14,14,14,14,10,5,14,1,14,14,14,14,0,14,14,14,14,14,14,0,8,14,14,14,14,14,14,8,14,14,8,14,0,8,0,14,14,2,14,14,14,11,14,9,14,13,14,14,14,14,14,14,14,14,14,14,9,10,14,14,0,0,0,0,-1,
0,1,57,0.0368478,0,3,14,0.0452394,0,3,15,0.0368478,0,3,16,0.0368478,0,3,17,0.0368477,0,3,42,0.0368478,1,1,7,0.0368478,1,1,14,0.0452394,1,1,21,0.0368477,1,1,35,0.0368478,1,1,42,0.0368478,1,3,56,0.0368478,1,3,57,0.0452394,1,3,58,0.0368478,1,3,59,0.0368478,1,3,63,0.0368478,4,4,0,0.0368478,4,4,7,0.0368478,4,6,0,0.0368478,4,6,7,0.0452394,4,6,49,0.0368477,5,1,7,0.0368478,5,1,8,0.0368478,5,1,21,0.0368478,5,1,35,0.0368478,5,1,49,0.0452394,
b4c3 (capture)
BLACK
14,14,2,1,14,14,14,14,14,14,14,14,14,14,5,14,1,14,8,14,14,14,10,14,14,14,0,8,14,0,14,14,0,14,14,14,14,14,14,0,8,14,14,14,14,14,14,8,14,14,14,14,9,14,13,2,14,14,14,14,11,14,9,14,0,0,0,0,-1,
0,2,7,0.0402991,0,2,8,0.040299,0,2,49,0.040299,0,3,56,0.040299,0,3,57,0.040299,0,3,58,0.0328238,0,3,59,0.040299,1,6,0,0.0402991,1,6,7,0.040299,1,6,21,0.040299,1,6,28,0.040299,1,6,35,0.0402991,1,6,49,0.0402991,2,0,57,0.040299,2,0,62,0.040299,2,0,63,0.040299,3,2,0,0.040299,3,5,0,0.040299,6,7,35,0.040299,6,7,36,0.040299,6,7,37,0.040299,6,7,38,0.040299,6,7,39,0.040299,6,7,40,0.0402991,6,7,49,0.040299,
h7d3
WHITE
14,1,14,3,14,14,14,14,14,5,14,1,14,14,14,14,0,14,14,14,14,14,14,0,8,14,14,14,14,14,14,8,14,14,8,14,0,8,14,14,14,2,14,14,10,0,14,9,14,13,14,14,14,14,14,14,14,14,14,14,9,10,14,14,0,0,0,0,-1,
0,1,57,0.0494625,0,3,14,0.0494625,0,3,15,0.0494626,0,3,16,0.0494625,0,3,17,0.0494626,0,3,42,0.0494625,1,1,7,0.0494625,1,1,14,0.0494626,1,1,21,0.0417199,1,1,35,0.0417199,1,3,56,0.0417199,1,3,57,0.0494625,1,3,58,0.0494625,1,3,59,0.0494625,1,3,63,0.0494625,5,1,7,0.0494626,5,1,8,0.0417199,5,1,21,0.0417199,5,1,35,0.0494625,5,1,49,0.0494625,5,5,0,0.0494626,
e8c8
BLACK
14,14,2,1,14,14,14,14,14,14,14,14,14,14,5,14,1,14,8,2,14,14,10,14,14,14,0,8,14,0,14,14,0,14,14,14,14,14,14,0,8,14,14,14,14,14,14,8,14,14,14,14,9,14,13,14,14,14,11,14,14,14,9,14,0,0,0,0,-1,
0,2,7,0.0368478,0,2,8,0.0368478,0,2,49,0.0368478,0,3,56,0.0368478,0,3,57,0.0368478,0,3,58,0.0368478,0,3,59,0.0368478,1,6,0,0.0368478,1,6,7,0.0368478,1,6,21,0.0368478,1,6,28,0.0368477,1,6,35,0.0368477,1,6,49,0.0368478,2,0,57,0.0368478,2,0,62,0.0452394,2,0,63,0.0452394,2,3,7,0.0452394,2,3,8,0.0368478,2,3,9,0.0368477,2,3,10,0.0368478,2,3,21,0.0368478,2,3,22,0.0368478,2,3,35,0.0452394,2,3,36,0.0368478,3,2,0,0.0452394,3,5,0,0.0368478,
f4f5
WHITE
14,1,14,14,14,3,14,14,14,5,14,1,14,14,14,14,0,14,14,14,14,14,14,0,8,14,8,14,14,14,14,8,14,14,14,14,0,8,14,14,14,2,14,14,10,0,14,9,14,13,14,14,14,14,14,14,14,14,14,14,9,10,14,14,0,0,0,0,-1,
0,1,57,0.0327426,0,5,0,0.0411535,0,5,1,0.0327426,0,5,2,0.0411535,0,5,3,0.0327425,0,5,14,0.0327426,0,5,15,0.0411535,0,5,42,0.0327425,0,5,43,0.0327426,0,5,44,0.0327425,1,1,7,0.0327426,1,1,14,0.0327426,1,1,21,0.0327426,1,1,35,0.0327426,1,1,42,0.0327426,1,3,56,0.0327426,1,3,57,0.0411535,1,3,58,0.0327426,1,3,59,0.0327426,5,1,7,0.0327426,5,1,8,0.0327426,5,1,21,0.0327425,5,1,22,0.0411535,5,1,23,0.0327426,5,1,24,0.0327426,5,1,25,0.0327425,5,1,35,0.0327426,5,1,49,0.0411535,5,5,0,0.0327426,
g7f7
BLACK
14,14,2,1,14,14,14,14,14,14,14,14,14,14,5,14,1,14,8,2,14,14,10,14,14,14,0,8,14,14,14,14,0,14,14,14,14,0,14,0,8,14,14,14,14,14,14,8,14,14,14,14,9,13,14,14,14,14,11,14,14,14,9,14,0,0,0,0,-1,
0,2,7,0.0368478,0,2,8,0.0368478,0,2,9,0.0452394,0,2,10,0.0368478,0,2,11,0.0368477,0,2,49,0.0368478,0,3,56,0.0368478,0,3,57,0.0368478,0,3,58,0.0368478,0,3,59,0.0368478,1,6,0,0.0368478,1,6,7,0.0368478,1,6,21,0.0368478,1,6,28,0.0368478,1,6,35,0.0368477,1,6,49,0.0368478,2,0,57,0.0368478,2,0,62,0.0452394,2,0,63,0.0368478,2,3,7,0.0452394,2,3,21,0.0368478,2,3,22,0.0368478,2,3,35,0.0452394,2,3,36,0.0368478,3,2,0,0.0452394,4,5,0,0.0368477,
c1g5
WHITE
14,1,14,14,14,3,14,14,14,14,5,1,14,14,14,14,0,14,14,14,14,14,14,0,8,10,8,14,14,14,14,8,14,14,14,14,0,8,14,14,14,2,14,14,10,0,14,9,14,13,14,14,14,14,14,14,14,14,14,14,9,14,14,14,0,0,0,0,-1,
0,1,57,0.0370671,0,5,0,0.0370671,0,5,1,0.0370671,0,5,2,0.0370671,0,5,3,0.0370671,0,5,14,0.0370671,0,5,15,0.0370671,0,5,42,0.0294913,0,5,43,0.0370671,0,5,44,0.0370671,1,2,21,0.0370671,1,2,28,0.0370671,1,2,42,0.0370671,1,3,56,0.0370671,1,3,57,0.0370671,1,3,58,0.0370671,1,3,59,0.0370671,2,0,7,0.0370671,5,1,7,0.0370671,5,1,8,0.0294913,5,1,21,0.0294913,5,1,22,0.0370671,5,1,23,0.0370671,5,1,24,0.0294913,5,1,25,0.0294913,5,1,35,0.0370671,5,1,49,0.0370671,5,5,0,0.0370671,
f7e8
BLACK
14,14,14,1,14,14,14,14,14,14,14,14,14,14,5,14,1,14,8,2,14,14,10,14,14,14,0,8,14,14,14,14,0,14,14,14,14,0,2,0,8,14,14,14,14,14,14,8,14,14,14,14,9,14,14,14,14,14,11,14,13,14,9,14,0,0,0,0,-1,
0,3,56,0.0370671,0,3,57,0.0370671,0,3,58,0.0294913,0,3,59,0.0370671,1,6,0,0.0294913,1,6,7,0.0370671,1,6,21,0.0370671,1,6,28,0.0370671,1,6,35,0.0370671,1,6,49,0.0370671,2,0,57,0.0370671,2,0,62,0.0370671,2,0,63,0.0370671,2,3,7,0.0370671,2,3,21,0.0294913,2,3,22,0.0370671,2,3,35,0.0370671,2,3,36,0.0294913,3,2,0,0.0370671,4,5,0,0.0370671,4,6,7,0.0370671,4,6,21,0.0370671,4,6,35,0.0370671,4,6,36,0.0370671,4,6,37,0.0370671,4,6,38,0.0294913,4,6,49,0.0370671,4,6,50,0.0370671,
g5e3
WHITE
14,1,14,5,14,3,14,14,14,14,14,1,14,14,14,14,0,14,14,14,14,14,14,0,8,14,8,14,14,14,14,8,14,14,14,14,0,8,14,14,14,2,14,10,10,0,14,9,14,13,14,14,14,14,14,14,14,14,14,14,9,14,14,14,0,0,0,0,-1,
0,1,57,0.0331799,0,3,7,0.0411908,0,3,14,0.0411909,0,3,42,0.0331799,0,3,49,0.0411908,0,5,0,0.0411908,0,5,1,0.0331799,0,5,2,0.0411908,0,5,3,0.0411908,0,5,14,0.03318,0,5,15,0.0411908,0,5,42,0.0331799,1,3,56,0.03318,1,3,57,0.0411908,1,3,58,0.0331799,1,3,59,0.0331799,4,4,49,0.0411908,5,1,7,0.0331799,5,1,8,0.0331799,5,1,21,0.0331799,5,1,22,0.0411908,5,1,23,0.0411908,5,1,24,0.0331799,5,1,25,0.0331799,5,1,35,0.0331799,5,1,49,0.0411908,5,5,0,0.0411909,
c8b8
BLACK
14,14,14,1,14,14,14,14,14,14,14,14,14,14,5,14,1,14,8,2,2,14,10,14,14,14,0,8,14,14,14,14,0,14,14,14,14,0,14,0,8,14,14,14,14,14,14,8,14,14,14,14,9,14,14,14,14,11,14,14,13,14,9,14,0,0,0,0,-1,
0,3,56,0.0411908,0,3,58,0.0331799,0,3,59,0.0411909,1,6,0,0.0331799,1,6,7,0.03318,1,6,21,0.0331799,1,6,28,0.0331799,1,6,35,0.0331799,1,6,49,0.0331799,2,0,57,0.0411908,2,0,62,0.0411908,2,0,63,0.0411908,2,3,7,0.0411908,2,3,21,0.0331799,2,3,22,0.0331799,2,3,35,0.0411908,2,3,36,0.0331799,2,4,7,0.0411908,2,4,8,0.03318,2,4,9,0.0331799,2,4,21,0.0331799,2,4,22,0.0411909,2,4,35,0.0411908,2,4,36,0.0331799,2,4,49,0.0411908,3,2,0,0.0411908,4,5,0,0.0411908,
e3f2
WHITE
14,1,14,5,14,14,3,14,14,14,14,1,14,14,14,14,0,14,14,14,14,14,14,0,8,14,8,14,14,14,14,8,14,14,14,14,0,8,14,14,14,2,14,14,10,0,14,9,14,13,10,14,14,14,14,14,14,14,14,14,9,14,14,14,0,0,0,0,-1,
0,1,57,0.0370671,0,3,7,0.0370671,0,3,14,0.0370671,0,3,42,0.0370671,0,3,49,0.0370671,0,6,0,0.0370671,0,6,1,0.0370671,0,6,2,0.0294913,0,6,3,0.0370671,0,6,4,0.0370671,0,6,5,0.0370671,0,6,6,0.0370671,0,6,14,0.0370671,0,6,42,0.0370671,0,6,43,0.0370671,1,3,56,0.0294913,1,3,57,0.0370671,1,3,58,0.0370671,1,3,59,0.0294913,1,3,63,0.0370671,5,1,7,0.0370671,5,1,21,0.0294913,5,1,22,0.0370671,5,1,23,0.0370671,5,1,24,0.0294913,5,1,35,0.0370671,5,1,49,0.0370671,5,5,0,0.0370671,
g3h4
BLACK
14,14,14,1,14,14,14,14,14,14,14,14,14,2,5,14,1,14,8,2,14,14,14,14,14,14,0,8,14,14,14,10,0,14,14,14,14,0,14,0,8,14,14,14,14,14,14,8,14,14,14,14,9,14,14,14,14,11,14,14,13,14,9,14,0,0,0,0,-1,
0,3,57,0.0402991,0,3,58,0.0328238,0,3,59,0.040299,1,5,7,0.040299,1,5,8,0.0402991,1,5,21,0.0402991,1,5,35,0.040299,1,5,49,0.040299,1,5,50,0.040299,1,6,7,0.040299,1,6,14,0.040299,1,6,21,0.040299,1,6,28,0.040299,1,6,35,0.040299,1,6,49,0.0402991,2,0,57,0.040299,2,0,62,0.040299,2,0,63,0.040299,2,3,7,0.040299,2,3,21,0.040299,2,3,22,0.040299,2,3,35,0.040299,2,3,36,0.0402991,3,2,0,0.040299,4,5,0,0.040299,
d1b2
WHITE
14,1,14,5,14,14,3,14,14,14,14,1,14,14,14,14,0,14,14,14,14,14,14,0,8,14,8,14,14,14,14,8,2,14,14,14,0,8,14,14,14,14,14,14,10,0,14,9,14,13,10,14,14,14,9,14,14,14,14,14,14,14,14,14,0,0,0,0,-1,
0,1,57,0.0402991,0,3,7,0.040299,0,3,14,0.040299,0,3,42,0.0402991,0,3,49,0.040299,0,6,0,0.040299,0,6,1,0.040299,0,6,2,0.0402991,0,6,3,0.040299,0,6,4,0.040299,0,6,5,0.0402991,0,6,14,0.040299,0,6,42,0.0402991,0,6,43,0.040299,1,3,56,0.0328238,1,3,57,0.040299,1,3,58,0.040299,1,3,59,0.040299,1,3,63,0.040299,4,0,7,0.040299,4,0,8,0.040299,4,0,21,0.040299,4,0,22,0.040299,5,5,0,0.040299,5,5,7,0.040299,
b8b7
BLACK
14,14,14,14,14,14,14,14,14,1,14,14,14,2,5,14,1,14,8,2,14,14,14,14,14,14,0,8,14,14,14,10,0,14,14,14,14,0,14,0,8,14,14,14,14,14,14,8,14,11,14,14,9,14,14,14,14,14,14,14,13,14,9,14,0,0,0,0,-1,
1,1,58,0.0432647,1,1,63,0.0432647,1,5,7,0.0432647,1,5,8,0.035594,1,5,21,0.0432647,1,5,35,0.0432647,1,5,49,0.0432647,1,5,50,0.0432647,1,6,7,0.035594,1,6,14,0.0432647,1,6,21,0.0432647,1,6,28,0.0432647,1,6,35,0.035594,1,6,49,0.0432647,2,0,57,0.0432647,2,0,62,0.0432647,2,0,63,0.0432647,2,3,7,0.0432647,2,3,21,0.035594,2,3,22,0.0432647,2,3,35,0.0432647,2,3,36,0.035594,3,2,0,0.0432647,4,5,0,0.0432647,
g2h2
WHITE
14,1,14,5,14,14,14,14,14,14,14,1,14,14,3,14,0,14,14,14,14,14,14,0,8,14,8,14,14,14,14,8,2,14,14,14,0,8,14,14,14,14,14,14,10,0,14,9,13,14,10,14,14,14,9,14,14,14,14,14,14,14,14,14,0,0,0,0,-1,
0,1,57,0.0402991,0,3,7,0.040299,0,3,14,0.040299,0,3,42,0.040299,0,3,49,0.040299,1,3,56,0.040299,1,3,57,0.040299,1,3,58,0.040299,1,3,59,0.0402991,1,3,63,0.040299,1,6,0,0.0328238,1,6,1,0.040299,1,6,2,0.0402991,1,6,3,0.040299,1,6,4,0.040299,1,6,14,0.040299,1,6,28,0.040299,1,6,42,0.040299,1,6,43,0.0402991,4,0,7,0.040299,4,0,8,0.040299,4,0,21,0.040299,4,0,22,0.040299,5,5,0,0.040299,5,5,7,0.0402991,
e7g6
BLACK
14,14,14,14,14,14,14,14,14,1,14,14,14,2,14,5,1,14,8,2,14,14,14,14,14,14,0,8,14,14,14,10,0,14,14,14,14,0,14,0,8,14,14,14,14,14,9,8,14,11,14,14,14,14,14,14,14,14,14,14,13,14,9,14,0,0,0,0,-1,
1,1,58,0.0432647,1,1,63,0.0432647,1,5,7,0.0432647,1,5,8,0.035594,1,5,21,0.0432647,1,5,35,0.0432647,1,5,49,0.0432647,1,5,50,0.0432647,1,7,0,0.0432647,1,7,28,0.0432647,1,7,35,0.0432647,1,7,42,0.0432647,2,0,57,0.0432647,2,0,62,0.0432647,2,0,63,0.0432647,2,3,7,0.0432647,2,3,21,0.035594,2,3,22,0.035594,2,3,35,0.0432647,2,3,36,0.035594,3,2,0,0.0432647,4,5,0,0.0432647,4,5,7,0.035594,4,7,49,0.0432647,
h2g2
WHITE
14,1,14,5,14,14,14,14,14,14,14,14,14,14,3,14,0,1,14,14,14,14,14,0,8,14,8,14,14,14,14,8,2,14,14,14,0,8,14,14,14,14,14,14,10,0,14,9,14,13,10,14,14,14,9,14,14,14,14,14,14,14,14,14,0,0,0,0,-1,
0,1,56,0.0292584,0,1,57,0.0292585,0,3,0,0.0292585,0,3,7,0.0292585,0,3,14,0.0292584,0,3,42,0.0292585,0,3,49,0.0292585,1,6,0,0.0292585,1,6,1,0.0292584,1,6,2,0.0292585,1,6,3,0.0292585,1,6,4,0.0292585,1,6,14,0.0378762,1,6,28,0.0292584,1,6,42,0.0292584,1,6,43,0.0292584,1,6,44,0.0292584,1,6,45,0.0292584,1,6,46,0.0292585,1,6,47,0.0378762,2,1,56,0.0378762,2,1,57,0.0292584,2,1,61,0.0292585,2,1,62,0.0292584,2,1,63,0.0292585,4,0,7,0.0292584,4,0,8,0.0292585,4,0,21,0.0292584,4,0,22,0.0292585,4,0,23,0.0292584,4,0,24,0.0378762,5,5,0,0.0292585,5,5,7,0.0292584,
g6h8
BLACK
14,14,14,14,14,14,14,14,14,1,14,14,14,2,5,14,1,14,8,2,14,14,14,14,14,14,0,8,14,14,14,10,0,14,14,14,14,0,14,0,8,14,14,14,14,14,14,8,14,11,14,14,14,14,14,14,14,14,14,14,13,14,9,9,0,0,0,0,-1,
1,1,58,0.0432647,1,1,63,0.0432647,1,5,7,0.0432647,1,5,8,0.035594,1,5,21,0.0432647,1,5,35,0.0432647,1,5,49,0.0432647,1,5,50,0.0432647,1,6,7,0.035594,1,6,14,0.0432647,1,6,21,0.0432647,1,6,28,0.0432647,1,6,35,0.035594,1,6,49,0.0432647,2,0,57,0.0432647,2,0,62,0.0432647,2,0,63,0.0432647,2,3,7,0.0432647,2,3,21,0.035594,2,3,22,0.0432647,2,3,35,0.0432647,2,3,36,0.035594,3,2,0,0.0432647,4,5,0,0.0432647,
f2g3
WHITE
1,1,14,5,14,14,14,14,14,14,14,14,14,14,3,14,0,14,14,14,14,14,14,0,8,14,8,14,14,14,14,8,2,14,14,14,0,8,14,14,14,10,14,14,10,0,14,9,14,13,14,14,14,14,9,14,14,14,14,14,14,14,14,14,0,0,0,0,-1,
0,0,56,0.0411535,0,0,57,0.0327426,0,1,56,0.0327425,0,1,57,0.0327426,0,3,0,0.0327426,0,3,7,0.0327426,0,3,14,0.0411535,0,3,42,0.0327426,0,3,49,0.0327426,1,6,0,0.0327426,1,6,1,0.0327426,1,6,2,0.0327426,1,6,3,0.0327425,1,6,4,0.0327426,1,6,14,0.0411535,1,6,28,0.0327426,1,6,42,0.0327426,1,6,43,0.0327425,1,6,44,0.0327426,1,6,45,0.0327425,1,6,46,0.0411535,1,6,47,0.0411535,4,0,7,0.0327425,4,0,21,0.0327426,4,0,22,0.0327426,4,0,23,0.0327426,4,0,24,0.0411535,5,5,0,0.0327426,5,5,7,0.0327426,
b7b6
BLACK
14,14,14,14,14,14,14,14,14,1,14,14,14,14,5,14,1,14,8,2,14,14,2,14,14,14,0,8,14,14,14,10,0,14,14,14,14,0,14,0,8,11,14,14,14,14,14,8,14,14,14,14,14,14,14,14,14,14,14,14,13,14,9,9,0,0,0,0,-1,
1,1,58,0.0327426,1,1,63,0.0327426,1,6,7,0.0327426,1,6,14,0.0411535,1,6,21,0.0327425,1,6,28,0.0327426,1,6,35,0.0327425,1,6,42,0.0327426,1,6,49,0.0327426,2,0,57,0.0327426,2,0,62,0.0411535,2,0,63,0.0327426,2,3,7,0.0327425,2,3,21,0.0327425,2,3,22,0.0327426,2,3,35,0.0411535,2,3,36,0.0327426,2,6,7,0.0411535,2,6,21,0.0327426,2,6,35,0.0327426,2,6,36,0.0327426,2,6,49,0.0327426,2,6,50,0.0411535,2,6,51,0.0327426,2,6,52,0.0411535,2,6,53,0.0327425,3,2,0,0.0327426,4,0,7,0.0327426,4,5,0,0.0327426,
g2f1
WHITE
1,1,14,5,14,14,14,14,14,14,14,14,14,14,14,14,0,14,14,14,14,14,3,0,8,14,8,14,14,14,14,8,2,14,14,14,0,8,14,14,14,10,14,14,10,0,14,9,14,14,14,14,14,14,9,14,14,14,13,14,14,14,14,14,0,0,0,0,-1,
0,0,56,0.0411908,0,0,57,0.0331799,0,1,56,0.0331799,0,1,57,0.0331799,0,3,0,0.0411909,0,3,7,0.0411908,0,3,14,0.0411908,0,3,42,0.0331799,0,3,49,0.0411908,2,6,0,0.0411908,2,6,1,0.0411908,2,6,2,0.0411908,2,6,3,0.0331799,2,6,28,0.0411908,2,6,29,0.0331799,2,6,42,0.0411908,2,6,43,0.0331799,2,6,44,0.0411908,2,6,45,0.0331799,2,6,46,0.0331799,4,0,7,0.0331799,4,0,21,0.0331799,4,0,22,0.03318,4,0,23,0.0331799,4,0,24,0.0411908,5,5,0,0.0411909,5,5,7,0.03318,
b6b7
BLACK
14,14,14,14,14,5,14,14,14,1,14,14,14,14,14,14,1,14,8,2,14,14,2,14,14,14,0,8,14,14,14,10,0,14,14,14,14,0,14,0,8,14,14,14,14,14,14,8,14,11,14,14,14,14,14,14,14,14,14,14,13,14,9,9,0,0,0,0,-1,
0,5,0,0.040299,0,5,7,0.040299,0,5,14,0.040299,0,5,42,0.0402991,0,5,49,0.040299,1,1,58,0.040299,1,1,63,0.040299,2,0,57,0.040299,2,0,62,0.040299,2,0,63,0.040299,2,3,7,0.040299,2,3,21,0.040299,2,3,35,0.040299,2,3,36,0.040299,2,6,7,0.040299,2,6,21,0.0402991,2,6,35,0.040299,2,6,36,0.0402991,2,6,49,0.0402991,2,6,50,0.040299,2,6,51,0.040299,2,6,52,0.040299,2,6,53,0.0328238,3,2,0,0.040299,4,5,0,0.0402991,
g3c7
WHITE
1,1,14,5,14,14,14,14,14,14,14,14,14,10,3,14,0,14,14,14,14,14,14,0,8,14,8,14,14,14,14,8,2,14,14,14,0,8,14,14,14,14,14,14,10,0,14,9,14,14,14,14,14,14,9,14,14,14,13,14,14,14,14,14,0,0,0,0,-1,
0,0,56,0.040299,0,0,57,0.0402991,0,1,56,0.0328238,0,1,57,0.040299,0,3,0,0.040299,0,3,7,0.040299,0,3,42,0.040299,0,3,49,0.040299,1,6,0,0.0402991,1,6,1,0.0402991,1,6,2,0.040299,1,6,3,0.040299,1,6,4,0.040299,1,6,14,0.040299,1,6,28,0.0402991,1,6,42,0.040299,4,0,7,0.040299,4,0,8,0.040299,4,0,9,0.040299,4,0,21,0.0402991,4,0,22,0.040299,4,0,23,0.040299,4,0,24,0.040299,5,5,0,0.040299,5,5,7,0.040299,
h4g3
BLACK
14,14,14,14,14,5,14,14,14,1,14,14,14,14,14,14,1,14,8,2,14,14,10,14,14,14,0,8,14,14,14,14,0,14,14,14,14,0,14,0,8,14,14,14,14,14,14,8,14,11,2,14,14,14,14,14,14,14,14,14,13,14,9,9,0,0,0,0,-1,
0,5,7,0.0494625,0,5,14,0.0494626,0,5,49,0.0494625,1,1,58,0.0494626,1,1,63,0.0494625,2,0,57,0.0494626,2,0,62,0.0494625,2,0,63,0.0494626,2,3,7,0.0494625,2,3,21,0.0417199,2,3,35,0.0494625,2,3,36,0.0417199,3,2,0,0.0494625,4,5,0,0.0494626,6,2,7,0.0417199,6,2,21,0.0494625,6,2,22,0.0494625,6,2,23,0.0417199,6,2,24,0.0494625,6,2,35,0.0417199,6,2,49,0.0494625,
f1g2
WHITE
1,1,14,5,14,14,14,14,14,14,14,14,14,10,3,14,0,14,14,14,14,14,14,0,8,14,8,14,14,14,14,8,14,14,14,14,0,8,14,14,14,2,14,14,10,0,14,9,14,13,14,14,14,14,9,14,14,14,14,14,14,14,14,14,0,0,0,0,-1,
0,0,56,0.0452394,0,0,57,0.0368478,0,1,56,0.0368478,0,1,57,0.0368478,0,3,0,0.0368478,0,3,7,0.0368478,0,3,42,0.0368477,0,3,49,0.0452394,1,6,0,0.0368478,1,6,1,0.0368478,1,6,2,0.0368478,1,6,3,0.0368478,1,6,4,0.0368478,1,6,14,0.0452394,1,6,28,0.0368478,1,6,42,0.0368478,5,1,7,0.0368477,5,1,8,0.0368478,5,1,21,0.0368478,5,1,22,0.0452394,5,1,23,0.0368478,5,1,24,0.0368478,5,1,35,0.0368478,5,1,49,0.0452394,5,5,0,0.0368477,5,5,7,0.0368478,
c3b2 (capture)
BLACK
14,14,14,14,14,14,14,14,14,8,14,14,14,14,5,14,1,14,14,2,14,14,10,14,14,14,0,8,14,14,14,14,0,14,14,14,14,0,14,0,8,14,14,14,14,14,14,8,14,11,2,14,14,14,14,14,14,14,14,14,13,14,9,9,0,0,0,0,-1,
1,6,0,0.0380629,1,6,7,0.0380629,1,6,21,0.0458475,1,6,28,0.0458475,1,6,35,0.0380629,1,6,49,0.0458475,2,0,57,0.0458475,2,0,62,0.0458475,2,0,63,0.0458475,2,3,7,0.0458475,2,3,21,0.0380629,2,3,22,0.0380629,2,3,35,0.0458475,2,3,36,0.0380629,3,2,0,0.0458475,4,5,0,0.0458475,6,2,7,0.0380629,6,2,21,0.0458475,6,2,22,0.0458475,6,2,23,0.0458475,6,2,24,0.0458475,6,2,35,0.0458475,6,2,49,0.0458475,
c7d8
WHITE
1,1,14,5,10,14,14,14,14,14,14,14,14,14,3,14,0,14,14,14,14,14,14,0,8,14,8,14,14,14,14,8,14,14,14,14,0,8,14,14,14,2,14,14,10,14,14,9,14,13,14,14,14,14,0,14,14,14,14,14,14,14,14,14,0,0,0,0,-1,
0,0,56,0.0378762,0,0,57,0.0292585,0,1,56,0.0292584,0,1,57,0.0292584,0,3,7,0.0292585,0,3,14,0.0292585,0,3,42,0.0292585,0,3,49,0.0292584,1,6,0,0.0292585,1,6,1,0.0292584,1,6,2,0.0292584,1,6,3,0.0292585,1,6,14,0.0378762,1,6,28,0.0292585,1,6,42,0.0292584,1,6,43,0.0292584,1,6,44,0.0292585,1,6,45,0.0292584,1,6,46,0.0292585,1,6,47,0.0378762,5,1,7,0.0292585,5,1,8,0.0292584,5,1,21,0.0292585,5,1,22,0.0378762,5,1,23,0.0292585,5,1,24,0.0292584,5,1,25,0.0292584,5,1,35,0.0292585,5,1,49,0.0292585,6,6,0,0.0292584,6,6,65,0.0292584,6,6,68,0.0292584,6,6,71,0.0292585,
b2b1Q
BLACK
14,12,14,14,14,14,14,14,14,14,14,14,14,14,5,14,1,14,14,2,14,14,10,14,14,14,0,8,14,14,14,14,0,14,14,14,14,0,14,0,8,14,14,14,14,14,14,8,14,11,14,14,14,14,14,14,14,14,14,2,13,14,9,9,0,0,0,0,-1,
1,6,0,0.0504674,1,6,7,0.0504674,1,6,49,0.0504675,2,0,57,0.0504675,2,0,62,0.0586912,2,0,63,0.0504675,2,3,7,0.0586912,2,3,21,0.0504674,2,3,22,0.0504674,2,3,35,0.0586912,2,3,36,0.0504674,3,2,0,0.0586912,4,5,0,0.0504674,7,3,21,0.0504674,7,3,22,0.0504674,7,3,23,0.0586912,7,3,24,0.0504674,7,3,35,0.0504674,7,3,36,0.0504674,
d3e4
WHITE
1,1,14,5,10,14,14,14,14,14,14,14,14,14,3,14,0,14,14,14,14,14,14,0,8,14,8,14,14,14,14,8,14,14,14,10,0,8,14,14,14,2,14,14,14,14,14,9,14,13,14,14,14,14,14,14,14,14,14,14,14,14,4,14,0,0,0,0,-1,
0,0,56,0.0242164,0,0,57,0.0165402,0,1,56,0.0165402,0,1,57,0.0242165,0,3,7,0.0242164,0,3,14,0.0242164,0,3,42,0.0242165,0,3,49,0.0242164,1,6,0,0.0165402,1,6,1,0.0165402,1,6,2,0.0165402,1,6,3,0.0242165,1,6,4,0.0242165,1,6,14,0.0242164,1,6,28,0.0242165,1,6,42,0.0165402,1,6,43,0.0165402,1,6,44,0.0242164,1,6,45,0.0165402,1,6,46,0.0242164,1,6,47,0.0242164,4,4,0,0.0165402,5,1,7,0.0165401,5,1,8,0.0165401,5,1,21,0.0165402,5,1,22,0.0242164,5,1,23,0.0242164,5,1,24,0.0165402,5,1,25,0.0165402,5,1,35,0.0242165,5,1,49,0.0242164,7,6,14,0.0165402,7,6,21,0.0242164,7,6,28,0.0242165,7,6,29,0.0242164,7,6,30,0.0242164,7,6,31,0.0242164,7,6,32,0.0242165,7,6,35,0.0165402,7,6,36,0.0242165,7,6,37,0.0242164,7,6,42,0.0242164,7,6,43,0.0242164,7,6,44,0.0242164,7,6,45,0.0165402,7,6,46,0.0165402,7,6,47,0.0242164,
g8f6
BLACK
14,12,14,14,14,14,14,14,14,14,14,14,14,14,5,14,1,14,14,14,14,14,10,14,14,14,0,8,2,14,14,14,0,14,14,14,14,0,14,0,8,14,14,14,14,9,14,8,14,11,14,14,14,14,14,14,14,14,14,2,13,14,14,9,0,0,0,0,-1,
1,6,0,0.0499112,1,6,7,0.0499112,1,6,49,0.0499112,2,0,57,0.0577264,2,0,62,0.0577265,2,0,63,0.0577265,3,2,0,0.0577265,3,4,21,0.0577265,3,4,35,0.0577265,3,4,36,0.0577264,3,4,37,0.0577265,3,4,49,0.0577264,3,4,50,0.0577265,3,4,51,0.0577265,7,3,21,0.0577264,7,3,22,0.0499112,7,3,35,0.0499112,7,3,36,0.0577264,
g2f3
WHITE
1,14,14,5,10,14,14,14,14,14,14,14,14,14,3,14,0,14,1,14,14,14,14,0,8,14,8,14,14,14,14,8,14,14,14,10,0,8,14,14,14,2,13,14,14,14,14,9,14,14,14,14,14,14,14,14,14,14,14,14,14,14,4,14,0,0,0,0,-1,
0,0,56,0.0223323,0,0,57,0.0146523,0,3,7,0.0223323,0,3,14,0.0223323,0,3,42,0.0223324,0,3,49,0.0223323,1,6,0,0.0146523,1,6,1,0.0146523,1,6,2,0.0146523,1,6,3,0.0223323,1,6,4,0.0223323,1,6,14,0.0223323,1,6,28,0.0146523,1,6,42,0.0146523,1,6,43,0.0146523,1,6,44,0.0146523,1,6,45,0.0146523,1,6,46,0.0223323,1,6,47,0.0223323,2,2,56,0.0223323,2,2,57,0.0146523,2,2,58,0.0223324,2,2,59,0.0223323,2,2,60,0.0223324,2,2,61,0.0223323,2,2,63,0.0223323,4,4,0,0.0146523,5,1,7,0.0146523,5,1,8,0.0146523,5,1,21,0.0146523,5,1,22,0.0223323,5,1,23,0.0223323,5,1,24,0.0146523,5,1,25,0.0146523,5,1,35,0.0223323,5,1,49,0.0223323,7,6,14,0.0146523,7,6,21,0.0223323,7,6,28,0.0146523,7,6,29,0.0223323,7,6,30,0.0223323,7,6,31,0.0223323,7,6,32,0.0223324,7,6,35,0.0146523,7,6,36,0.0223324,7,6,37,0.0223323,7,6,42,0.0223323,7,6,43,0.0223324,7,6,44,0.0223323,7,6,45,0.0146523,7,6,46,0.0146523,7,6,47,0.0223323,
b1g1
BLACK
14,14,14,14,14,14,12,14,14,14,14,14,14,14,14,14,1,14,14,14,14,5,10,14,14,14,0,8,2,14,14,14,0,14,14,14,14,0,14,0,8,14,14,14,14,9,14,8,14,11,14,14,14,14,14,14,14,14,14,2,13,14,14,9,0,0,0,0,-1,
2,0,57,0.064437,2,0,62,0.064437,2,0,63,0.064437,2,5,35,0.0726098,3,2,0,0.064437,3,4,35,0.064437,3,4,36,0.064437,3,4,37,0.064437,3,4,49,0.064437,3,4,50,0.0815364,3,4,51,0.064437,7,3,21,0.064437,7,3,22,0.0726098,7,3,35,0.064437,7,3,36,0.064437,
d8c7
WHITE
1,14,14,5,14,14,14,14,14,14,14,14,14,10,3,14,0,14,1,14,14,14,14,0,8,14,8,14,14,14,14,8,14,14,14,10,0,8,14,14,14,2,13,14,14,14,14,9,14,14,14,14,14,14,14,14,14,4,14,14,14,14,14,14,0,0,0,0,-1,
0,0,56,0.0174055,0,0,57,0.0122895,0,3,0,0.0174055,0,3,7,0.0174055,0,3,42,0.0122894,0,3,49,0.0174055,1,6,0,0.0122895,1,6,1,0.0122895,1,6,2,0.0122895,1,6,3,0.0174055,1,6,4,0.0174055,1,6,5,0.0174055,1,6,14,0.0174055,1,6,28,0.0122894,1,6,42,0.0122895,2,2,56,0.0174055,2,2,57,0.0122895,2,2,58,0.0174055,2,2,59,0.0174055,2,2,60,0.0122895,2,2,61,0.0174055,2,2,63,0.0122894,4,4,0,0.0122895,5,1,7,0.0122895,5,1,8,0.0122895,5,1,21,0.0122895,5,1,22,0.0174055,5,1,23,0.0174055,5,1,24,0.0122895,5,1,35,0.0174055,5,1,49,0.0174055,7,1,14,0.0174055,7,1,15,0.0122895,7,1,16,0.0174055,7,1,17,0.0174055,7,1,18,0.0122895,7,1,19,0.0122895,7,1,21,0.383579,7,1,22,0.0174055,7,1,28,0.0122895,7,1,35,0.0174055,7,1,42,0.0174055,
g1f2
BLACK
-1 WINNER!
